2.36739e+06	1.71446e-07
2.36749e+06	2.81819e-07
2.36759e+06	4.58641e-07
2.36769e+06	7.38981e-07
2.36779e+06	1.17883e-06
2.36789e+06	1.86178e-06
2.36799e+06	2.91114e-06
2.36809e+06	4.50666e-06
2.36819e+06	6.90726e-06
2.36829e+06	1.04813e-05
2.36839e+06	1.57464e-05
2.36849e+06	2.3421e-05
2.36859e+06	3.44896e-05
2.36869e+06	5.02839e-05
2.36879e+06	7.25819e-05
2.36889e+06	0.000103725
2.36899e+06	0.000146757
2.36909e+06	0.000205576
2.36919e+06	0.000285104
2.36929e+06	0.000391465
2.36939e+06	0.000532156
2.36949e+06	0.000716216
2.36959e+06	0.000954349
2.36969e+06	0.00125901
2.36979e+06	0.0016444
2.36989e+06	0.0021264
2.36999e+06	0.00272232
2.37009e+06	0.00345058
2.37019e+06	0.00433016
2.37029e+06	0.00537988
2.37039e+06	0.00661759
2.37049e+06	0.00805907
2.37059e+06	0.00971691
2.37069e+06	0.0115992
2.37079e+06	0.0137085
2.37089e+06	0.01604
2.37099e+06	0.0185815
2.37109e+06	0.0213115
2.37119e+06	0.0241994
2.37129e+06	0.0272054
2.37139e+06	0.0302804
2.37149e+06	0.0333677
2.37159e+06	0.0364041
2.37169e+06	0.0393216
2.37179e+06	0.0420504
2.37189e+06	0.0445213
2.37199e+06	0.0466684
2.37209e+06	0.0484324
2.37219e+06	0.0497631
2.37229e+06	0.0506217
2.37239e+06	0.0509828
2.37249e+06	0.0508357
2.37259e+06	0.0501848
2.37269e+06	0.0490493
2.37279e+06	0.0474627
2.37289e+06	0.0454705
2.37299e+06	0.0431285
2.37309e+06	0.0405003
2.37319e+06	0.0376538
2.37329e+06	0.0346592
2.37339e+06	0.0315853
2.37349e+06	0.0284977
2.37359e+06	0.0254562
2.37369e+06	0.022513
2.37379e+06	0.0197121
2.37389e+06	0.017088
2.37399e+06	0.0146658
2.37409e+06	0.0124617
2.37419e+06	0.0104836
2.37429e+06	0.00873169
2.37439e+06	0.00720021
2.37449e+06	0.00587827
2.37459e+06	0.0047513
2.37469e+06	0.00380219
2.37479e+06	0.0030124
2.37489e+06	0.00236292
2.37499e+06	0.00183503
2.37509e+06	0.0014109
2.37519e+06	0.00107401
2.37529e+06	0.000809423
2.37539e+06	0.000603951
2.37549e+06	0.000446156
2.37559e+06	0.000326309
2.37569e+06	0.000236281
2.37579e+06	0.00016939
2.37589e+06	0.000120228
2.37599e+06	8.44848e-05
2.37609e+06	5.87774e-05
2.37619e+06	4.04856e-05
2.37629e+06	2.76089e-05
2.37639e+06	1.86404e-05
2.37649e+06	1.246e-05
2.37659e+06	8.24596e-06
2.37669e+06	5.40283e-06
2.37679e+06	3.50477e-06
2.37689e+06	2.25089e-06
2.37699e+06	1.43123e-06
2.37709e+06	9.00991e-07
2.37719e+06	5.61552e-07
2.37729e+06	3.46512e-07
2.37739e+06	2.11692e-07
