236525	5.4102e-09
236625	8.88507e-09
236725	1.44466e-08
236825	2.32556e-08
236925	3.70636e-08
237025	5.84823e-08
237125	9.13606e-08
237225	1.41303e-07
237325	2.16371e-07
237425	3.28024e-07
237525	4.92345e-07
237625	7.31628e-07
237725	1.07639e-06
237825	1.56785e-06
237925	2.26098e-06
238025	3.2281e-06
238125	4.56304e-06
238225	6.38586e-06
238325	8.84793e-06
238425	1.21373e-05
238525	1.64838e-05
238625	2.21642e-05
238725	2.95056e-05
238825	3.88878e-05
238925	5.07434e-05
239025	6.55546e-05
239125	8.38463e-05
239225	0.000106175
239325	0.000133112
239425	0.000165223
239525	0.00020304
239625	0.000247029
239725	0.000297559
239825	0.000354859
239925	0.000418981
240025	0.000489769
240125	0.000566821
240225	0.000649467
240325	0.00073676
240425	0.00082747
240525	0.000920102
240625	0.00101292
240725	0.00110402
240825	0.00119133
240925	0.00127275
241025	0.00134621
241125	0.00140975
241225	0.00146159
241325	0.00150026
241425	0.00152464
241525	0.001534
241625	0.00152805
241725	0.00150699
241825	0.00147143
241925	0.00142241
242025	0.00136134
242125	0.00128994
242225	0.00121012
242325	0.00112394
242425	0.00103351
242525	0.000940904
242625	0.000848072
242725	0.000756793
242825	0.00066862
242925	0.000584842
243025	0.000506472
243125	0.000434239
243225	0.000368605
243325	0.000309777
243425	0.000257748
243525	0.000212324
243625	0.000173165
243725	0.000139823
243825	0.000111777
243925	8.84678e-05
244025	6.93226e-05
244125	5.37802e-05
244225	4.13073e-05
244325	3.14115e-05
244425	2.36488e-05
244525	1.76273e-05
244625	1.30083e-05
244725	9.50421e-06
244825	6.87503e-06
244925	4.92384e-06
245025	3.49161e-06
245125	2.45184e-06
245225	1.70541e-06
245325	1.17584e-06
245425	8.05051e-07
245525	5.49695e-07
245625	3.78165e-07
245725	2.68174e-07
245825	2.04951e-07
245925	1.79999e-07
246025	1.90419e-07
246125	2.38802e-07
246225	3.33715e-07
246325	4.90854e-07
246425	7.34956e-07
246525	1.1026e-06
246625	1.6461e-06
246725	2.43862e-06
246825	3.58087e-06
246925	5.20946e-06
247025	7.50726e-06
247125	1.0716e-05
247225	1.51511e-05
247325	2.12186e-05
247425	2.9435e-05
247525	4.04476e-05
247625	5.50572e-05
247725	7.42407e-05
247825	9.91714e-05
247925	0.000131238
248025	0.000172059
248125	0.000223485
248225	0.000287598
248325	0.000366696
248425	0.000463255
248525	0.000579885
248625	0.000719257
248725	0.000884015
248825	0.00107667
248925	0.00129947
249025	0.00155425
249125	0.0018423
249225	0.00216421
249325	0.00251969
249425	0.00290748
249525	0.00332522
249625	0.00376937
249725	0.00423519
249825	0.00471678
249925	0.00520712
250025	0.00569826
250125	0.00618147
250225	0.00664754
250325	0.00708706
250425	0.00749073
250525	0.00784977
250625	0.00815621
250725	0.00840328
250825	0.00858564
250925	0.00869967
251025	0.0087436
251125	0.0087176
251225	0.00862376
251325	0.008466
251425	0.00824989
251525	0.00798234
251625	0.00767135
251725	0.00732557
251825	0.00695398
251925	0.00656546
252025	0.0061685
252125	0.00577082
252225	0.00537919
252325	0.00499922
252425	0.00463524
252525	0.00429036
252625	0.00396644
252725	0.00366422
252825	0.00338353
252925	0.0031234
253025	0.00288235
253125	0.00265854
253225	0.00245001
253325	0.0022548
253425	0.00207114
253525	0.00189752
253625	0.00173273
253725	0.00157592
253825	0.00142659
253925	0.0012845
254025	0.00114968
254125	0.0010223
254225	0.000902674
254325	0.000791109
254425	0.000687905
254525	0.000593285
254625	0.000507359
254725	0.00043011
254825	0.000361381
254925	0.000300882
255025	0.000248204
255125	0.000202838
255225	0.000164199
255325	0.000131655
255425	0.000104549
255525	8.22218e-05
255625	6.40355e-05
255725	4.93857e-05
255825	3.7715e-05
255925	2.85198e-05
256025	2.13544e-05
256125	1.58318e-05
256225	1.16216e-05
256325	8.44672e-06
256425	6.07846e-06
256525	4.33089e-06
256625	3.05517e-06
256725	2.13386e-06
256825	1.47559e-06
256925	1.01026e-06
257025	6.84807e-07
257125	4.59587e-07
257225	3.05373e-07
257325	2.00889e-07
257425	1.30841e-07
257525	8.43708e-08
257625	5.38644e-08
257725	3.40465e-08
257825	2.1306e-08
257925	1.32006e-08
258025	8.09734e-09
258125	4.91758e-09
