7624.42	4.99826e-09
7724.42	8.54439e-09
7824.42	1.44688e-08
7924.42	2.427e-08
8024.42	4.03261e-08
8124.42	6.63704e-08
8224.42	1.08201e-07
8324.42	1.74722e-07
8424.42	2.79459e-07
8524.42	4.42729e-07
8624.42	6.94706e-07
8724.42	1.0797e-06
8824.42	1.66201e-06
8924.42	2.5339e-06
9024.42	3.82619e-06
9124.42	5.72212e-06
9224.42	8.47532e-06
9324.42	1.24325e-05
9424.42	1.80617e-05
9524.42	2.59867e-05
9624.42	3.7028e-05
9724.42	5.22507e-05
9824.42	7.30183e-05
9924.42	0.000101052
10024.4	0.000138492
10124.4	0.000187962
10224.4	0.000252624
10324.4	0.000336228
10424.4	0.000443144
10524.4	0.000578368
10624.4	0.000747492
10724.4	0.00095664
10824.4	0.00121235
10924.4	0.00152139
11024.4	0.00189053
11124.4	0.00232623
11224.4	0.0028343
11324.4	0.00341948
11424.4	0.004085
11524.4	0.00483216
11624.4	0.00565982
11724.4	0.0065641
11824.4	0.007538
11924.4	0.00857123
12024.4	0.00965016
12124.4	0.0107579
12224.4	0.0118747
12324.4	0.0129782
12424.4	0.0140444
12524.4	0.0150483
12624.4	0.0159648
12724.4	0.01677
12824.4	0.0174419
12924.4	0.0179615
13024.4	0.0183138
13124.4	0.0184885
13224.4	0.0184804
13324.4	0.0182896
13424.4	0.0179218
13524.4	0.0173876
13624.4	0.0167024
13724.4	0.0158855
13824.4	0.0149589
13924.4	0.013947
14024.4	0.0128747
14124.4	0.0117671
14224.4	0.0106484
14324.4	0.00954047
14424.4	0.00846317
14524.4	0.00743311
14624.4	0.00646373
14724.4	0.00556506
14824.4	0.00474384
14924.4	0.00400371
15024.4	0.00334556
15124.4	0.00276788
15224.4	0.00226724
15324.4	0.00183874
15424.4	0.00147644
15524.4	0.00117376
15624.4	0.000923881
15724.4	0.000719984
15824.4	0.000555522
15924.4	0.000424375
16024.4	0.000320973
16124.4	0.000240357
16224.4	0.000178204
16324.4	0.000130812
16424.4	9.50706e-05
16524.4	6.84094e-05
16624.4	4.87366e-05
16724.4	3.43768e-05
16824.4	2.40074e-05
16924.4	1.65995e-05
17024.4	1.13636e-05
17124.4	7.70203e-06
17224.4	5.16851e-06
17324.4	3.43397e-06
17424.4	2.2589e-06
17524.4	1.47119e-06
17624.4	9.48664e-07
17724.4	6.05656e-07
17824.4	3.82834e-07
17924.4	2.39589e-07
18024.4	1.48455e-07
18124.4	9.10737e-08
18224.4	5.53177e-08
18324.4	3.32665e-08
18424.4	1.98072e-08
18524.4	1.16765e-08
