290776	6.51246e-07
290876	1.06838e-06
290976	1.73524e-06
291076	2.79033e-06
291176	4.4423e-06
291276	7.00193e-06
291376	1.09267e-05
291476	1.68816e-05
291576	2.58227e-05
291676	3.91064e-05
291776	5.86346e-05
291876	8.70403e-05
291976	0.000127923
292076	0.000186139
292176	0.000268157
292276	0.000382478
292376	0.000540117
292476	0.000755157
292576	0.00104534
292676	0.00143267
292776	0.00194407
292876	0.00261189
292976	0.0034744
293076	0.00457608
293176	0.00596761
293276	0.00770564
293376	0.00985206
293476	0.0124729
293576	0.0156365
293676	0.0194115
293776	0.0238642
293876	0.0290551
293976	0.0350358
294076	0.0418453
294176	0.0495067
294276	0.058024
294376	0.0673795
294476	0.0775332
294576	0.0884216
294676	0.0999596
294776	0.112043
294876	0.124553
294976	0.137362
295076	0.150339
295176	0.163358
295276	0.176306
295376	0.189087
295476	0.20163
295576	0.213891
295676	0.225856
295776	0.237536
295876	0.248966
295976	0.260195
296076	0.271279
296176	0.282267
296276	0.293194
296376	0.304064
296476	0.314842
296576	0.325448
296676	0.335752
296776	0.345571
296876	0.354678
296976	0.362807
297076	0.369667
297176	0.374955
297276	0.378378
297376	0.379667
297476	0.378598
297576	0.375004
297676	0.368793
297776	0.359951
297876	0.34855
297976	0.334743
298076	0.318763
298176	0.300906
298276	0.281524
298376	0.261005
298476	0.239754
298576	0.21818
298676	0.196676
298776	0.175606
298876	0.15529
298976	0.136
299076	0.117952
299176	0.101303
299276	0.0861535
299376	0.0725515
299476	0.0604966
299576	0.049948
299676	0.0408319
299776	0.0330499
299876	0.0264864
299976	0.0210162
300076	0.0165106
300176	0.0128422
300276	0.00988984
300376	0.00754059
300476	0.0056923
300576	0.00425435
300676	0.00314806
300776	0.00230629
300876	0.00167281
300976	0.00120127
301076	0.000854068
301176	0.000601181
301276	0.000418964
301376	0.000289072
301476	0.000197467
301576	0.000133549
301676	8.94225e-05
301776	5.92802e-05
301876	3.89072e-05
301976	2.52818e-05
302076	1.62646e-05
302176	1.03594e-05
302276	6.5326e-06
302376	4.07844e-06
302476	2.52092e-06
302576	1.5427e-06
302676	9.34674e-07
302776	5.60656e-07
302876	3.32959e-07
302976	1.95768e-07
303076	1.13959e-07
303176	6.56772e-08
303276	3.74746e-08
303376	2.11698e-08
303476	1.184e-08
303576	6.5561e-09
303676	3.59415e-09
303776	1.95076e-09
303876	1.04826e-09
303976	5.57686e-10
304076	2.93744e-10
304176	1.53181e-10
304276	7.90856e-11
304376	4.04248e-11
304476	2.04576e-11
304576	1.02499e-11
304676	5.0844e-12
304776	2.497e-12
304876	1.2141e-12
304976	5.84448e-13
305076	2.78545e-13
305176	1.31432e-13
305276	6.13996e-14
305376	2.83979e-14
305476	1.30036e-14
305576	5.89519e-15
305676	2.646e-15
305776	1.17581e-15
305876	5.17302e-16
305976	2.25324e-16
306076	9.71689e-17
306176	4.14863e-17
306276	1.75363e-17
306376	7.33888e-18
306476	3.04073e-18
306576	1.24733e-18
306676	5.06577e-19
306776	2.03688e-19
306876	8.10851e-20
306976	3.19576e-20
307076	1.247e-20
307176	4.8174e-21
307276	1.84254e-21
307376	6.97716e-22
307476	2.61576e-22
307576	9.70897e-23
307676	3.56785e-23
307776	1.29806e-23
307876	4.67566e-24
307976	1.66743e-24
308076	5.88719e-25
308176	2.05791e-25
308276	7.12199e-26
308376	2.44025e-26
308476	8.27795e-27
308576	2.78016e-27
308676	9.24427e-28
308776	3.04322e-28
308876	9.91861e-29
308976	3.20055e-29
309076	1.02248e-29
309176	3.23404e-30
309276	1.01272e-30
309376	3.13974e-31
309476	9.63727e-32
309576	2.92867e-32
309676	8.8114e-33
309776	2.62468e-33
309876	7.74041e-34
309976	2.26e-34
310076	6.53298e-35
310176	1.86969e-35
310276	5.29769e-36
310376	1.48614e-36
310476	4.12753e-37
310576	1.13495e-37
310676	3.08974e-38
310776	8.32767e-39
310876	2.2222e-39
310976	5.87081e-40
311076	1.53557e-40
311176	3.9765e-41
311276	1.0195e-41
311376	2.5878e-42
311476	6.50328e-43
311576	1.61804e-43
311676	3.98571e-44
311776	9.72025e-45
311876	2.34696e-45
311976	5.61039e-46
312076	1.32781e-46
312176	3.11126e-47
312276	7.21761e-48
312376	1.65771e-48
312476	3.76946e-49
312576	8.4861e-50
312676	1.89145e-50
312776	4.17385e-51
312876	9.11877e-52
312976	1.97239e-52
313076	4.22383e-53
313176	8.95525e-54
313276	1.87977e-54
313376	3.90652e-55
313476	8.03772e-56
313576	1.63733e-56
313676	3.30272e-57
313776	6.62662e-58
313876	1.47505e-58
313976	1.13005e-58
314076	4.46457e-58
314176	2.20671e-57
314276	1.09103e-56
314376	5.3427e-56
314476	2.59028e-55
314576	1.24334e-54
314676	5.90871e-54
314776	2.78005e-53
314876	1.295e-52
314976	5.97232e-52
315076	2.72694e-51
315176	1.23272e-50
315276	5.51711e-50
315376	2.44465e-49
315476	1.07246e-48
315576	4.65801e-48
315676	2.00299e-47
315776	8.52737e-47
315876	3.59426e-46
315976	1.4999e-45
316076	6.19688e-45
316176	2.53479e-44
316276	1.02652e-43
316376	4.11581e-43
316476	1.6338e-42
316576	6.42098e-42
316676	2.49841e-41
316776	9.62461e-41
316876	3.67081e-40
316976	1.38612e-39
317076	5.182e-39
317176	1.91802e-38
317276	7.02862e-38
317376	2.55003e-37
317476	9.1597e-37
317576	3.25744e-36
317676	1.14692e-35
317776	3.99805e-35
317876	1.37983e-34
317976	4.71479e-34
318076	1.595e-33
318176	5.34222e-33
318276	1.77151e-32
318376	5.81604e-32
318476	1.89049e-31
318576	6.08391e-31
318676	1.93845e-30
318776	6.11492e-30
318876	1.90981e-29
318976	5.90548e-29
319076	1.80794e-28
319176	5.47998e-28
319276	1.64452e-27
319376	4.88616e-27
319476	1.43735e-26
319576	4.18625e-26
319676	1.20714e-25
319776	3.44635e-25
319876	9.74161e-25
319976	2.7263e-24
320076	7.55422e-24
320176	2.07242e-23
320276	5.62914e-23
320376	1.51384e-22
320476	4.03085e-22
320576	1.06265e-21
320676	2.77373e-21
320776	7.16836e-21
320876	1.83424e-20
320976	4.64707e-20
321076	1.1657e-19
321176	2.89524e-19
321276	7.11985e-19
321376	1.73361e-18
321476	4.1795e-18
321576	9.9769e-18
321676	2.35813e-17
321776	5.51875e-17
321876	1.27885e-16
321976	2.93433e-16
322076	6.66669e-16
322176	1.49978e-15
322276	3.34089e-15
322376	7.36922e-15
322476	1.60957e-14
322576	3.48119e-14
322676	7.45563e-14
322776	1.58118e-13
322876	3.32068e-13
322976	6.90596e-13
323076	1.42226e-12
323176	2.90068e-12
323276	5.85857e-12
323376	1.17182e-11
323476	2.32121e-11
323576	4.55366e-11
323676	8.84721e-11
323776	1.7024e-10
323876	3.24438e-10
323976	6.12389e-10
324076	1.14488e-09
324176	2.11999e-09
324276	3.88832e-09
324376	7.06408e-09
324476	1.27123e-08
324576	2.26609e-08
324676	4.00153e-08
324776	6.99977e-08
324876	1.213e-07
324976	2.08243e-07
325076	3.54178e-07
325176	5.96801e-07
325276	9.96333e-07
325376	1.64801e-06
325476	2.70089e-06
325576	4.38589e-06
325676	7.05708e-06
325776	1.12518e-05
325876	1.77769e-05
325976	2.78317e-05
326076	4.31805e-05
326176	6.63905e-05
326276	0.000101159
326376	0.000152756
326476	0.000228606
326576	0.000339066
326676	0.000498419
326776	0.000726147
326876	0.00104853
326976	0.0015006
327076	0.00212853
327176	0.00299248
327276	0.00416982
327376	0.00575888
327476	0.00788304
327576	0.010695
327676	0.0143813
327776	0.0191664
327876	0.0253165
327976	0.0331421
328076	0.0429996
328176	0.0552902
328276	0.0704567
328376	0.0889773
328476	0.111355
328576	0.138102
328676	0.169724
328776	0.206693
328876	0.249423
328976	0.298239
329076	0.353344
329176	0.414785
329276	0.482425
329376	0.55591
329476	0.634651
329576	0.717811
329676	0.804298
329776	0.89278
329876	0.981704
329976	1.06933
330076	1.15381
330176	1.23318
330276	1.30553
330376	1.36899
330476	1.42187
330576	1.46269
330676	1.4903
330776	1.50387
330876	1.50299
330976	1.48765
331076	1.45828
331176	1.41568
331276	1.36103
331376	1.29581
331476	1.22174
331576	1.14071
331676	1.0547
331776	0.965665
331876	0.875527
331976	0.786053
332076	0.698829
332176	0.615215
332276	0.536315
332376	0.462975
332476	0.395781
332576	0.335076
332676	0.28098
332776	0.233429
332876	0.192202
332976	0.156963
333076	0.127299
333176	0.102752
333276	0.0828483
333376	0.0671333
333476	0.0551868
333576	0.0466432
333676	0.0412035
333776	0.0386428
333876	0.0388132
333976	0.0416429
334076	0.0471311
334176	0.0553397
334276	0.0663812
334376	0.080404
334476	0.0975747
334576	0.118058
334676	0.141996
334776	0.169483
334876	0.200545
334976	0.235118
335076	0.273027
335176	0.31397
335276	0.357511
335376	0.403072
335476	0.449937
335576	0.497267
335676	0.544116
335776	0.589459
335876	0.63223
335976	0.671359
336076	0.705819
336176	0.734665
336276	0.757083
336376	0.772425
336476	0.780239
336576	0.780294
336676	0.77259
336776	0.757359
336876	0.735052
336976	0.706319
337076	0.671975
337176	0.632966
337276	0.590324
337376	0.545121
337476	0.498429
337576	0.451276
337676	0.404612
337776	0.35928
337876	0.315997
337976	0.27534
338076	0.237741
338176	0.20349
338276	0.172746
338376	0.145544
338476	0.121819
338576	0.10142
338676	0.0841317
338776	0.0696904
338876	0.0578045
338976	0.0481681
339076	0.0404744
339176	0.0344261
339276	0.0297433
339376	0.0261692
339476	0.0234735
339576	0.0214543
339676	0.0199384
339776	0.0187807
339876	0.0178625
339976	0.0170897
340076	0.01639
340176	0.0157105
340276	0.0150154
340376	0.0142826
340476	0.0135017
340576	0.0126714
340676	0.0117971
340776	0.0108894
340876	0.00996153
340976	0.00902862
341076	0.00810583
341176	0.00720759
341276	0.00634678
341376	0.00553419
341476	0.00477827
341576	0.00408496
341676	0.00345776
341776	0.00289793
341876	0.00240474
341976	0.00197582
342076	0.00160749
342176	0.00129514
342276	0.0010336
342376	0.000817387
342476	0.000641025
342576	0.000499242
342676	0.000387143
342776	0.000300334
342876	0.000235003
342976	0.000187972
343076	0.000156717
343176	0.000139366
343276	0.000134687
343376	0.000142056
343476	0.000161427
343576	0.00019328
343676	0.000238577
343776	0.0002987
343876	0.000375373
343976	0.000470584
344076	0.000586477
344176	0.000725237
344276	0.000888954
344376	0.00107946
344476	0.0012982
344576	0.00154599
344676	0.00182294
344776	0.00212822
344876	0.00245996
344976	0.00281517
345076	0.00318963
345176	0.00357796
345276	0.00397364
345376	0.00436917
345476	0.00475627
345576	0.00512615
345676	0.00546983
345776	0.00577847
345876	0.00604379
345976	0.00625839
346076	0.00641613
346176	0.00651239
346276	0.00654433
346376	0.00651099
346476	0.00641336
346576	0.00625434
346676	0.00603857
346776	0.00577223
346876	0.00546274
346976	0.00511841
347076	0.00474806
347176	0.00436068
347276	0.00396505
347376	0.00356945
347476	0.00318134
347576	0.00280722
347676	0.00245245
347776	0.00212119
347876	0.00181643
347976	0.00153997
348076	0.0012926
348176	0.00107417
348276	0.000883768
348376	0.000719882
348476	0.000580552
348576	0.00046353
348676	0.000366414
348776	0.000286763
348876	0.000222193
348976	0.000170449
349076	0.000129455
349176	9.73413e-05
349276	7.24658e-05
349376	5.34105e-05
349476	3.89742e-05
349576	2.81569e-05
349676	2.01395e-05
349776	1.42617e-05
349876	9.99882e-06
349976	6.9404e-06
350076	4.76955e-06
350176	3.24509e-06
350276	2.18592e-06
350376	1.4578e-06
350476	9.62539e-07
350576	6.29211e-07
350676	4.07222e-07
350776	2.6093e-07
350876	1.65528e-07
350976	1.03963e-07
351076	6.4646e-08
351176	3.97981e-08
