0	0.000191285
100	0.000260012
200	0.000349914
300	0.000466217
400	0.000614995
500	0.000803178
600	0.00103851
700	0.00132943
800	0.00168491
900	0.0021142
1000	0.00262647
1100	0.00323039
1200	0.00393365
1300	0.00474235
1400	0.00566041
1500	0.00668898
1600	0.00782581
1700	0.00906475
1800	0.0103953
1900	0.0118027
2000	0.0132671
2100	0.014765
2200	0.0162684
2300	0.0177465
2400	0.0191664
2500	0.0204938
2600	0.0216952
2700	0.0227385
2800	0.0235948
2900	0.0242398
3000	0.0246546
3100	0.024827
3200	0.0247518
3300	0.0244314
3400	0.0238751
3500	0.0230994
3600	0.0221265
3700	0.0209837
3800	0.0197019
3900	0.0183144
4000	0.0168552
4100	0.0153579
4200	0.0138543
4300	0.0123736
4400	0.0109413
4500	0.00957841
4600	0.00830189
4700	0.0071239
4800	0.00605223
4900	0.00509062
5000	0.00423919
5100	0.00349504
5200	0.00285285
5300	0.00230549
5400	0.00184461
5500	0.00146117
5600	0.00114593
5700	0.000889752
5800	0.000683972
5900	0.000520553
6000	0.000392237
6100	0.00029261
6200	0.000216116
6300	0.000158031
6400	0.000114408
6500	8.20021e-05
6600	5.81905e-05
6700	4.08823e-05
6800	2.84365e-05
6900	1.95828e-05
7000	1.33515e-05
7100	9.01245e-06
7200	6.02299e-06
7300	3.9851e-06
7400	2.6105e-06
7500	1.69303e-06
7600	1.08708e-06
7700	6.91064e-07
7800	4.34942e-07
7900	2.7102e-07
8000	1.67197e-07
8100	1.0212e-07
