63765.1	4.00037e-09
63865.1	6.58186e-09
63965.1	1.07216e-08
64065.1	1.72914e-08
64165.1	2.76098e-08
64265.1	4.36476e-08
64365.1	6.83155e-08
64465.1	1.05863e-07
64565.1	1.62417e-07
64665.1	2.46709e-07
64765.1	3.71028e-07
64865.1	5.52458e-07
64965.1	8.14447e-07
65065.1	1.18878e-06
65165.1	1.71797e-06
65265.1	2.45819e-06
65365.1	3.48257e-06
65465.1	4.88515e-06
65565.1	6.7851e-06
65665.1	9.33134e-06
65765.1	1.27073e-05
65865.1	1.71354e-05
65965.1	2.28816e-05
66065.1	3.02586e-05
66165.1	3.96283e-05
66265.1	5.14026e-05
66365.1	6.60426e-05
66465.1	8.40554e-05
66565.1	0.000105989
66665.1	0.000132426
66765.1	0.000163976
66865.1	0.000201265
66965.1	0.000244933
67065.1	0.000295628
67165.1	0.000354008
67265.1	0.000420752
67365.1	0.000496579
67465.1	0.000582281
67565.1	0.000678768
67665.1	0.000787129
67765.1	0.000908702
67865.1	0.00104516
67965.1	0.00119859
68065.1	0.00137158
68165.1	0.0015673
68265.1	0.00178953
68365.1	0.00204269
68465.1	0.0023318
68565.1	0.00266237
68665.1	0.00304028
68765.1	0.00347149
68865.1	0.00396175
68965.1	0.00451625
69065.1	0.00513914
69165.1	0.00583309
69265.1	0.00659878
69365.1	0.00743451
69465.1	0.00833571
69565.1	0.00929474
69665.1	0.0103006
69765.1	0.0113392
69865.1	0.012393
69965.1	0.0134421
70065.1	0.0144641
70165.1	0.0154355
70265.1	0.016332
70365.1	0.0171298
70465.1	0.0178067
70565.1	0.018343
70665.1	0.0187221
70765.1	0.018932
70865.1	0.0189653
70965.1	0.0188198
71065.1	0.0184987
71165.1	0.0180103
71265.1	0.0173676
71365.1	0.0165876
71465.1	0.0156909
71565.1	0.0147003
71665.1	0.0136399
71765.1	0.0125344
71865.1	0.0114077
71965.1	0.0102825
72065.1	0.0091792
72165.1	0.0081155
72265.1	0.00710614
72365.1	0.00616257
72465.1	0.00529301
72565.1	0.00450256
72665.1	0.00379345
72765.1	0.00316543
72865.1	0.00261612
72965.1	0.00214148
73065.1	0.00173622
73165.1	0.00139424
73265.1	0.00110895
73365.1	0.000873648
73465.1	0.000681733
73565.1	0.000526928
73665.1	0.000403414
73765.1	0.000305928
73865.1	0.000229806
73965.1	0.000170994
74065.1	0.000126033
74165.1	9.20182e-05
74265.1	6.65514e-05
74365.1	4.76802e-05
74465.1	3.38394e-05
74565.1	2.3791e-05
74665.1	1.65697e-05
74765.1	1.14323e-05
74865.1	7.81398e-06
74965.1	5.29097e-06
75065.1	3.54917e-06
75165.1	2.35858e-06
75265.1	1.55279e-06
75365.1	1.01277e-06
75465.1	6.54415e-07
75565.1	4.1893e-07
75665.1	2.65691e-07
75765.1	1.66942e-07
75865.1	1.03921e-07
75965.1	6.40915e-08
76065.1	3.91609e-08
76165.1	2.37063e-08
76265.1	1.42179e-08
76365.1	8.44821e-09
76465.1	4.97343e-09
76565.1	2.90074e-09
