2.09066e+06	8.35415e-08
2.09076e+06	1.37201e-07
2.09086e+06	2.23084e-07
2.09096e+06	3.59118e-07
2.09106e+06	5.72353e-07
2.09116e+06	9.03124e-07
2.09126e+06	1.41088e-06
2.09136e+06	2.18216e-06
2.09146e+06	3.34151e-06
2.09156e+06	5.06589e-06
2.09166e+06	7.60372e-06
2.09176e+06	1.12994e-05
2.09186e+06	1.66241e-05
2.09196e+06	2.42148e-05
2.09206e+06	3.49205e-05
2.09216e+06	4.98583e-05
2.09226e+06	7.04777e-05
2.09236e+06	9.86333e-05
2.09246e+06	0.000136664
2.09256e+06	0.000187473
2.09266e+06	0.000254614
2.09276e+06	0.00034236
2.09286e+06	0.000455766
2.09296e+06	0.0006007
2.09306e+06	0.000783845
2.09316e+06	0.00101265
2.09326e+06	0.00129523
2.09336e+06	0.00164019
2.09346e+06	0.00205634
2.09356e+06	0.00255244
2.09366e+06	0.00313669
2.09376e+06	0.00381633
2.09386e+06	0.00459703
2.09396e+06	0.00548235
2.09406e+06	0.00647311
2.09416e+06	0.00756687
2.09426e+06	0.00875744
2.09436e+06	0.0100345
2.09446e+06	0.0113834
2.09456e+06	0.0127851
2.09466e+06	0.0142165
2.09476e+06	0.015651
2.09486e+06	0.0170587
2.09496e+06	0.0184081
2.09506e+06	0.0196665
2.09516e+06	0.020802
2.09526e+06	0.0217841
2.09536e+06	0.0225855
2.09546e+06	0.0231835
2.09556e+06	0.0235605
2.09566e+06	0.0237055
2.09576e+06	0.023614
2.09586e+06	0.0232888
2.09596e+06	0.0227396
2.09606e+06	0.0219824
2.09616e+06	0.021039
2.09626e+06	0.0199358
2.09636e+06	0.0187024
2.09646e+06	0.0173708
2.09656e+06	0.0159735
2.09666e+06	0.0145424
2.09676e+06	0.0131078
2.09686e+06	0.0116972
2.09696e+06	0.0103345
2.09706e+06	0.00903972
2.09716e+06	0.0078285
2.09726e+06	0.00671211
2.09736e+06	0.00569766
2.09746e+06	0.00478842
2.09756e+06	0.00398423
2.09766e+06	0.00328212
2.09776e+06	0.00267684
2.09786e+06	0.00216145
2.09796e+06	0.00172794
2.09806e+06	0.00136763
2.09816e+06	0.00107168
2.09826e+06	0.000831414
2.09836e+06	0.000638599
2.09846e+06	0.00048562
2.09856e+06	0.000365614
2.09866e+06	0.000272525
2.09876e+06	0.000201116
2.09886e+06	0.000146941
2.09896e+06	0.000106292
2.09906e+06	7.61221e-05
2.09916e+06	5.39735e-05
2.09926e+06	3.78885e-05
2.09936e+06	2.63325e-05
2.09946e+06	1.8119e-05
2.09956e+06	1.23433e-05
2.09966e+06	8.32508e-06
2.09976e+06	5.55907e-06
2.09986e+06	3.67513e-06
2.09996e+06	2.40548e-06
2.10006e+06	1.55879e-06
2.10016e+06	1.00007e-06
2.10026e+06	6.35228e-07
2.10036e+06	3.99473e-07
2.10046e+06	2.48715e-07
2.10056e+06	1.53311e-07
2.10066e+06	9.35628e-08
