570652	4.36181e-08
570752	7.18346e-08
570852	1.17127e-07
570952	1.89078e-07
571052	3.0219e-07
571152	4.78164e-07
571252	7.49086e-07
571352	1.16183e-06
571452	1.78407e-06
571552	2.7123e-06
571652	4.08246e-06
571752	6.08364e-06
571852	8.97556e-06
571952	1.31104e-05
572052	1.89597e-05
572152	2.71457e-05
572252	3.84795e-05
572352	5.40025e-05
572452	7.50338e-05
572552	0.000103218
572652	0.000140577
572752	0.000189552
572852	0.000253047
572952	0.000334449
573052	0.000437639
573152	0.00056697
573252	0.000727213
573352	0.000923465
573452	0.00116101
573552	0.00144514
573652	0.0017809
573752	0.00217284
573852	0.00262467
573952	0.00313889
574052	0.00371652
574152	0.00435666
574252	0.00505625
574352	0.0058098
574452	0.00660922
574552	0.00744384
574652	0.00830044
574752	0.00916352
574852	0.0100157
574952	0.0108382
575052	0.0116116
575152	0.0123163
575252	0.0129339
575352	0.0134473
575452	0.0138419
575552	0.0141064
575652	0.0142329
575752	0.0142177
575852	0.0140612
575952	0.013768
576052	0.0133468
576152	0.0128098
576252	0.012172
576352	0.0114509
576452	0.0106654
576552	0.00983489
576652	0.00897884
576752	0.00811574
576852	0.00726262
576952	0.00643451
577052	0.00564411
577152	0.00490155
577252	0.00421433
577352	0.00358742
577452	0.00302339
577552	0.00252271
577652	0.00208403
577752	0.00170456
577852	0.00138039
577952	0.00110688
578052	0.000878932
578152	0.000691296
578252	0.000538786
578352	0.000416471
578452	0.00031981
578552	0.000244758
578652	0.00018782
578752	0.000146099
578852	0.000117304
578952	9.97644e-05
579052	9.24214e-05
579152	9.48313e-05
579252	0.000107163
579352	0.000130201
579452	0.000165353
579552	0.000214653
579652	0.000280767
579752	0.000366986
579852	0.000477204
579952	0.000615872
580052	0.000787921
580152	0.000998645
580252	0.00125354
580352	0.0015581
580452	0.00191756
580552	0.00233655
580652	0.00281884
580752	0.00336689
580852	0.00398149
580952	0.00466147
581052	0.00540328
581152	0.00620084
581252	0.00704533
581352	0.00792519
581452	0.00882625
581552	0.00973195
581652	0.0106238
581752	0.0114821
581852	0.0122862
581952	0.0130159
582052	0.0136517
582152	0.0141761
582252	0.0145742
582352	0.0148344
582452	0.014949
582552	0.0149147
582652	0.0147324
582752	0.0144075
582852	0.0139497
582952	0.013372
583052	0.0126907
583152	0.0119243
583252	0.0110927
583352	0.0102165
583452	0.00931581
583552	0.00841005
583652	0.00751682
583752	0.00665162
583852	0.00582745
583952	0.00505461
584052	0.00434064
584152	0.00369044
584252	0.00310642
584352	0.0025888
584452	0.00213597
584552	0.00174482
584652	0.00141112
584752	0.00112988
584852	0.000895697
584952	0.000702986
585052	0.000546248
585152	0.000420233
585252	0.000320073
585352	0.00024136
585452	0.000180193
585552	0.00013319
585652	9.74674e-05
585752	7.06165e-05
585852	5.06536e-05
585952	3.59727e-05
586052	2.52925e-05
586152	1.76064e-05
586252	1.2134e-05
586352	8.27937e-06
586452	5.59303e-06
586552	3.74072e-06
586652	2.47697e-06
586752	1.62384e-06
586852	1.05396e-06
586952	6.77273e-07
587052	4.30883e-07
587152	2.71402e-07
587252	1.69249e-07
587352	1.04495e-07
587452	6.38735e-08
