123169	3.15658e-08
123269	5.23539e-08
123369	8.59805e-08
123469	1.3982e-07
123569	2.25145e-07
123669	3.58986e-07
123769	5.66782e-07
123869	8.86094e-07
123969	1.37174e-06
124069	2.10276e-06
124169	3.19182e-06
124269	4.79755e-06
124369	7.14058e-06
124469	1.0524e-05
124569	1.53592e-05
124669	2.2197e-05
124769	3.17659e-05
124869	4.50164e-05
124969	6.31723e-05
125069	8.77871e-05
125169	0.000120805
125269	0.000164625
125369	0.000222157
125469	0.000296883
125569	0.000392894
125669	0.00051491
125769	0.000668281
125869	0.000858939
125969	0.00109332
126069	0.0013782
126169	0.00172057
126269	0.00212729
126369	0.00260486
126469	0.003159
126569	0.00379431
126669	0.00451377
126769	0.00531839
126869	0.00620673
126969	0.0071746
127069	0.00821479
127169	0.00931688
127269	0.0104673
127369	0.0116492
127469	0.0128434
127569	0.014028
127669	0.0151796
127769	0.0162741
127869	0.0172872
127969	0.0181955
128069	0.0189774
128169	0.0196142
128269	0.0200905
128369	0.0203951
128469	0.0205213
128569	0.0204672
128669	0.0202358
128769	0.0198346
128869	0.0192754
128969	0.0185737
129069	0.0177477
129169	0.016818
129269	0.0158064
129369	0.0147352
129469	0.0136264
129569	0.012501
129669	0.0113784
129769	0.010276
129869	0.00920885
129969	0.00818941
130069	0.00722755
130169	0.00633055
130269	0.00550328
130369	0.00474836
130469	0.00406645
130569	0.00345653
130669	0.00291619
130769	0.00244195
130869	0.00202951
130969	0.00167402
131069	0.00137033
131169	0.00111317
131269	0.000897312
131369	0.000717687
131469	0.000569513
131569	0.000448346
131669	0.000350128
131769	0.000271208
131869	0.000208355
131969	0.00015874
132069	0.000119926
132169	8.98347e-05
132269	6.67173e-05
132369	4.912e-05
132469	3.58481e-05
132569	2.59315e-05
132669	1.85913e-05
132769	1.32092e-05
132869	9.30032e-06
132969	6.48852e-06
133069	4.48531e-06
133169	3.07192e-06
133269	2.08438e-06
133369	1.4011e-06
133469	9.32963e-07
133569	6.15382e-07
133669	4.0206e-07
133769	2.60187e-07
133869	1.66769e-07
133969	1.05867e-07
134069	6.65602e-08
134169	4.14439e-08
134269	2.55557e-08
134369	1.56059e-08
