23728.2	3.50314e-07
23828.2	5.85597e-07
23928.2	9.69196e-07
24028.2	1.58817e-06
24128.2	2.57663e-06
24228.2	4.13884e-06
24328.2	6.58229e-06
24428.2	1.03645e-05
24528.2	1.61581e-05
24628.2	2.49406e-05
24728.2	3.81149e-05
24828.2	5.76707e-05
24928.2	8.63951e-05
25028.2	0.000128143
25128.2	0.000188182
25228.2	0.00027361
25328.2	0.000393876
25428.2	0.000561387
25528.2	0.000792209
25628.2	0.00110686
25728.2	0.00153116
25828.2	0.00209712
25928.2	0.00284383
26028.2	0.0038182
26128.2	0.00507565
26228.2	0.00668039
26328.2	0.00870541
26428.2	0.0112319
26528.2	0.0143483
26628.2	0.0181478
26728.2	0.0227261
26828.2	0.0281779
26928.2	0.0345918
27028.2	0.0420454
27128.2	0.0505994
27228.2	0.0602914
27328.2	0.0711292
27428.2	0.0830854
27528.2	0.0960918
27628.2	0.110036
27728.2	0.124757
27828.2	0.140051
27928.2	0.155666
28028.2	0.171313
28128.2	0.186671
28228.2	0.201398
28328.2	0.215141
28428.2	0.227554
28528.2	0.238309
28628.2	0.24711
28728.2	0.25371
28828.2	0.257918
28928.2	0.259611
29028.2	0.258741
29128.2	0.255334
29228.2	0.249491
29328.2	0.241383
29428.2	0.23124
29528.2	0.219344
29628.2	0.206015
29728.2	0.191594
29828.2	0.176432
29928.2	0.160875
30028.2	0.14525
30128.2	0.129856
30228.2	0.114954
30328.2	0.100766
30428.2	0.0874632
30528.2	0.0751735
30628.2	0.0639783
30728.2	0.0539179
30828.2	0.0449953
30928.2	0.0371824
31028.2	0.0304262
31128.2	0.0246547
31228.2	0.0197832
31328.2	0.0157196
31428.2	0.012369
31528.2	0.00963794
31628.2	0.00743686
31728.2	0.0056827
31828.2	0.00430014
31928.2	0.00322239
32028.2	0.00239134
32128.2	0.00175744
32228.2	0.00127907
32328.2	0.000921911
32428.2	0.000658063
32528.2	0.000465194
32628.2	0.000325681
32728.2	0.000225811
32828.2	0.000155059
32928.2	0.000105451
33028.2	7.10253e-05
33128.2	4.73789e-05
33228.2	3.1302e-05
33328.2	2.04822e-05
33428.2	1.32741e-05
33528.2	8.52034e-06
33628.2	5.41677e-06
33728.2	3.41082e-06
33828.2	2.12723e-06
33928.2	1.31405e-06
34028.2	8.03994e-07
34128.2	4.87241e-07
34228.2	2.92474e-07
34328.2	1.73895e-07
