6227.74	2.5064e-07
6327.74	4.14589e-07
6427.74	6.78962e-07
6527.74	1.10086e-06
6627.74	1.76716e-06
6727.74	2.80854e-06
6827.74	4.41921e-06
6927.74	6.88441e-06
7027.74	1.06181e-05
7127.74	1.6214e-05
7227.74	2.45126e-05
7327.74	3.669e-05
7427.74	5.43708e-05
7527.74	7.97706e-05
7627.74	0.000115872
7727.74	0.000166638
7827.74	0.000237263
7927.74	0.000334459
8027.74	0.000466785
8127.74	0.000644985
8227.74	0.000882351
8327.74	0.00119507
8427.74	0.00160252
8527.74	0.00212752
8627.74	0.00279642
8727.74	0.00363908
8827.74	0.00468856
8927.74	0.00598063
9027.74	0.00755291
9127.74	0.00944367
9227.74	0.0116903
9327.74	0.0143276
9427.74	0.0173852
9527.74	0.0208854
9627.74	0.024841
9727.74	0.0292518
9827.74	0.0341033
9927.74	0.0393641
10027.7	0.0449846
10127.7	0.0508965
10227.7	0.0570126
10327.7	0.0632286
10427.7	0.0694251
10527.7	0.0754709
10627.7	0.0812274
10727.7	0.0865536
10827.7	0.0913121
10927.7	0.0953742
11027.7	0.0986266
11127.7	0.100976
11227.7	0.102353
11327.7	0.102717
11427.7	0.102058
11527.7	0.100395
11627.7	0.0977767
11727.7	0.0942801
11827.7	0.0900047
11927.7	0.0850688
12027.7	0.0796042
12127.7	0.0737501
12227.7	0.0676471
12327.7	0.0614323
12427.7	0.0552338
12527.7	0.049167
12627.7	0.0433314
12727.7	0.0378088
12827.7	0.0326621
12927.7	0.0279355
13027.7	0.0236553
13127.7	0.0198318
13227.7	0.016461
13327.7	0.0135274
13427.7	0.011006
13527.7	0.00886559
13627.7	0.00707044
13727.7	0.00558273
13827.7	0.00436424
13927.7	0.00337778
14027.7	0.00258831
14127.7	0.00196364
14227.7	0.00147492
14327.7	0.00109683
14427.7	0.000807549
14527.7	0.000588656
14627.7	0.00042483
14727.7	0.000303551
14827.7	0.000214738
14927.7	0.0001504
15027.7	0.000104292
15127.7	7.16002e-05
15227.7	4.86676e-05
15327.7	3.27513e-05
15427.7	2.18212e-05
15527.7	1.43943e-05
15627.7	9.40083e-06
15727.7	6.07861e-06
15827.7	3.89138e-06
15927.7	2.46642e-06
16027.7	1.54772e-06
16127.7	9.61569e-07
16227.7	5.91468e-07
16327.7	3.60202e-07
16427.7	2.17181e-07
