7158.48	5.2392e-09
7258.48	8.8835e-09
7358.48	1.49148e-08
7458.48	2.47947e-08
7558.48	4.08143e-08
7658.48	6.65232e-08
7758.48	1.0736e-07
7858.48	1.71559e-07
7958.48	2.71451e-07
8058.48	4.25278e-07
8158.48	6.59713e-07
8258.48	1.0133e-06
8358.48	1.54106e-06
8458.48	2.3206e-06
8558.48	3.46001e-06
8658.48	5.10798e-06
8758.48	7.4665e-06
8858.48	1.08063e-05
8958.48	1.54857e-05
9058.48	2.19723e-05
9158.48	3.08682e-05
9258.48	4.29375e-05
9358.48	5.91358e-05
9458.48	8.06403e-05
9558.48	0.000108878
9658.48	0.000145551
9758.48	0.000192652
9858.48	0.000252475
9958.48	0.000327601
10058.5	0.000420877
10158.5	0.000535361
10258.5	0.000674248
10358.5	0.000840763
10458.5	0.00103802
10558.5	0.00126888
10658.5	0.00153572
10758.5	0.00184026
10858.5	0.00218337
10958.5	0.00256478
11058.5	0.00298297
11158.5	0.00343498
11258.5	0.00391629
11358.5	0.00442078
11458.5	0.00494081
11558.5	0.00546726
11658.5	0.00598984
11758.5	0.00649731
11858.5	0.00697788
11958.5	0.00741969
12058.5	0.00781122
12158.5	0.00814185
12258.5	0.0084023
12358.5	0.00858506
12458.5	0.00868477
12558.5	0.00869847
12658.5	0.00862575
12758.5	0.00846875
12858.5	0.0082321
12958.5	0.00792264
13058.5	0.00754914
13158.5	0.00712184
13258.5	0.00665204
13358.5	0.00615155
13458.5	0.00563224
13558.5	0.00510557
13658.5	0.0045822
13758.5	0.00407164
13858.5	0.00358205
13958.5	0.00312003
14058.5	0.00269062
14158.5	0.00229727
14258.5	0.00194194
14358.5	0.00162527
14458.5	0.00134672
14558.5	0.00110483
14658.5	0.000897387
14758.5	0.000721652
14858.5	0.000574566
14958.5	0.000452914
15058.5	0.000353473
15158.5	0.000273124
15258.5	0.000208943
15358.5	0.000158256
15458.5	0.000118674
15558.5	8.81074e-05
15658.5	6.47641e-05
15758.5	4.71324e-05
15858.5	3.396e-05
15958.5	2.42258e-05
16058.5	1.71101e-05
16158.5	1.19644e-05
16258.5	8.28306e-06
16358.5	5.67746e-06
16458.5	3.85283e-06
16558.5	2.58862e-06
16658.5	1.72195e-06
16758.5	1.13405e-06
16858.5	7.39451e-07
16958.5	4.77362e-07
17058.5	3.05105e-07
17158.5	1.93069e-07
17258.5	1.20959e-07
17358.5	7.50288e-08
17458.5	4.60764e-08
17558.5	2.80151e-08
17658.5	1.68643e-08
