36994.7	7.25136e-08
37094.7	1.19542e-07
37194.7	1.95114e-07
37294.7	3.15301e-07
37394.7	5.04465e-07
37494.7	7.99109e-07
37594.7	1.25329e-06
37694.7	1.9461e-06
37794.7	2.99191e-06
37894.7	4.5541e-06
37994.7	6.86319e-06
38094.7	1.02405e-05
38194.7	1.51282e-05
38294.7	2.2127e-05
38394.7	3.20428e-05
38494.7	4.59419e-05
38594.7	6.52168e-05
38694.7	9.16606e-05
38794.7	0.000127549
38894.7	0.00017573
38994.7	0.000239711
39094.7	0.000323744
39194.7	0.000432902
39294.7	0.000573128
39394.7	0.000751256
39494.7	0.000974987
39594.7	0.00125281
39694.7	0.00159384
39794.7	0.00200763
39894.7	0.00250378
39994.7	0.00309162
40094.7	0.00377966
40194.7	0.00457506
40294.7	0.00548301
40394.7	0.00650607
40494.7	0.0076436
40594.7	0.0088911
40694.7	0.0102398
40794.7	0.0116764
40894.7	0.0131828
40994.7	0.0147363
41094.7	0.0163098
41194.7	0.0178728
41294.7	0.0193918
41394.7	0.0208318
41494.7	0.0221574
41594.7	0.0233344
41694.7	0.0243309
41794.7	0.0251192
41894.7	0.0256767
41994.7	0.0259872
42094.7	0.0260416
42194.7	0.0258383
42294.7	0.0253833
42394.7	0.0246901
42494.7	0.0237786
42594.7	0.0226747
42694.7	0.0214086
42794.7	0.0200137
42894.7	0.0185251
42994.7	0.016978
43094.7	0.0154066
43194.7	0.0138428
43294.7	0.0123151
43394.7	0.0108479
43494.7	0.0094614
43594.7	0.00817075
43694.7	0.00698665
43794.7	0.00591529
43894.7	0.0049589
43994.7	0.0041162
44094.7	0.00338307
44194.7	0.00275315
44294.7	0.00221848
44394.7	0.00177005
44494.7	0.00139838
44594.7	0.00109388
44694.7	0.000847281
44794.7	0.000649821
44894.7	0.000493483
44994.7	0.000371076
45094.7	0.000276291
45194.7	0.000203697
45294.7	0.000148703
45394.7	0.000107491
45494.7	7.69381e-05
45594.7	5.45293e-05
45694.7	3.82683e-05
45794.7	2.65931e-05
45894.7	1.82988e-05
45994.7	1.24681e-05
46094.7	8.41203e-06
46194.7	5.61989e-06
46294.7	3.71777e-06
46394.7	2.43538e-06
46494.7	1.57971e-06
46594.7	1.01466e-06
46694.7	6.45353e-07
46794.7	4.06448e-07
46894.7	2.53482e-07
46994.7	1.5654e-07
47094.7	9.57282e-08
47194.7	5.79684e-08
47294.7	3.47602e-08
