532824	3.89851e-08
532924	6.41429e-08
533024	1.04486e-07
533124	1.68511e-07
533224	2.69065e-07
533324	4.25349e-07
533424	6.65722e-07
533524	1.03157e-06
533624	1.58258e-06
533724	2.40377e-06
533824	3.61475e-06
533924	5.38174e-06
534024	7.9328e-06
534124	1.15768e-05
534224	1.67268e-05
534324	2.39274e-05
534424	3.38873e-05
534524	4.75158e-05
534624	6.59626e-05
534724	9.06604e-05
534824	0.000123366
534924	0.000166202
535024	0.000221683
535124	0.000292745
535224	0.000382743
535324	0.00049543
535424	0.000634918
535524	0.000805587
535624	0.00101197
535724	0.00125858
535824	0.00154972
535924	0.00188923
536024	0.00228021
536124	0.00272475
536224	0.00322356
536324	0.00377577
536424	0.00437858
536524	0.00502715
536624	0.00571437
536724	0.00643095
536824	0.00716541
536924	0.00790435
537024	0.00863277
537124	0.00933456
537224	0.00999303
537324	0.0105915
537424	0.0111143
537524	0.0115468
537624	0.0118769
537724	0.0120949
537824	0.0121944
537924	0.0121724
538024	0.0120297
538124	0.0117704
538224	0.0114022
538324	0.0109356
538424	0.0103838
538524	0.00976179
538624	0.00908578
538724	0.00837248
538824	0.00763845
538924	0.00689947
539024	0.00617
539124	0.00546278
539224	0.00478853
539324	0.00415575
539424	0.00357072
539524	0.00303754
539624	0.00255827
539724	0.00213319
539824	0.00176106
539924	0.00143938
540024	0.00116476
540124	0.000933165
540224	0.000740182
540324	0.00058127
540424	0.000451935
540524	0.000347883
540624	0.000265125
540724	0.000200044
540824	0.000149438
540924	0.000110524
541024	8.09298e-05
541124	5.86707e-05
541224	4.21107e-05
541324	2.99243e-05
541424	2.1053e-05
541524	1.46643e-05
541624	1.01128e-05
541724	6.90459e-06
541824	4.66728e-06
541924	3.12356e-06
542024	2.06964e-06
542124	1.35768e-06
542224	8.81781e-07
542324	5.66999e-07
542424	3.60964e-07
542524	2.27512e-07
542624	1.41972e-07
542724	8.77124e-08
542824	5.36511e-08
542924	3.24904e-08
543024	1.948e-08
543124	1.15634e-08
543224	6.79576e-09
543324	3.95413e-09
543424	2.27784e-09
543524	1.29913e-09
543624	7.33572e-10
543724	4.10102e-10
543824	2.26986e-10
543924	1.24385e-10
544024	6.74827e-11
544124	3.62474e-11
544224	1.92762e-11
544324	1.0149e-11
544424	5.29037e-12
544524	2.73028e-12
544624	1.39504e-12
544724	7.05709e-13
544824	3.53446e-13
544924	1.75259e-13
545024	8.60392e-14
545124	4.18188e-14
545224	2.01236e-14
545324	9.58733e-15
545424	4.5222e-15
545524	2.11184e-15
545624	9.76405e-16
545724	4.46949e-16
545824	2.02556e-16
545924	9.0885e-17
546024	4.03736e-17
546124	1.77567e-17
546224	7.73189e-18
546324	3.33325e-18
546424	1.42269e-18
546524	6.01186e-19
546624	2.51517e-19
546724	1.0418e-19
546824	4.27231e-20
546924	1.7346e-20
547024	6.97257e-21
547124	2.77489e-21
547224	1.09335e-21
547324	4.2651e-22
547424	1.64725e-22
547524	6.29867e-23
547624	2.38449e-23
547724	8.93723e-24
547824	3.31641e-24
547924	1.21841e-24
548024	4.43176e-25
548124	1.59595e-25
548224	5.69009e-26
548324	2.00853e-26
548424	7.01936e-27
548524	2.4287e-27
548624	8.31976e-28
548724	2.82167e-28
548824	9.47457e-29
548924	3.14972e-29
549024	1.03668e-29
549124	3.37811e-30
549224	1.08984e-30
549324	3.48105e-31
549424	1.10082e-31
549524	3.44653e-32
549624	1.06833e-32
549724	3.27861e-33
549824	9.96165e-34
549924	2.99662e-34
550024	8.92464e-35
550124	2.63153e-35
550224	7.6822e-36
550324	2.22035e-36
550424	6.35353e-37
550524	1.79998e-37
550624	5.0487e-38
550724	1.40201e-38
550824	3.8546e-39
550924	1.04922e-39
551024	2.82757e-40
551124	7.54429e-41
551224	1.99288e-41
551324	5.212e-42
551424	1.34954e-42
551524	3.4596e-43
551624	8.78061e-44
551724	2.20639e-44
551824	5.48906e-45
551924	1.35199e-45
552024	3.2969e-46
552124	7.95972e-47
552224	1.9026e-47
552324	4.50254e-48
552424	1.05493e-48
552524	2.4471e-49
552624	5.62001e-50
552724	1.27785e-50
552824	2.87663e-51
552924	6.41127e-52
553024	1.4147e-52
553124	3.0906e-53
553224	6.68466e-54
553324	1.43145e-54
553424	3.03479e-55
553524	6.37003e-56
553624	1.32378e-56
553724	2.72393e-57
553824	5.56525e-58
553924	1.20739e-58
554024	6.71279e-59
554124	2.28766e-58
554224	1.11349e-57
554324	5.46315e-57
554424	2.65564e-56
554524	1.27809e-55
554624	6.08997e-55
554724	2.87293e-54
554824	1.34181e-53
554924	6.20464e-53
555024	2.84052e-52
555124	1.28747e-51
555224	5.77741e-51
555324	2.56677e-50
555424	1.12901e-49
555524	4.91661e-49
555624	2.11978e-48
555724	9.04845e-48
555824	3.82397e-47
555924	1.59997e-46
556024	6.62776e-46
556124	2.71818e-45
556224	1.10369e-44
556324	4.43685e-44
556424	1.76587e-43
556524	6.95826e-43
556624	2.71456e-42
556724	1.04847e-41
556824	4.00931e-41
556924	1.51789e-40
557024	5.68943e-40
557124	2.11132e-39
557224	7.75707e-39
557324	2.82162e-38
557424	1.01615e-37
557524	3.62302e-37
557624	1.27892e-36
557724	4.46965e-36
557824	1.54654e-35
557924	5.29793e-35
558024	1.79684e-34
558124	6.03348e-34
558224	2.00579e-33
558324	6.60176e-33
558424	2.15125e-32
558524	6.94034e-32
558624	2.21681e-31
558724	7.01023e-31
558824	2.19479e-30
558924	6.8032e-30
559024	2.0878e-29
559124	6.34342e-29
559224	1.90816e-28
559324	5.68283e-28
559424	1.6756e-27
559524	4.89142e-27
559624	1.4137e-26
559724	4.04516e-26
559824	1.14597e-25
559924	3.21415e-25
560024	8.92521e-25
560124	2.45374e-24
560224	6.67874e-24
560324	1.79978e-23
560424	4.80176e-23
560524	1.26835e-22
560624	3.31694e-22
560724	8.588e-22
560824	2.20143e-21
560924	5.58695e-21
561024	1.40379e-20
561124	3.4921e-20
561224	8.60063e-20
561324	2.09716e-19
561424	5.06278e-19
561524	1.21005e-18
561624	2.86337e-18
561724	6.70825e-18
561824	1.55596e-17
561924	3.5731e-17
562024	8.12362e-17
562124	1.82857e-16
562224	4.07504e-16
562324	8.99103e-16
562424	1.96402e-15
562524	4.24755e-15
562624	9.09472e-15
562724	1.92796e-14
562824	4.04637e-14
562924	8.40795e-14
563024	1.72971e-13
563124	3.523e-13
563224	7.10414e-13
563324	1.4183e-12
563424	2.80338e-12
563524	5.48599e-12
563624	1.06288e-11
563724	2.03879e-11
563824	3.87186e-11
563924	7.27988e-11
564024	1.35515e-10
564124	2.49751e-10
564224	4.55707e-10
564324	8.23232e-10
564424	1.47237e-09
564524	2.60718e-09
564624	4.57069e-09
564724	7.93325e-09
564824	1.36326e-08
564924	2.31934e-08
565024	3.9067e-08
565124	6.51497e-08
565224	1.07566e-07
565324	1.7583e-07
565424	2.84558e-07
565524	4.55939e-07
565624	7.23272e-07
565724	1.13594e-06
565824	1.76631e-06
565924	2.71917e-06
566024	4.14444e-06
566124	6.25394e-06
566224	9.34328e-06
566324	1.38199e-05
566424	2.0238e-05
566524	2.93421e-05
566624	4.21184e-05
566724	5.98565e-05
566824	8.42191e-05
566924	0.000117319
567024	0.000161802
567124	0.000220933
567224	0.000298673
567324	0.000399751
567424	0.000529716
567524	0.000694952
567624	0.000902665
567724	0.0011608
567824	0.00147791
567924	0.00186293
568024	0.00232491
568124	0.00287259
568224	0.003514
568324	0.00425588
568424	0.00510312
568524	0.00605819
568624	0.00712048
568724	0.00828582
568824	0.009546
568924	0.0108885
569024	0.0122963
569124	0.013748
569224	0.0152183
569324	0.0166783
569424	0.0180967
569524	0.0194405
569624	0.0206764
569724	0.0217722
569824	0.0226982
569924	0.0234283
570024	0.0239414
570124	0.0242226
570224	0.0242635
570324	0.0240628
570424	0.0236265
570524	0.0229675
570624	0.022105
570724	0.0210634
570824	0.0198713
570924	0.0185604
571024	0.0171636
571124	0.0157142
571224	0.0142442
571324	0.0127834
571424	0.0113584
571524	0.00999195
571624	0.00870255
571724	0.00750424
571824	0.00640668
571924	0.00541538
572024	0.0045321
572124	0.00375539
572224	0.00308118
572324	0.00250335
572424	0.00201437
572524	0.00160583
572624	0.00126897
572724	0.000995058
572824	0.000775767
572924	0.000603437
573024	0.000471265
573124	0.000373438
573224	0.00030521
573324	0.000262934
573424	0.000244071
573524	0.000247161
573624	0.000271786
573724	0.000318511
573824	0.000388809
573924	0.000484977
574024	0.000610022
574124	0.000767528
574224	0.00096149
574324	0.00119612
574424	0.00147562
574524	0.00180389
574624	0.00218429
574724	0.00261925
574824	0.00311
574924	0.00365623
575024	0.00425582
575124	0.00490457
575224	0.00559607
575324	0.00632161
575424	0.00707022
575524	0.00782887
575624	0.00858273
575724	0.00931563
575824	0.0100106
575924	0.0106504
576024	0.0112185
576124	0.0116993
576224	0.0120795
576324	0.012348
576424	0.012497
576524	0.0125221
576624	0.0124225
576724	0.0122011
576824	0.0118645
576924	0.0114226
577024	0.0108878
577124	0.0102748
577224	0.00960002
577324	0.00888036
577424	0.008133
577524	0.00737449
577624	0.00662027
577724	0.00588411
577824	0.00517784
577924	0.00451105
578024	0.00389108
578124	0.00332295
578224	0.00280957
578324	0.00235191
578424	0.00194922
578524	0.00159944
578624	0.00129938
578724	0.00104512
578824	0.000832263
578924	0.000656174
579024	0.000512201
579124	0.000395846
579224	0.000302884
579324	0.000229451
579424	0.000172095
579524	0.000127794
579624	9.39545e-05
579724	6.83895e-05
579824	4.92864e-05
579924	3.51665e-05
580024	2.48426e-05
580124	1.73752e-05
580224	1.20318e-05
580324	8.24888e-06
580424	5.59921e-06
580524	3.76292e-06
580624	2.50374e-06
580724	1.64938e-06
580824	1.07577e-06
580924	6.94683e-07
581024	4.44141e-07
581124	2.8114e-07
581224	1.76194e-07
581324	1.09328e-07
581424	6.71642e-08
581524	4.0852e-08
581624	2.46013e-08
581724	1.46681e-08
