25745	1.81177e-09
25845	3.068e-09
25945	5.15011e-09
26045	8.57023e-09
26145	1.4138e-08
26245	2.31208e-08
26345	3.74835e-08
26445	6.0242e-08
26545	9.59796e-08
26645	1.51592e-07
26745	2.37348e-07
26845	3.68385e-07
26945	5.66786e-07
27045	8.64423e-07
27145	1.30682e-06
27245	1.95829e-06
27345	2.90869e-06
27445	4.28219e-06
27545	6.24839e-06
27645	9.03631e-06
27745	1.29515e-05
27845	1.83968e-05
27945	2.58964e-05
28045	3.61242e-05
28145	4.99348e-05
28245	6.83973e-05
28345	9.28303e-05
28445	0.000124836
28545	0.000166332
28645	0.000219574
28745	0.000287171
28845	0.000372084
28945	0.000477605
29045	0.00060731
29145	0.000764985
29245	0.000954514
29345	0.00117974
29445	0.0014443
29545	0.00175137
29645	0.0021035
29745	0.0025023
29845	0.0029482
29945	0.00344023
30045	0.00397578
30145	0.00455043
30245	0.00515788
30345	0.00578988
30445	0.00643637
30545	0.00708563
30645	0.00772461
30745	0.00833929
30845	0.00891518
30945	0.00943789
31045	0.00989369
31145	0.0102701
31245	0.0105566
31345	0.0107447
31445	0.010829
31545	0.0108069
31645	0.010679
31745	0.0104489
31845	0.0101232
31945	0.00971119
32045	0.00922426
32145	0.00867546
32245	0.00807891
32345	0.00744921
32445	0.00680085
32545	0.00614767
32645	0.00550237
32745	0.00487619
32845	0.00427859
32945	0.00371714
33045	0.00319745
33145	0.00272324
33245	0.00229642
33345	0.00191735
33445	0.00158502
33545	0.00129734
33645	0.00105136
33745	0.000843589
33845	0.00067018
33945	0.000527148
34045	0.000410538
34145	0.000316558
34245	0.000241676
34345	0.00018268
34445	0.000136719
34545	0.000101308
34645	7.4325e-05
34745	5.39891e-05
34845	3.88289e-05
34945	2.76491e-05
35045	1.94933e-05
35145	1.36071e-05
35245	9.40427e-06
35345	6.4352e-06
35445	4.35989e-06
35545	2.92461e-06
35645	1.94239e-06
35745	1.27727e-06
35845	8.3159e-07
35945	5.36059e-07
36045	3.42132e-07
36145	2.16199e-07
36245	1.35267e-07
36345	8.37929e-08
36445	5.13929e-08
36545	3.12088e-08
36645	1.87642e-08
36745	1.11703e-08
