549987	9.59555e-08
550087	1.59447e-07
550187	2.62315e-07
550287	4.27261e-07
550387	6.8901e-07
550487	1.10007e-06
550587	1.7389e-06
550687	2.72141e-06
550787	4.21671e-06
550887	6.46867e-06
550987	9.82468e-06
551087	1.47735e-05
551187	2.19943e-05
551287	3.2419e-05
551387	4.73096e-05
551487	6.83535e-05
551587	9.77763e-05
551687	0.000138474
551787	0.000194162
551887	0.000269539
551987	0.000370459
552087	0.000504103
552187	0.000679142
552287	0.000905863
552387	0.00119626
552487	0.00156405
552587	0.00202458
552687	0.00259466
552787	0.00329222
552887	0.00413577
552987	0.00514381
553087	0.00633395
553187	0.00772192
553287	0.00932044
553387	0.011138
553487	0.0131777
553587	0.015436
553687	0.0179014
553787	0.0205542
553887	0.0233655
553987	0.0262973
554087	0.0293026
554187	0.0323267
554287	0.0353084
554387	0.0381816
554487	0.0408781
554587	0.0433299
554687	0.0454721
554787	0.0472457
554887	0.0486004
554987	0.0494968
555087	0.0499085
555187	0.0498233
555287	0.0492436
555387	0.0481867
555487	0.0466836
555587	0.0447777
555687	0.0425225
555787	0.0399794
555887	0.0372145
555987	0.0342964
556087	0.0312929
556187	0.0282684
556287	0.0252823
556387	0.0223868
556487	0.0196258
556587	0.0170342
556687	0.0146379
556787	0.0124536
556887	0.0104899
556987	0.00874806
557087	0.00722305
557187	0.00590478
557287	0.00477945
557387	0.00383064
557487	0.00304049
557587	0.0023906
557687	0.00186289
557787	0.00144018
557887	0.00110672
557987	0.000848516
558087	0.000653543
558187	0.000511887
558287	0.000415806
558387	0.000359754
558487	0.000340379
558587	0.000356516
558687	0.000409194
558787	0.000501637
558887	0.00063928
558987	0.000829781
559087	0.00108301
559187	0.00141099
559287	0.00182781
559387	0.00234937
559487	0.00299314
559587	0.00377759
559687	0.00472167
559787	0.00584394
559887	0.00716166
559987	0.00868969
560087	0.0104392
560187	0.0124166
560287	0.0146219
560387	0.0170479
560487	0.019679
560587	0.0224906
560687	0.0254487
560787	0.0285097
560887	0.0316218
560987	0.0347251
561087	0.0377543
561187	0.04064
561287	0.0433117
561387	0.0457006
561487	0.0477422
561587	0.0493796
561687	0.0505659
561787	0.0512663
561887	0.0514601
561987	0.0511415
562087	0.05032
562187	0.0490198
562287	0.0472788
562387	0.0451467
562487	0.0426825
562587	0.0399519
562687	0.0370244
562787	0.0339706
562887	0.0308591
562987	0.027754
563087	0.0247134
563187	0.0217873
563287	0.0190168
563387	0.0164337
563487	0.0140603
563587	0.0119102
563687	0.00998868
563787	0.00829391
563887	0.00681827
563987	0.00554948
564087	0.00447192
564187	0.00356779
564287	0.00281817
564387	0.00220393
564487	0.00170644
564587	0.00130812
564687	0.000992818
564787	0.000746024
564887	0.000555007
564987	0.000408797
565087	0.000298112
565187	0.000215236
565287	0.000153855
565387	0.000108886
565487	7.62946e-05
565587	5.29272e-05
565687	3.63519e-05
565787	2.47194e-05
565887	1.66422e-05
565987	1.10929e-05
566087	7.32054e-06
566187	4.78303e-06
566287	3.09404e-06
566387	1.98157e-06
566487	1.25648e-06
566587	7.88798e-07
566687	4.90272e-07
566787	3.01696e-07
566887	1.83808e-07
