1776.61	5.43149e-09
1876.61	9.14546e-09
1976.61	1.52467e-08
2076.61	2.51668e-08
2176.61	4.11304e-08
2276.61	6.65547e-08
2376.61	1.06629e-07
2476.61	1.69143e-07
2576.61	2.65651e-07
2676.61	4.13093e-07
2776.61	6.36011e-07
2876.61	9.69525e-07
2976.61	1.4633e-06
3076.61	2.18667e-06
3176.61	3.23527e-06
3276.61	4.73931e-06
3376.61	6.8738e-06
3476.61	9.87083e-06
3576.61	1.40342e-05
3676.61	1.97558e-05
3776.61	2.75345e-05
3876.61	3.79957e-05
3976.61	5.19117e-05
4076.61	7.02216e-05
4176.61	9.40478e-05
4276.61	0.00012471
4376.61	0.000163728
4476.61	0.000212824
4576.61	0.000273898
4676.61	0.000349002
4776.61	0.000440291
4876.61	0.000549948
4976.61	0.000680103
5076.61	0.000832719
5176.61	0.00100947
5276.61	0.00121159
5376.61	0.00143976
5476.61	0.00169392
5576.61	0.00197317
5676.61	0.00227564
5776.61	0.00259845
5876.61	0.00293759
5976.61	0.00328804
6076.61	0.00364377
6176.61	0.00399791
6276.61	0.00434292
6376.61	0.00467087
6476.61	0.00497372
6576.61	0.00524363
6676.61	0.00547329
6776.61	0.0056563
6876.61	0.00578738
6976.61	0.0058627
7076.61	0.00588003
7176.61	0.00583885
7276.61	0.00574038
7376.61	0.00558753
7476.61	0.00538473
7576.61	0.00513775
7676.61	0.00485341
7776.61	0.00453927
7876.61	0.0042033
7976.61	0.00385353
8076.61	0.00349777
8176.61	0.00314332
8276.61	0.00279672
8376.61	0.00246363
8476.61	0.00214864
8576.61	0.00185532
8676.61	0.00158612
8776.61	0.0013425
8876.61	0.00112502
8976.61	0.000933399
9076.61	0.000766723
9176.61	0.000623552
9276.61	0.000502077
9376.61	0.000400249
9476.61	0.000315903
9576.61	0.000246854
9676.61	0.000190981
9776.61	0.000146286
9876.61	0.000110937
9976.61	8.32939e-05
10076.6	6.19174e-05
10176.6	4.55696e-05
10276.6	3.32047e-05
10376.6	2.39545e-05
10476.6	1.71095e-05
10576.6	1.2099e-05
10676.6	8.47075e-06
10776.6	5.87162e-06
10876.6	4.02954e-06
10976.6	2.73789e-06
11076.6	1.84178e-06
11176.6	1.22665e-06
11276.6	8.0885e-07
11376.6	5.28051e-07
11476.6	3.41307e-07
11576.6	2.18412e-07
11676.6	1.38379e-07
11776.6	8.68013e-08
11876.6	5.39067e-08
11976.6	3.31453e-08
12076.6	2.01772e-08
12176.6	1.21609e-08
