209427	9.81563e-08
209527	1.62736e-07
209627	2.67171e-07
209727	4.3435e-07
209827	6.9926e-07
209927	1.11479e-06
210027	1.75997e-06
210127	2.75159e-06
210227	4.26023e-06
210327	6.5322e-06
210427	9.91904e-06
210527	1.49166e-05
210627	2.22161e-05
210727	3.27696e-05
210827	4.78725e-05
210927	6.92661e-05
211027	9.92622e-05
211127	0.000140891
211227	0.000198074
211327	0.00027582
211427	0.00038044
211527	0.00051978
211627	0.000703452
211727	0.000943063
211827	0.00125242
211927	0.00164766
212027	0.00214738
212127	0.00277257
212227	0.00354648
212327	0.00449435
212427	0.00564286
212527	0.00701949
212627	0.00865161
212727	0.0105653
212827	0.0127843
212927	0.015328
213027	0.0182105
213127	0.0214386
213227	0.0250102
213327	0.0289134
213427	0.0331246
213527	0.0376084
213627	0.0423168
213727	0.0471897
213827	0.0521559
213927	0.0571342
214027	0.0620361
214127	0.0667679
214227	0.0712346
214327	0.0753428
214427	0.0790051
214527	0.0821432
214627	0.0846916
214727	0.0866008
214827	0.0878391
214927	0.0883948
215027	0.088276
215127	0.0875108
215227	0.0861457
215327	0.0842432
215427	0.0818786
215527	0.0791365
215627	0.0761064
215727	0.0728788
215827	0.0695407
215927	0.0661721
216027	0.0628427
216127	0.0596097
216227	0.056516
216327	0.0535901
216427	0.0508458
216527	0.0482839
216627	0.0458937
216727	0.0436556
216827	0.0415437
216927	0.0395288
217027	0.0375809
217127	0.0356719
217227	0.0337775
217327	0.0318788
217427	0.0299634
217527	0.0280258
217627	0.0260668
217727	0.0240935
217827	0.0221181
217927	0.0201563
218027	0.0182266
218127	0.0163483
218227	0.0145403
218327	0.0128202
218427	0.0112033
218527	0.00970155
218627	0.00832371
218727	0.00707488
218827	0.00595664
218927	0.00496738
219027	0.00410265
219127	0.00335575
219227	0.00271819
219327	0.00218031
219427	0.00173177
219527	0.00136203
219627	0.00106071
219727	0.000817915
219827	0.000624483
219927	0.000472091
220027	0.000353362
220127	0.000261878
220227	0.000192159
220327	0.000139605
220427	0.00010042
220527	7.15177e-05
220627	5.04292e-05
220727	3.52065e-05
220827	2.43353e-05
220927	1.66541e-05
221027	1.12843e-05
221127	7.57007e-06
221227	5.02798e-06
221327	3.30641e-06
221427	2.15272e-06
221527	1.38767e-06
221627	8.85632e-07
221727	5.59613e-07
221827	3.50098e-07
221927	2.16849e-07
222027	1.32982e-07
