17056.6	2.35847e-09
17156.6	4.01611e-09
17256.6	6.7738e-09
17356.6	1.13163e-08
17456.6	1.8725e-08
17556.6	3.06884e-08
17656.6	4.98149e-08
17756.6	8.00889e-08
17856.6	1.27529e-07
17956.6	2.01124e-07
18056.6	3.14148e-07
18156.6	4.85974e-07
18256.6	7.44556e-07
18356.6	1.12975e-06
18456.6	1.6977e-06
18556.6	2.52658e-06
18656.6	3.72385e-06
18756.6	5.43544e-06
18856.6	7.85697e-06
18956.6	1.12474e-05
19056.6	1.59447e-05
19156.6	2.23846e-05
19256.6	3.11204e-05
19356.6	4.28449e-05
19456.6	5.8413e-05
19556.6	7.88626e-05
19656.6	0.000105434
19756.6	0.000139585
19856.6	0.000182993
19956.6	0.000237559
20056.6	0.000305381
20156.6	0.000388729
20256.6	0.000489983
20356.6	0.000611564
20456.6	0.000755836
20556.6	0.000924985
20656.6	0.00112089
20756.6	0.00134494
20856.6	0.00159795
20956.6	0.00187989
21056.6	0.00218984
21156.6	0.00252581
21256.6	0.00288467
21356.6	0.00326208
21456.6	0.00365254
21556.6	0.00404946
21656.6	0.00444526
21756.6	0.00483165
21856.6	0.00519983
21956.6	0.00554085
22056.6	0.00584598
22156.6	0.00610702
22256.6	0.00631672
22356.6	0.00646908
22456.6	0.00655967
22556.6	0.00658578
22656.6	0.00654664
22756.6	0.00644338
22856.6	0.00627903
22956.6	0.00605834
23056.6	0.00578758
23156.6	0.0054742
23256.6	0.00512654
23356.6	0.00475343
23456.6	0.00436383
23556.6	0.00396649
23656.6	0.00356962
23756.6	0.00318064
23856.6	0.00280596
23956.6	0.0024509
24056.6	0.00211954
24156.6	0.00181482
24256.6	0.00153851
24356.6	0.00129133
24456.6	0.00107312
24556.6	0.00088294
24656.6	0.00071926
24756.6	0.000580113
24856.6	0.000463244
24956.6	0.00036625
25056.6	0.000286692
25156.6	0.00022219
25256.6	0.000170492
25356.6	0.000129524
25456.6	9.74246e-05
25556.6	7.25529e-05
25656.6	5.34946e-05
25756.6	3.90511e-05
25856.6	2.82245e-05
25956.6	2.0197e-05
26056.6	1.43092e-05
26156.6	1.00372e-05
26256.6	6.97068e-06
26356.6	4.79299e-06
26456.6	3.26292e-06
26556.6	2.19924e-06
26656.6	1.4676e-06
26756.6	9.69634e-07
26856.6	6.34273e-07
26956.6	4.10782e-07
27056.6	2.63399e-07
27156.6	1.67218e-07
27256.6	1.05104e-07
27356.6	6.54065e-08
27456.6	4.02987e-08
27556.6	2.45825e-08
27656.6	1.48467e-08
27756.6	8.87767e-09
