243753	1.71158e-08
243853	2.81995e-08
243953	4.60077e-08
244053	7.43308e-08
244153	1.18922e-07
244253	1.88415e-07
244353	2.95622e-07
244453	4.59337e-07
244553	7.06815e-07
244653	1.07713e-06
244753	1.62563e-06
244853	2.42985e-06
244953	3.59706e-06
245053	5.27393e-06
245153	7.65857e-06
245253	1.10153e-05
245353	1.56925e-05
245453	2.21433e-05
245553	3.09497e-05
245653	4.28495e-05
245753	5.87654e-05
245853	7.98351e-05
245953	0.000107442
246053	0.000143242
246153	0.000189191
246253	0.000247554
246353	0.000320917
246453	0.000412175
246553	0.000524503
246653	0.000661306
246753	0.000826149
246853	0.00102265
246953	0.00125435
247053	0.00152457
247153	0.00183622
247253	0.00219159
247353	0.00259218
247453	0.00303846
247553	0.00352966
247653	0.00406366
247753	0.00463677
247853	0.00524375
247953	0.00587769
248053	0.00653016
248153	0.00719129
248253	0.00785004
248353	0.00849449
248453	0.00911221
248553	0.00969074
248653	0.010218
248753	0.0106829
248853	0.0110756
248953	0.0113882
249053	0.0116151
249153	0.011753
249253	0.0118014
249353	0.0117623
249453	0.0116404
249553	0.011443
249653	0.011179
249753	0.0108591
249853	0.0104952
249953	0.0100992
250053	0.0096834
250153	0.00925915
250253	0.00883671
250353	0.00842479
250453	0.00803018
250553	0.00765768
250653	0.00730997
250753	0.00698772
250853	0.0066898
250953	0.00641356
251053	0.00615521
251153	0.00591019
251253	0.00567363
251353	0.00544072
251453	0.0052071
251553	0.00496912
251653	0.00472407
251753	0.00447031
251853	0.00420733
251953	0.00393567
252053	0.00365685
252153	0.00337318
252253	0.00308756
252353	0.00280329
252453	0.0025238
252553	0.00225245
252653	0.00199237
252753	0.00174631
252853	0.00151647
252953	0.00130454
253053	0.0011116
253153	0.000938125
253253	0.000784097
253353	0.000649006
253453	0.000531958
253553	0.000431756
253653	0.000346991
253753	0.000276125
253853	0.000217566
253953	0.000169733
254053	0.000131107
254153	0.000100269
254253	7.59248e-05
254353	5.69209e-05
254453	4.22503e-05
254553	3.10495e-05
254653	2.25915e-05
254753	1.62742e-05
254853	1.16069e-05
254953	8.1959e-06
255053	5.72977e-06
255153	3.96586e-06
255253	2.71768e-06
255353	1.84382e-06
255453	1.2385e-06
255553	8.23635e-07
255653	5.42289e-07
255753	3.53497e-07
255853	2.28138e-07
255953	1.4577e-07
256053	9.22141e-08
256153	5.77542e-08
256253	3.58119e-08
256353	2.19852e-08
