527325	5.10631e-08
527425	8.4097e-08
527525	1.37125e-07
527625	2.21367e-07
527725	3.5381e-07
527825	5.59874e-07
527925	8.77145e-07
528025	1.36055e-06
528125	2.08939e-06
528225	3.17677e-06
528325	4.78205e-06
528425	7.12694e-06
528525	1.05161e-05
528625	1.53627e-05
528725	2.22199e-05
528825	3.18183e-05
528925	4.51102e-05
529025	6.3319e-05
529125	8.79942e-05
529225	0.00012107
529325	0.000164923
529425	0.000222426
529525	0.000296997
529625	0.000392627
529725	0.000513889
529825	0.000665918
529925	0.000854345
530025	0.00108519
530125	0.00136472
530225	0.00169918
530325	0.00209459
530425	0.00255634
530525	0.00308887
530625	0.00369524
530725	0.0043767
530825	0.00513231
530925	0.00595854
531025	0.00684902
531125	0.00779432
531225	0.00878192
531325	0.0097963
531425	0.0108192
531525	0.0118302
531625	0.012807
531725	0.0137267
531825	0.0145662
531925	0.0153034
532025	0.015918
532125	0.0163928
532225	0.0167139
532325	0.0168718
532425	0.016862
532525	0.0166847
532625	0.0163451
532725	0.0158533
532825	0.0152234
532925	0.0144732
533025	0.0136232
533125	0.0126957
533225	0.0117136
533325	0.0107002
533425	0.0096772
533525	0.00866504
533625	0.00768161
533725	0.0067421
533825	0.00585867
533925	0.00504039
534025	0.00429329
534125	0.00362058
534225	0.00302292
534325	0.00249883
534425	0.00204506
534525	0.00165706
534625	0.00132933
534725	0.00105581
534825	0.000830234
534925	0.000646363
535025	0.000498211
535125	0.000380199
535225	0.000287257
535325	0.000214877
535425	0.000159137
535525	0.000116684
535625	8.47063e-05
535725	6.08807e-05
535825	4.33215e-05
535925	3.05204e-05
536025	2.12881e-05
536125	1.47009e-05
536225	1.00511e-05
536325	6.80363e-06
536425	4.55964e-06
536525	3.02539e-06
536625	1.98744e-06
536725	1.29261e-06
536825	8.32337e-07
536925	5.30632e-07
537025	3.34926e-07
537125	2.09298e-07
537225	1.29491e-07
537325	7.93191e-08
537425	4.81034e-08
537525	2.88825e-08
537625	1.71694e-08
537725	1.0105e-08
537825	5.8881e-09
537925	3.39685e-09
538025	1.94017e-09
538125	1.09714e-09
538225	6.14251e-10
538325	3.40479e-10
538425	1.86851e-10
538525	1.01522e-10
538625	5.46118e-11
538725	2.90853e-11
538825	1.53363e-11
538925	8.00623e-12
539025	4.13806e-12
539125	2.11751e-12
539225	1.07279e-12
539325	5.38102e-13
539425	2.67224e-13
539525	1.31385e-13
539625	6.39555e-14
539725	3.08226e-14
539825	1.47069e-14
539925	6.9476e-15
540025	3.24944e-15
540125	1.50467e-15
540225	6.89821e-16
540325	3.13106e-16
540425	1.40704e-16
540525	6.2601e-17
540625	2.75751e-17
540725	1.20258e-17
540825	5.19242e-18
540925	2.21966e-18
541025	9.39428e-19
541125	3.93641e-19
541225	1.63305e-19
541325	6.70743e-20
541425	2.72756e-20
541525	1.09813e-20
541625	4.37715e-21
541725	1.72739e-21
541825	6.74916e-22
541925	2.61077e-22
542025	9.99883e-23
542125	3.79131e-23
542225	1.42327e-23
542325	5.28992e-24
542425	1.94657e-24
542525	7.09169e-25
542625	2.55794e-25
542725	9.13463e-26
542825	3.22962e-26
542925	1.13051e-26
543025	3.9179e-27
543125	1.34429e-27
543225	4.56663e-28
543325	1.53588e-28
543425	5.1142e-29
543525	1.68601e-29
543625	5.50301e-30
543725	1.77828e-30
543825	5.68935e-31
543925	1.80212e-31
544025	5.65151e-32
544125	1.75471e-32
544225	5.39395e-33
544325	1.6416e-33
544425	4.94639e-34
544525	1.4756e-34
544625	4.35822e-35
544725	1.27441e-35
544825	3.68952e-36
544925	1.05752e-36
545025	3.00103e-37
545125	8.4316e-38
545225	2.34536e-38
545325	6.45906e-39
545425	1.76112e-39
545525	4.75409e-40
545625	1.27059e-40
545725	3.36205e-41
545825	8.80771e-42
545925	2.28445e-42
546025	5.86623e-43
546125	1.49141e-43
546225	3.75399e-44
546325	9.35514e-45
546425	2.30816e-45
546525	5.63823e-46
546625	1.36357e-46
546725	3.26493e-47
546825	7.73979e-48
546925	1.81654e-48
547025	4.22103e-49
547125	9.71074e-50
547225	2.2118e-50
547325	4.98768e-51
547425	1.11355e-51
547525	2.46141e-52
547625	5.38661e-53
547725	1.1671e-53
547825	2.50356e-54
547925	5.31701e-55
548025	1.11799e-55
548125	2.32738e-56
548225	4.79715e-57
548325	9.80442e-58
548425	2.0605e-58
548525	8.16596e-59
548625	2.19261e-58
548725	1.0526e-57
548825	5.17346e-57
548925	2.52081e-56
549025	1.21613e-55
549125	5.80868e-55
549225	2.74683e-54
549325	1.28601e-53
549425	5.96094e-53
549525	2.73553e-52
549625	1.24287e-51
549725	5.59074e-51
549825	2.48982e-50
549925	1.09781e-49
550025	4.79225e-49
550125	2.07115e-48
550225	8.86218e-48
550325	3.75429e-47
550425	1.5746e-46
550525	6.53842e-46
550625	2.68801e-45
550725	1.09408e-44
550825	4.40881e-44
550925	1.75895e-43
551025	6.9477e-43
551125	2.71698e-42
551225	1.05194e-41
551325	4.03229e-41
551425	1.53028e-40
551525	5.7497e-40
551625	2.13884e-39
551725	7.87715e-39
551825	2.87222e-38
551925	1.03687e-37
552025	3.70583e-37
552125	1.31131e-36
552225	4.59392e-36
552325	1.59338e-35
552425	5.47157e-35
552525	1.86021e-34
552625	6.26138e-34
552725	2.08658e-33
552825	6.88427e-33
552925	2.24873e-32
553025	7.27236e-32
553125	2.32847e-31
553225	7.38114e-31
553325	2.31651e-30
553425	7.19782e-30
553525	2.21425e-29
553625	6.74387e-29
553725	2.03352e-28
553825	6.07081e-28
553925	1.79433e-27
554025	5.25067e-27
554125	1.5212e-26
554225	4.36328e-26
554325	1.23908e-25
554425	3.48371e-25
554525	9.69711e-25
554625	2.67239e-24
554725	7.29149e-24
554825	1.96965e-23
554925	5.2677e-23
555025	1.39479e-22
555125	3.65642e-22
555225	9.48986e-22
555325	2.43849e-21
555425	6.20355e-21
555525	1.56249e-20
555625	3.8963e-20
555725	9.61932e-20
555825	2.35123e-19
555925	5.68987e-19
556025	1.36322e-18
556125	3.23363e-18
556225	7.59402e-18
556325	1.76567e-17
556425	4.0645e-17
556525	9.2632e-17
556625	2.09013e-16
556725	4.66921e-16
556825	1.03269e-15
556925	2.26129e-15
557025	4.9023e-15
557125	1.05221e-14
557225	2.23594e-14
557325	4.70412e-14
557425	9.79836e-14
557525	2.02063e-13
557625	4.12551e-13
557725	8.33925e-13
557825	1.66891e-12
557925	3.30674e-12
558025	6.48669e-12
558125	1.25981e-11
558225	2.42239e-11
558325	4.6115e-11
558425	8.69157e-11
558525	1.62186e-10
558625	2.9963e-10
558725	5.48045e-10
558825	9.92442e-10
558925	1.77932e-09
559025	3.15834e-09
559125	5.55039e-09
559225	9.65709e-09
559325	1.66352e-08
559425	2.83705e-08
559525	4.79034e-08
559625	8.00798e-08
559725	1.32538e-07
559825	2.17177e-07
559925	3.52328e-07
560025	5.65899e-07
560125	8.99891e-07
560225	1.41677e-06
560325	2.20835e-06
560425	3.40797e-06
560525	5.20695e-06
560625	7.87643e-06
560725	1.1796e-05
560825	1.74904e-05
560925	2.56757e-05
561025	3.73169e-05
561125	5.36968e-05
561225	7.64981e-05
561325	0.000107898
561425	0.000150672
561525	0.000208312
561625	0.000285139
561725	0.000386418
561825	0.000518463
561925	0.000688714
562025	0.000905775
562125	0.0011794
562225	0.00152042
562325	0.00194055
562425	0.00245216
562525	0.00306784
562625	0.00379994
562725	0.00465996
562825	0.00565781
562925	0.00680105
563025	0.00809403
563125	0.00953707
563225	0.0111257
563325	0.0128499
563425	0.0146938
563525	0.0166354
563625	0.0186463
563725	0.0206925
563825	0.0227351
563925	0.0247311
564025	0.026635
564125	0.0284005
564225	0.0299821
564325	0.0313372
564425	0.0324282
564525	0.0332238
564625	0.0337007
564725	0.0338449
564825	0.0336521
564925	0.033128
565025	0.0322882
565125	0.0311571
565225	0.029767
565325	0.0281565
565425	0.0263687
565525	0.0244493
565625	0.0224444
565725	0.0203994
565825	0.0183567
565925	0.0163545
566025	0.0144262
566125	0.0125989
566225	0.0108939
566325	0.00932622
566425	0.00790502
566525	0.00663408
566625	0.00551248
566725	0.00453546
566825	0.00369518
566925	0.00298162
567025	0.00238332
567125	0.00188818
567225	0.00148398
567325	0.00115896
567425	0.00090219
567525	0.000703882
567625	0.00055558
567725	0.000450295
567825	0.00038257
567925	0.000348488
568025	0.000345659
568125	0.000373158
568225	0.000431457
568325	0.000522327
568425	0.000648714
568525	0.000814596
568625	0.0010248
568725	0.00128478
568825	0.00160034
568925	0.00197736
569025	0.00242138
569125	0.00293722
569225	0.00352857
569325	0.00419749
569425	0.00494399
569525	0.00576561
569625	0.00665709
569725	0.0076101
569825	0.00861313
569925	0.00965149
570025	0.0107076
570125	0.0117611
570225	0.01279
570325	0.0137706
570425	0.0146791
570525	0.015492
570625	0.0161875
570725	0.0167461
570825	0.0171519
570925	0.017393
571025	0.0174622
571125	0.0173575
571225	0.0170821
571325	0.016644
571425	0.0160561
571525	0.0153351
571625	0.0145011
571725	0.0135762
571825	0.0125841
571925	0.0115486
572025	0.0104932
572125	0.00943951
572225	0.00840735
572325	0.00741372
572425	0.00647264
572525	0.00559492
572625	0.00478824
572725	0.00405719
572825	0.00340365
572925	0.00282706
573025	0.00232484
573125	0.00189288
573225	0.0015259
573325	0.00121786
573425	0.000962369
573525	0.000752936
573625	0.000583241
573725	0.000447313
573825	0.000339663
573925	0.000255364
574025	0.000190085
574125	0.000140091
574225	0.000102223
574325	7.38526e-05
574425	5.28275e-05
574525	3.74138e-05
574625	2.62351e-05
574725	1.82144e-05
574825	1.25206e-05
574925	8.52157e-06
575025	5.74241e-06
575125	3.83136e-06
575225	2.53101e-06
575325	1.65547e-06
575425	1.07209e-06
575525	6.87432e-07
575625	4.3643e-07
575725	2.74339e-07
575825	1.70746e-07
575925	1.05221e-07
576025	6.42016e-08
576125	3.87866e-08
576225	2.32012e-08
576325	1.37415e-08
