77003.4	2.81282e-07
77103.4	4.67784e-07
77203.4	7.70277e-07
77303.4	1.25588e-06
77403.4	2.02745e-06
77503.4	3.24081e-06
77603.4	5.12932e-06
77703.4	8.03838e-06
77803.4	1.24733e-05
77903.4	1.91646e-05
78003.4	2.91558e-05
78103.4	4.39195e-05
78203.4	6.55086e-05
78303.4	9.67497e-05
78403.4	0.000141486
78503.4	0.000204875
78603.4	0.000293751
78703.4	0.000417047
78803.4	0.000586285
78903.4	0.000816117
79003.4	0.00112491
79103.4	0.00153534
79203.4	0.00207501
79303.4	0.00277691
79403.4	0.00367988
79503.4	0.00482879
79603.4	0.00627449
79703.4	0.00807341
79803.4	0.0102867
79903.4	0.0129791
80003.4	0.0162165
80103.4	0.0200644
80203.4	0.0245838
80303.4	0.0298288
80403.4	0.0358416
80503.4	0.0426491
80603.4	0.0502586
80703.4	0.0586535
80803.4	0.0677902
80903.4	0.0775956
81003.4	0.0879652
81103.4	0.0987638
81203.4	0.109826
81303.4	0.12096
81403.4	0.131954
81503.4	0.142578
81603.4	0.152597
81703.4	0.161777
81803.4	0.169893
81903.4	0.176741
82003.4	0.182146
82103.4	0.185967
82203.4	0.188107
82303.4	0.188515
82403.4	0.187188
82503.4	0.184171
82603.4	0.179556
82703.4	0.173474
82803.4	0.166092
82903.4	0.157605
83003.4	0.148226
83103.4	0.138178
83203.4	0.127685
83303.4	0.116965
83403.4	0.106223
83503.4	0.0956444
83603.4	0.0853893
83703.4	0.0755931
83803.4	0.0663628
83903.4	0.0577778
84003.4	0.0498905
84103.4	0.0427289
84203.4	0.0362994
84303.4	0.0305895
84403.4	0.0255719
84503.4	0.0212074
84603.4	0.0174488
84703.4	0.0142432
84803.4	0.0115352
84903.4	0.00926874
85003.4	0.00738926
85103.4	0.00584472
85203.4	0.00458676
85303.4	0.00357124
85403.4	0.00275862
85503.4	0.00211403
85603.4	0.00160716
85703.4	0.00121204
85803.4	0.000906697
85903.4	0.000672773
86003.4	0.000495121
86103.4	0.000361378
86203.4	0.000261572
86303.4	0.000187745
86403.4	0.000133618
86503.4	9.42862e-05
86603.4	6.59611e-05
86703.4	4.5746e-05
86803.4	3.14495e-05
86903.4	2.14308e-05
87003.4	1.44744e-05
87103.4	9.6888e-06
87203.4	6.42717e-06
87303.4	4.22497e-06
87403.4	2.75205e-06
87503.4	1.77621e-06
87603.4	1.13583e-06
87703.4	7.19608e-07
87803.4	4.51666e-07
87903.4	2.8084e-07
88003.4	1.72983e-07
88103.4	1.05544e-07
