73179.3	1.8949e-09
73279.3	3.11286e-09
73379.3	5.06281e-09
73479.3	8.15235e-09
73579.3	1.29967e-08
73679.3	2.05138e-08
73779.3	3.20568e-08
73879.3	4.9597e-08
73979.3	7.59721e-08
74079.3	1.15217e-07
74179.3	1.73e-07
74279.3	2.57184e-07
74379.3	3.78539e-07
74479.3	5.51633e-07
74579.3	7.95915e-07
74679.3	1.13701e-06
74779.3	1.60822e-06
74879.3	2.25225e-06
74979.3	3.12312e-06
75079.3	4.28814e-06
75179.3	5.82998e-06
75279.3	7.8487e-06
75379.3	1.04635e-05
75479.3	1.38142e-05
75579.3	1.80619e-05
75679.3	2.33898e-05
75779.3	3.00016e-05
75879.3	3.81209e-05
75979.3	4.79881e-05
76079.3	5.98574e-05
76179.3	7.3993e-05
76279.3	9.06656e-05
76379.3	0.000110149
76479.3	0.000132717
76579.3	0.000158649
76679.3	0.000188227
76779.3	0.00022175
76879.3	0.000259544
76979.3	0.000301984
77079.3	0.000349519
77179.3	0.000402701
77279.3	0.000462221
77379.3	0.000528945
77479.3	0.000603949
77579.3	0.000688544
77679.3	0.0007843
77779.3	0.000893043
77879.3	0.00101684
77979.3	0.00115797
78079.3	0.00131881
78179.3	0.00150178
78279.3	0.00170919
78379.3	0.00194308
78479.3	0.00220502
78579.3	0.00249597
78679.3	0.00281601
78779.3	0.00316423
78879.3	0.0035385
78979.3	0.00393543
79079.3	0.00435025
79179.3	0.00477689
79279.3	0.005208
79379.3	0.00563518
79479.3	0.00604916
79579.3	0.00644021
79679.3	0.00679842
79779.3	0.00711418
79879.3	0.00737855
79979.3	0.00758372
80079.3	0.00772331
80179.3	0.00779277
80279.3	0.00778953
80379.3	0.00771318
80479.3	0.00756545
80579.3	0.00735016
80679.3	0.00707303
80779.3	0.0067414
80879.3	0.00636387
80979.3	0.00594994
81079.3	0.00550961
81179.3	0.00505292
81279.3	0.0045896
81379.3	0.00412876
81479.3	0.00367853
81579.3	0.00324596
81679.3	0.00283677
81779.3	0.0024554
81879.3	0.00210494
81979.3	0.00178722
82079.3	0.00150293
82179.3	0.00125179
82279.3	0.00103265
82379.3	0.000843743
82479.3	0.000682822
82579.3	0.000547328
82679.3	0.000434545
82779.3	0.000341722
82879.3	0.000266175
82979.3	0.000205363
83079.3	0.000156942
83179.3	0.000118802
83279.3	8.90806e-05
83379.3	6.61633e-05
83479.3	4.86778e-05
83579.3	3.54756e-05
83679.3	2.56103e-05
83779.3	1.83144e-05
83879.3	1.29738e-05
83979.3	9.1041e-06
84079.3	6.32863e-06
84179.3	4.358e-06
84279.3	2.97285e-06
84379.3	2.00895e-06
84479.3	1.34486e-06
84579.3	8.91873e-07
84679.3	5.85929e-07
84779.3	3.81334e-07
84879.3	2.4586e-07
84979.3	1.57033e-07
85079.3	9.93617e-08
85179.3	6.22831e-08
85279.3	3.86764e-08
85379.3	2.37929e-08
85479.3	1.45001e-08
85579.3	8.7543e-09
85679.3	5.23595e-09
85779.3	3.10236e-09
