5422.09	4.52928e-09
5522.09	7.63416e-09
5622.09	1.27566e-08
5722.09	2.11335e-08
5822.09	3.47127e-08
5922.09	5.65333e-08
6022.09	9.12928e-08
6122.09	1.46184e-07
6222.09	2.32118e-07
6322.09	3.65487e-07
6422.09	5.70691e-07
6522.09	8.83696e-07
6622.09	1.35701e-06
6722.09	2.06653e-06
6822.09	3.12093e-06
6922.09	4.67416e-06
7022.09	6.94222e-06
7122.09	1.02249e-05
7222.09	1.49342e-05
7322.09	2.16298e-05
7422.09	3.10642e-05
7522.09	4.42371e-05
7622.09	6.24624e-05
7722.09	8.74457e-05
7822.09	0.000121374
7922.09	0.000167018
8022.09	0.000227838
8122.09	0.000308104
8222.09	0.000413002
8322.09	0.000548743
8422.09	0.000722646
8522.09	0.000943192
8622.09	0.00122003
8722.09	0.00156392
8822.09	0.00198659
8922.09	0.00250055
9022.09	0.00311869
9122.09	0.0038539
9222.09	0.00471845
9322.09	0.00572339
9422.09	0.00687768
9522.09	0.00818748
9622.09	0.0096552
9722.09	0.0112787
9822.09	0.0130507
9922.09	0.0149577
10022.1	0.0169802
10122.1	0.0190923
10222.1	0.0212616
10322.1	0.0234502
10422.1	0.0256153
10522.1	0.0277106
10622.1	0.0296878
10722.1	0.0314982
10822.1	0.0330951
10922.1	0.0344353
11022.1	0.0354813
11122.1	0.0362031
11222.1	0.0365793
11322.1	0.0365987
11422.1	0.0362602
11522.1	0.0355734
11622.1	0.0345578
11722.1	0.0332423
11822.1	0.0316633
11922.1	0.0298633
12022.1	0.0278891
12122.1	0.0257895
12222.1	0.0236136
12322.1	0.0214086
12422.1	0.0192186
12522.1	0.0170829
12622.1	0.0150351
12722.1	0.0131025
12822.1	0.0113059
12922.1	0.00965957
13022.1	0.00817171
13122.1	0.00684495
13222.1	0.00567714
13322.1	0.0046622
13422.1	0.00379101
13522.1	0.00305227
13622.1	0.00243329
13722.1	0.00192075
13822.1	0.00150125
13922.1	0.00116183
14022.1	0.000890307
14122.1	0.000675534
14222.1	0.000507536
14322.1	0.000377572
14422.1	0.00027813
14522.1	0.000202868
14622.1	0.000146521
14722.1	0.000104788
14822.1	7.42068e-05
14922.1	5.20362e-05
15022.1	3.61326e-05
15122.1	2.48443e-05
15222.1	1.69158e-05
15322.1	1.14051e-05
15422.1	7.61467e-06
15522.1	5.03445e-06
15622.1	3.29615e-06
15722.1	2.13708e-06
15822.1	1.37213e-06
15922.1	8.72445e-07
16022.1	5.49355e-07
16122.1	3.42568e-07
16222.1	2.11555e-07
16322.1	1.29386e-07
16422.1	7.83697e-08
16522.1	4.70121e-08
16622.1	2.79305e-08
16722.1	1.64347e-08
16822.1	9.57778e-09
16922.1	5.52837e-09
