491907	6.88455e-08
492007	1.16994e-07
492107	1.96976e-07
492207	3.28569e-07
492307	5.42994e-07
492407	8.89027e-07
492507	1.44205e-06
492607	2.31731e-06
492707	3.68912e-06
492807	5.81819e-06
492907	9.09021e-06
493007	1.40694e-05
493107	2.15716e-05
493207	3.27637e-05
493307	4.92942e-05
493407	7.34662e-05
493507	0.000108457
493607	0.000158601
493707	0.00022973
493807	0.000329602
493907	0.000468398
494007	0.000659307
494107	0.000919179
494207	0.00126925
494307	0.00173588
494407	0.00235133
494507	0.00315444
494607	0.00419121
494707	0.00551518
494807	0.00718749
494907	0.00927655
495007	0.0118572
495107	0.0150092
495207	0.0188153
495307	0.023358
495407	0.028716
495507	0.0349604
495607	0.0421488
495707	0.0503207
495807	0.0594918
495907	0.0696486
496007	0.0807438
496107	0.0926922
496207	0.105369
496307	0.118607
496407	0.132201
496507	0.14591
496607	0.159462
496707	0.172562
496807	0.184906
496907	0.196187
497007	0.20611
497107	0.214406
497207	0.220841
497307	0.225231
497407	0.227445
497507	0.227418
497607	0.22515
497707	0.220706
497807	0.214216
497907	0.205864
498007	0.195885
498107	0.184549
498207	0.172152
498307	0.159
498407	0.145402
498507	0.131652
498607	0.118023
498707	0.104758
498807	0.0920643
498907	0.0801079
499007	0.0690145
499107	0.058869
499207	0.0497181
499307	0.0415746
499407	0.034422
499507	0.0282197
499607	0.022909
499707	0.0184185
499807	0.0146691
499907	0.0115788
500007	0.00906612
500107	0.00705365
500207	0.00547026
500307	0.00425295
500407	0.00334807
500507	0.00271213
500607	0.00231221
500707	0.00212619
500807	0.00214283
500907	0.00236173
501007	0.00279322
501107	0.00345825
501207	0.00438815
501307	0.00562427
501407	0.00721743
501507	0.00922707
501607	0.01172
501707	0.0147685
501807	0.0184485
501907	0.022836
502007	0.0280039
502107	0.0340178
502207	0.0409314
502307	0.0487812
502407	0.0575818
502507	0.0673204
502607	0.0779531
502707	0.0894005
502807	0.101546
502907	0.114235
503007	0.127276
503107	0.140442
503207	0.15348
503307	0.166114
503407	0.178056
503507	0.189016
503607	0.198714
503707	0.206893
503807	0.213326
503907	0.217832
504007	0.22028
504107	0.220597
504207	0.218772
504307	0.214858
504407	0.208965
504507	0.201258
504607	0.19195
504707	0.181292
504807	0.169557
504907	0.157037
505007	0.144023
505107	0.130799
505207	0.117628
505307	0.104751
505407	0.0923709
505507	0.0806573
505607	0.0697397
505707	0.0597092
505807	0.0506205
505907	0.0424944
506007	0.0353228
506107	0.0290734
506207	0.0236946
506307	0.0191213
506407	0.0152789
506507	0.0120886
506607	0.00947038
506707	0.00734619
506807	0.00564235
506907	0.00429099
507007	0.00323114
507107	0.00240908
507207	0.00177845
507307	0.00129995
507407	0.000940818
507507	0.00067418
507607	0.00047834
507707	0.000336036
507807	0.000233735
507907	0.000160971
508007	0.000109763
508107	7.41055e-05
508207	4.95368e-05
508307	3.27859e-05
508407	2.14846e-05
508507	1.39395e-05
508607	8.95461e-06
508707	5.69541e-06
508807	3.58658e-06
508907	2.23621e-06
509007	1.38045e-06
509107	8.4373e-07
