1774.75	5.3734e-09
1874.75	9.04926e-09
1974.75	1.5089e-08
2074.75	2.4911e-08
2174.75	4.07198e-08
2274.75	6.59024e-08
2374.75	1.05604e-07
2474.75	1.67547e-07
2574.75	2.63194e-07
2674.75	4.0935e-07
2774.75	6.30368e-07
2874.75	9.61108e-07
2974.75	1.45087e-06
3074.75	2.16852e-06
3174.75	3.20905e-06
3274.75	4.70182e-06
3374.75	6.82077e-06
3474.75	9.79662e-06
3574.75	1.39314e-05
3674.75	1.96151e-05
3774.75	2.73439e-05
3874.75	3.77404e-05
3974.75	5.15734e-05
4074.75	6.97781e-05
4174.75	9.3473e-05
4274.75	0.000123973
4374.75	0.000162795
4474.75	0.000211654
4574.75	0.000272449
4674.75	0.000347229
4774.75	0.000438145
4874.75	0.000547384
4974.75	0.000677074
5074.75	0.000829186
5174.75	0.0010054
5274.75	0.00120696
5374.75	0.00143456
5474.75	0.00168817
5574.75	0.00196689
5674.75	0.00226889
5774.75	0.0025913
5874.75	0.00293014
5974.75	0.00328041
6074.75	0.00363611
6174.75	0.00399037
6274.75	0.00433567
6374.75	0.00466409
6474.75	0.00496759
6574.75	0.00523831
6674.75	0.00546894
6774.75	0.00565304
6874.75	0.00578532
6974.75	0.00586191
7074.75	0.00588054
7174.75	0.00584064
7274.75	0.00574341
7374.75	0.00559171
7474.75	0.00538996
7574.75	0.00514388
7674.75	0.00486029
7774.75	0.00454672
7874.75	0.00421113
7974.75	0.00386157
8074.75	0.00350585
8174.75	0.00315129
8274.75	0.00280444
8374.75	0.00247098
8474.75	0.00215554
8574.75	0.00186169
8674.75	0.00159192
8774.75	0.00134772
8874.75	0.00112965
8974.75	0.000937449
9074.75	0.000770223
9174.75	0.00062654
9274.75	0.000504596
9374.75	0.000402349
9474.75	0.000317632
9574.75	0.000248261
9674.75	0.000192113
9774.75	0.000147186
9874.75	0.000111645
9974.75	8.38447e-05
10074.7	6.23411e-05
10174.7	4.58918e-05
10274.7	3.34471e-05
10374.7	2.41348e-05
10474.7	1.72422e-05
10574.7	1.21956e-05
10674.7	8.54035e-06
10774.7	5.92121e-06
10874.7	4.0645e-06
10974.7	2.76227e-06
11074.7	1.85861e-06
11174.7	1.23814e-06
11274.7	8.16613e-07
11374.7	5.33241e-07
11474.7	3.4474e-07
11574.7	2.2066e-07
11674.7	1.39835e-07
11774.7	8.77345e-08
11874.7	5.44988e-08
11974.7	3.3517e-08
12074.7	2.04082e-08
12174.7	1.23029e-08
