10183.6	3.42098e-08
10283.6	5.6191e-08
10383.6	9.13777e-08
10483.6	1.4712e-07
10583.6	2.3451e-07
10683.6	3.70092e-07
10783.6	5.78251e-07
10883.6	8.94501e-07
10983.6	1.36995e-06
11083.6	2.07723e-06
11183.6	3.11833e-06
11283.6	4.63468e-06
11383.6	6.81985e-06
11483.6	9.93546e-06
11583.6	1.43304e-05
11683.6	2.0464e-05
11783.6	2.89319e-05
11883.6	4.04971e-05
11983.6	5.61213e-05
12083.6	7.7e-05
12183.6	0.000104595
12283.6	0.000140667
12383.6	0.000187296
12483.6	0.000246902
12583.6	0.000322239
12683.6	0.00041638
12783.6	0.000532673
12883.6	0.000674667
12983.6	0.000846012
13083.6	0.00105032
13183.6	0.001291
13283.6	0.00157104
13383.6	0.00189281
13483.6	0.00225781
13583.6	0.00266639
13683.6	0.00311759
13783.6	0.00360888
13883.6	0.00413604
13983.6	0.00469306
14083.6	0.00527211
14183.6	0.00586371
14283.6	0.00645681
14383.6	0.00703918
14483.6	0.00759775
14583.6	0.00811907
14683.6	0.00858985
14783.6	0.00899754
14883.6	0.00933083
14983.6	0.00958022
15083.6	0.00973843
15183.6	0.00980078
15283.6	0.00976543
15383.6	0.00963342
15483.6	0.00940866
15583.6	0.00909775
15683.6	0.00870961
15783.6	0.00825509
15883.6	0.00774647
15983.6	0.00719688
16083.6	0.00661977
16183.6	0.00602838
16283.6	0.00543521
16383.6	0.00485167
16483.6	0.00428771
16583.6	0.0037516
16683.6	0.00324988
16783.6	0.00278726
16883.6	0.00236671
16983.6	0.00198963
17083.6	0.00165599
17183.6	0.00136459
17283.6	0.00111328
17383.6	0.00089922
17483.6	0.000719096
17583.6	0.000569332
17683.6	0.000446276
17783.6	0.000346338
17883.6	0.000266107
17983.6	0.000202428
18083.6	0.000152456
18183.6	0.000113678
18283.6	8.39201e-05
18383.6	6.1336e-05
18483.6	4.43838e-05
18583.6	3.17974e-05
18683.6	2.25537e-05
18783.6	1.58381e-05
18883.6	1.10115e-05
18983.6	7.57967e-06
19083.6	5.1655e-06
19183.6	3.48524e-06
19283.6	2.32816e-06
19383.6	1.53976e-06
19483.6	1.00821e-06
19583.6	6.53592e-07
19683.6	4.19491e-07
19783.6	2.66562e-07
19883.6	1.67699e-07
19983.6	1.04454e-07
20083.6	6.44135e-08
20183.6	3.93268e-08
20283.6	2.37716e-08
