46641	2.64009e-08
46741	4.35462e-08
46841	7.11136e-08
46941	1.14981e-07
47041	1.84065e-07
47141	2.91736e-07
47241	4.57804e-07
47341	7.11283e-07
47441	1.09415e-06
47541	1.66643e-06
47641	2.51287e-06
47741	3.75168e-06
47841	5.5457e-06
47941	8.11637e-06
48041	1.17609e-05
48141	1.68732e-05
48241	2.39678e-05
48341	3.37082e-05
48441	4.69374e-05
48541	6.47111e-05
48641	8.83315e-05
48741	0.00011938
48841	0.000159743
48941	0.000211638
49041	0.000277616
49141	0.000360556
49241	0.000463641
49341	0.000590298
49441	0.000744117
49541	0.000928735
49641	0.00114769
49741	0.00140424
49841	0.00170113
49941	0.00204042
50041	0.00242317
50141	0.00284927
50241	0.00331718
50341	0.00382375
50441	0.00436412
50541	0.00493163
50641	0.00551787
50741	0.00611282
50841	0.00670502
50941	0.00728197
51041	0.00783047
51141	0.00833715
51241	0.008789
51341	0.00917391
51441	0.00948118
51541	0.00970208
51641	0.0098302
51741	0.00986179
51841	0.00979594
51941	0.0096346
52041	0.00938253
52141	0.00904703
52241	0.00863758
52341	0.00816544
52441	0.0076431
52541	0.00708374
52641	0.00650069
52741	0.00590693
52841	0.0053146
52941	0.00473464
53041	0.00417649
53141	0.00364792
53241	0.00315493
53341	0.00270176
53441	0.00229095
53541	0.00192353
53641	0.00159918
53741	0.00131647
53841	0.00107311
53941	0.00086615
54041	0.000692251
54141	0.000547842
54241	0.000429308
54341	0.000333125
54441	0.000255958
54541	0.000194741
54641	0.000146715
54741	0.000109451
54841	8.08525e-05
54941	5.91425e-05
55041	4.28389e-05
55141	3.07264e-05
55241	2.18232e-05
55341	1.53484e-05
55441	1.06892e-05
55541	7.37168e-06
55641	5.03418e-06
55741	3.40433e-06
55841	2.2797e-06
55941	1.51171e-06
56041	9.92672e-07
56141	6.4549e-07
56241	4.15643e-07
56341	2.65034e-07
56441	1.67353e-07
56541	1.04644e-07
56641	6.47966e-08
56741	3.97322e-08
56841	2.41261e-08
56941	1.45074e-08
57041	8.63871e-09
