813653	2.17006e-07
813753	3.57649e-07
813853	5.83736e-07
813953	9.4353e-07
814053	1.51036e-06
814153	2.3944e-06
814253	3.75935e-06
814353	5.84569e-06
814453	9.00268e-06
814553	1.37319e-05
814653	2.07451e-05
814753	3.10412e-05
814853	4.60053e-05
814953	6.75354e-05
815053	9.82012e-05
815153	0.000141441
815253	0.000201795
815353	0.000285193
815453	0.000399268
815553	0.000553732
815653	0.000760767
815753	0.00103546
815853	0.0013962
815953	0.00186514
816053	0.00246847
816153	0.00323676
816253	0.00420501
816353	0.00541261
816453	0.00690298
816553	0.00872301
816653	0.010922
816753	0.0135505
816853	0.0166583
816953	0.0202924
817053	0.0244947
817153	0.0292988
817253	0.0347276
817353	0.0407894
817453	0.0474761
817553	0.0547593
817653	0.0625892
817753	0.0708925
817853	0.0795724
817953	0.0885085
818053	0.0975591
818153	0.106564
818253	0.115347
818353	0.123725
818453	0.131509
818553	0.138516
818653	0.144573
818753	0.149522
818853	0.153234
818953	0.155606
819053	0.156571
819153	0.1561
819253	0.154204
819353	0.150931
819453	0.146368
819553	0.140632
819653	0.133871
819753	0.126254
819853	0.117964
819953	0.109192
820053	0.100129
820153	0.090959
820253	0.0818539
820353	0.0729679
820453	0.0644338
820553	0.0563607
820653	0.0488326
820753	0.0419088
820853	0.035625
820953	0.0299951
821053	0.0250139
821153	0.0206606
821253	0.0169015
821353	0.0136937
821453	0.010988
821553	0.00873214
821653	0.00687248
821753	0.00535663
821853	0.00413475
821953	0.00316067
822053	0.00239264
822153	0.00179365
822253	0.00133154
822353	0.000978858
822453	0.000712579
822553	0.000513675
822653	0.000366674
822753	0.000259182
822853	0.000181409
822953	0.000125729
823053	8.62852e-05
823153	5.86346e-05
823253	3.94535e-05
823353	2.62863e-05
823453	1.73412e-05
823553	1.13276e-05
823653	7.32649e-06
823753	4.69197e-06
823853	2.97518e-06
823953	1.86795e-06
824053	1.16121e-06
824153	7.14741e-07
824253	4.35587e-07
824353	2.62839e-07
824453	1.57032e-07
824553	9.28908e-08
824653	5.4405e-08
824753	3.15491e-08
824853	1.8114e-08
824953	1.02972e-08
825053	5.79565e-09
825153	3.22969e-09
825253	1.78194e-09
825353	9.73423e-10
825453	5.2648e-10
825553	2.81925e-10
825653	1.49471e-10
825753	7.84606e-11
825853	4.07769e-11
825953	2.0982e-11
826053	1.06892e-11
826153	5.39156e-12
826253	2.69246e-12
826353	1.33122e-12
826453	6.51653e-13
826553	3.15826e-13
826653	1.51546e-13
826753	7.19955e-14
826853	3.38633e-14
826953	1.57695e-14
827053	7.27058e-15
827153	3.31882e-15
827253	1.49989e-15
827353	6.71117e-16
827453	2.97302e-16
827553	1.30395e-16
827653	5.66217e-17
827753	2.43426e-17
827853	1.03613e-17
827953	4.36634e-18
828053	1.82173e-18
828153	7.52505e-19
828253	3.07748e-19
828353	1.24607e-19
828453	4.99512e-20
828553	1.98249e-20
828653	7.78996e-21
828753	3.03053e-21
828853	1.16724e-21
828953	4.45105e-22
829053	1.68044e-22
829153	6.28119e-23
829253	2.32445e-23
829353	8.5164e-24
829453	3.08923e-24
829553	1.10944e-24
829653	3.94471e-25
829753	1.38862e-25
829853	4.83963e-26
829953	1.66993e-26
830053	5.70482e-27
830153	1.9295e-27
830253	6.46106e-28
830353	2.14201e-28
830453	7.03067e-29
830553	2.2847e-29
830653	7.35057e-30
830753	2.34137e-30
830853	7.38373e-31
830953	2.30537e-31
831053	7.12626e-32
831153	2.18092e-32
831253	6.60811e-33
831353	1.98231e-33
831453	5.88739e-34
831553	1.73114e-34
831653	5.03963e-35
831753	1.45252e-35
831853	4.1448e-36
831953	1.17096e-36
832053	3.2752e-37
832153	9.06966e-38
832253	2.48658e-38
832353	6.74947e-39
832453	1.81382e-39
832553	4.82589e-40
832653	1.27121e-40
832753	3.31523e-41
832853	8.55988e-42
832953	2.18816e-42
833053	5.53794e-43
833153	1.38763e-43
833253	3.44236e-44
833353	8.45467e-45
833453	2.05586e-45
833553	4.94936e-46
833653	1.17967e-46
833753	2.78374e-47
833853	6.50362e-48
833953	1.50431e-48
834053	3.44492e-49
834153	7.81045e-50
834253	1.7532e-50
834353	3.89621e-51
834453	8.57257e-52
834553	1.8674e-52
834653	4.02735e-53
834753	8.59924e-54
834853	1.81785e-54
834953	3.80462e-55
835053	7.88357e-56
835153	1.6173e-56
835253	3.28486e-57
835353	6.60541e-58
835453	1.31504e-58
835553	2.59201e-59
835653	5.05814e-60
835753	9.77241e-61
835853	1.86926e-61
835953	3.53993e-62
836053	6.63709e-63
836153	1.23202e-63
836253	2.26419e-64
836353	4.11971e-65
836453	7.42126e-66
836553	1.32357e-66
836653	2.33706e-67
836753	4.08556e-68
836853	7.07116e-69
836953	1.21168e-69
837053	2.05561e-70
837153	3.45263e-71
837253	5.74139e-72
837353	9.45239e-73
837453	1.54072e-73
837553	2.48634e-74
837653	3.97243e-75
837753	6.28361e-76
837853	9.84054e-77
837953	1.52576e-77
838053	2.34212e-78
838153	3.55951e-79
838253	5.35584e-80
838353	7.97853e-81
838453	1.17672e-81
838553	1.71824e-82
838653	2.48399e-83
838753	3.55527e-84
838853	5.03794e-85
838953	7.0679e-86
839053	9.81714e-87
839153	1.35001e-87
839253	1.838e-88
839353	2.47748e-89
839453	3.30623e-90
839553	4.3683e-91
839653	5.71411e-92
839753	7.40019e-93
839853	9.48841e-94
839953	1.20448e-94
840053	1.51379e-95
840153	1.8836e-96
840253	2.32042e-97
840353	2.83011e-98
840453	3.4174e-99
840553	4.08551e-100
840653	4.83564e-101
840753	5.66654e-102
840853	6.57415e-103
840953	7.55123e-104
841053	8.58724e-105
841153	9.66821e-106
841253	1.07769e-106
841353	1.18933e-107
841453	1.29947e-108
841553	1.40568e-109
841653	1.50544e-110
841753	1.59624e-111
841853	1.67568e-112
841953	1.74157e-113
842053	1.79203e-114
842153	1.82562e-115
842253	1.84132e-116
842353	1.83868e-117
842453	1.81778e-118
842553	1.77923e-119
842653	1.72417e-120
842753	1.65419e-121
842853	1.57126e-122
842953	1.47764e-123
843053	1.37577e-124
843153	1.26817e-125
843253	1.15736e-126
843353	1.04572e-127
843453	9.35452e-129
843553	8.28483e-130
843653	7.26444e-131
843753	6.30635e-132
843853	5.42015e-133
843953	4.61213e-134
844053	3.88551e-135
844153	3.2408e-136
844253	2.67617e-137
844353	2.18792e-138
844453	1.77096e-139
844553	1.41919e-140
844653	1.12598e-141
844753	8.84456e-143
844853	6.87828e-144
844953	5.29591e-145
845053	4.03699e-146
845153	3.04672e-147
845253	2.27648e-148
845353	1.68404e-149
845453	1.23339e-150
845553	8.94339e-152
845653	6.4204e-153
845753	4.5633e-154
845853	3.2111e-155
845953	2.2371e-156
846053	1.54303e-157
846153	1.0537e-158
846253	7.12395e-160
846353	4.76848e-161
846453	3.16007e-162
846553	2.07334e-163
846653	1.34679e-164
846753	8.6614e-166
846853	5.51484e-167
846953	3.47644e-168
847053	2.16967e-169
847153	1.34063e-170
847253	8.20129e-172
847353	4.96721e-173
847453	2.97851e-174
847553	1.76825e-175
847653	1.03931e-176
847753	6.04787e-178
847853	3.48432e-179
847953	1.98742e-180
848053	1.12233e-181
848153	6.27489e-183
848253	3.47336e-184
848353	1.90349e-185
848453	1.03278e-186
848553	5.54782e-188
848653	2.95049e-189
848753	1.55354e-190
848853	8.09857e-192
848953	4.17976e-193
849053	2.13575e-194
849153	1.08046e-195
849253	5.41156e-197
849353	2.68345e-198
849453	1.31741e-199
849553	6.40334e-201
849653	3.0814e-202
849753	1.46807e-203
849853	6.92475e-205
849953	3.23383e-206
850053	1.49516e-207
850153	6.84409e-209
850253	3.1017e-210
850353	1.39169e-211
850453	6.18217e-213
850553	2.71892e-214
850653	1.18388e-215
850753	5.10363e-217
850853	2.17824e-218
850953	9.20428e-220
851053	3.85062e-221
851153	1.59488e-222
851253	6.54009e-224
851353	2.65519e-225
851453	1.06725e-226
851553	4.24709e-228
851653	1.6733e-229
851753	6.52703e-231
851853	2.52065e-232
851953	9.63757e-234
852053	3.6482e-235
852153	1.36725e-236
852253	5.0731e-238
852353	1.86361e-239
852453	6.77791e-241
852553	2.44058e-242
852653	8.70055e-244
852753	3.07084e-245
852853	1.07306e-246
852953	3.71236e-248
853053	1.27155e-249
853153	4.31193e-251
853253	1.44766e-252
853353	4.81195e-254
853453	1.58355e-255
853553	5.1594e-257
853653	1.66427e-258
853753	5.31502e-260
853853	1.68052e-261
853953	5.26065e-263
854053	1.63039e-264
854153	5.00267e-266
854253	1.51974e-267
854353	4.5708e-269
854453	1.36105e-270
854553	4.01246e-272
854653	1.17113e-273
854753	3.38422e-275
854853	9.68204e-277
854953	2.74242e-278
855053	7.69053e-280
855153	2.13519e-281
855253	5.86913e-283
855353	1.59723e-284
855453	4.30348e-286
855553	1.14796e-287
855653	3.03175e-289
855753	7.92714e-291
855853	2.05209e-292
855953	5.25936e-294
856053	1.33452e-295
856153	3.35257e-297
856253	8.33845e-299
856353	2.05329e-300
856453	5.00579e-302
856553	1.20823e-303
856653	2.88727e-305
856753	6.83094e-307
856853	1.60004e-308
856953	3.71055e-310
857053	8.51927e-312
857153	1.93653e-313
857253	4.35815e-315
857353	9.71041e-317
857453	2.14205e-318
857553	4.67831e-320
857653	1.01283e-321
857753	1.97626e-323
857853	0
857953	0
858053	0
858153	0
858253	0
858353	0
858453	0
858553	0
858653	0
858753	0
858853	0
858953	0
859053	0
859153	0
859253	0
859353	0
859453	0
859553	0
859653	0
859753	0
859853	0
859953	0
860053	0
860153	0
860253	0
860353	0
860453	0
860553	0
860653	0
860753	0
860853	0
860953	0
861053	0
861153	0
861253	0
861353	0
861453	0
861553	0
861653	0
861753	0
861853	0
861953	0
862053	0
862153	0
862253	0
862353	0
862453	0
862553	0
862653	0
862753	0
862853	0
862953	0
863053	0
863153	0
863253	0
863353	0
863453	0
863553	0
863653	0
863753	0
863853	0
863953	0
864053	0
864153	0
864253	0
864353	0
864453	0
864553	0
864653	0
864753	0
864853	0
864953	0
865053	0
865153	0
865253	0
865353	0
865453	0
865553	0
865653	0
865753	0
865853	0
865953	0
866053	0
866153	0
866253	0
866353	0
866453	0
866553	0
866653	0
866753	0
866853	0
866953	0
867053	0
867153	0
867253	0
867353	0
867453	0
867553	0
867653	0
867753	0
867853	0
867953	0
868053	0
868153	0
868253	0
868353	0
868453	0
868553	0
868653	0
868753	0
868853	0
868953	0
869053	0
869153	0
869253	0
869353	0
869453	0
869553	0
869653	0
869753	0
869853	0
869953	4.94066e-324
870053	1.77864e-322
870153	8.22619e-321
870253	3.77308e-319
870353	1.71311e-317
870453	7.70079e-316
870553	3.42722e-314
870653	1.5101e-312
870753	6.58762e-311
870853	2.84517e-309
870953	1.21659e-307
871053	5.15036e-306
871153	2.15868e-304
871253	8.95769e-303
871353	3.68012e-301
871453	1.49687e-299
871553	6.02787e-298
871653	2.40326e-296
871753	9.48629e-295
871853	3.70722e-293
871953	1.43436e-291
872053	5.49445e-290
872153	2.08376e-288
872253	7.82402e-287
872353	2.9085e-285
872453	1.07045e-283
872553	3.90049e-282
872653	1.40712e-280
872753	5.02572e-279
872853	1.77715e-277
872953	6.22168e-276
873053	2.15649e-274
873153	7.40025e-273
873253	2.51421e-271
873353	8.45698e-270
873453	2.81634e-268
873553	9.28568e-267
873653	3.03109e-265
873753	9.79586e-264
873853	3.13432e-262
873953	9.9289e-261
874053	3.11399e-259
874153	9.66919e-258
874253	2.97249e-256
874353	9.0471e-255
874453	2.72619e-253
874553	8.13316e-252
874653	2.40226e-250
874753	7.02489e-249
874853	2.03384e-247
874953	5.82975e-246
875053	1.65441e-244
875153	4.64827e-243
875253	1.293e-241
875353	3.56093e-240
875453	9.70927e-239
875553	2.621e-237
875653	7.00496e-236
875753	1.85354e-234
875853	4.85574e-233
875953	1.25941e-231
876053	3.23398e-230
876153	8.22175e-229
876253	2.06943e-227
876353	5.15695e-226
876453	1.27231e-224
876553	3.1078e-223
876653	7.51573e-222
876753	1.79948e-220
876853	4.26559e-219
876953	1.00108e-217
877053	2.32606e-216
877153	5.35091e-215
877253	1.21869e-213
877353	2.748e-212
877453	6.13478e-211
877553	1.35594e-209
877653	2.96713e-208
877753	6.42827e-207
877853	1.37882e-205
877953	2.92807e-204
878053	6.15621e-203
878153	1.28146e-201
878253	2.6409e-200
878353	5.38839e-199
878453	1.08849e-197
878553	2.17695e-196
878653	4.31053e-195
878753	8.4503e-194
878853	1.64011e-192
878953	3.15159e-191
879053	5.9958e-190
879153	1.12934e-188
879253	2.106e-187
879353	3.88822e-186
879453	7.10728e-185
879553	1.28622e-183
879653	2.30455e-182
879753	4.08804e-181
879853	7.17965e-180
879953	1.24839e-178
880053	2.1491e-177
880153	3.66288e-176
880253	6.18085e-175
880353	1.0326e-173
880453	1.70796e-172
880553	2.79692e-171
880653	4.53464e-170
880753	7.27889e-169
880853	1.15677e-167
880953	1.82007e-166
881053	2.83524e-165
881153	4.37272e-164
881253	6.67687e-163
881353	1.00938e-161
881453	1.51076e-160
881553	2.2387e-159
881653	3.28441e-158
881753	4.77067e-157
881853	6.86059e-156
881953	9.76796e-155
882053	1.37691e-153
882153	1.92163e-152
882253	2.65518e-151
882353	3.63228e-150
882453	4.91954e-149
882553	6.59676e-148
882653	8.75787e-147
882753	1.15114e-145
882853	1.49802e-144
882953	1.93005e-143
883053	2.46196e-142
883153	3.10924e-141
883253	3.88768e-140
883353	4.81268e-139
883453	5.89857e-138
883553	7.1576e-137
883653	8.59906e-136
883753	1.02281e-134
883853	1.20449e-133
883953	1.40435e-132
884053	1.62109e-131
884153	1.85269e-130
884253	2.09633e-129
884353	2.34845e-128
884453	2.60474e-127
884553	2.86031e-126
884653	3.10974e-125
884753	3.34732e-124
884853	3.56727e-123
884953	3.7639e-122
885053	3.93191e-121
885153	4.06662e-120
885253	4.16417e-119
885353	4.2217e-118
885453	4.23751e-117
885553	4.21113e-116
885653	4.14336e-115
885753	4.03619e-114
885853	3.89274e-113
885953	3.71711e-112
886053	3.51415e-111
886153	3.28929e-110
886253	3.04824e-109
886353	2.79682e-108
886453	2.54065e-107
886553	2.28503e-106
886653	2.03473e-105
886753	1.79386e-104
886853	1.56581e-103
886953	1.35318e-102
887053	1.15782e-101
887153	9.80833e-101
887253	8.22654e-100
887353	6.83138e-99
887453	5.61654e-98
887553	4.57191e-97
887653	3.68465e-96
887753	2.94012e-95
887853	2.32276e-94
887953	1.81683e-93
888053	1.407e-92
888153	1.07881e-91
888253	8.1897e-91
888353	6.15549e-90
888453	4.58067e-89
888553	3.37495e-88
888653	2.46195e-87
888753	1.77813e-86
888853	1.27151e-85
888953	9.00225e-85
889053	6.31039e-84
889153	4.37962e-83
889253	3.00947e-82
889353	2.04748e-81
889453	1.37919e-80
889553	9.19826e-80
889653	6.07384e-79
889753	3.97097e-78
889853	2.57044e-77
889953	1.64739e-76
890053	1.04535e-75
890153	6.56762e-75
890253	4.08537e-74
890353	2.51614e-73
890453	1.53432e-72
890553	9.26359e-72
890653	5.53761e-71
890753	3.27753e-70
890853	1.92067e-69
890953	1.1144e-68
891053	6.40193e-68
891153	3.64137e-67
891253	2.0507e-66
891353	1.14346e-65
891453	6.31288e-65
891553	3.45078e-64
891653	1.86764e-63
891753	1.00082e-62
891853	5.31012e-62
891953	2.78959e-61
892053	1.45099e-60
892153	7.47265e-60
892253	3.81044e-59
892353	1.92382e-58
892453	9.61711e-58
892553	4.76008e-57
892653	2.33279e-56
892753	1.13195e-55
892853	5.43843e-55
892953	2.58709e-54
893053	1.21855e-53
893153	5.68288e-53
893253	2.62415e-52
893353	1.19979e-51
893453	5.43144e-51
893553	2.43457e-50
893653	1.08051e-49
893753	4.7482e-49
893853	2.066e-48
893953	8.90081e-48
894053	3.79689e-47
894153	1.60372e-46
894253	6.70698e-46
894353	2.77734e-45
894453	1.13876e-44
894553	4.62314e-44
894653	1.85843e-43
894753	7.39706e-43
894853	2.91526e-42
894953	1.13762e-41
895053	4.39569e-41
895153	1.68175e-40
895253	6.37093e-40
895353	2.38974e-39
895453	8.87581e-39
895553	3.26417e-38
895653	1.18863e-37
895753	4.2858e-37
895853	1.53013e-36
895953	5.4092e-36
896053	1.89343e-35
896153	6.56265e-35
896253	2.25227e-34
896353	7.65378e-34
896453	2.5754e-33
896553	8.58078e-33
896653	2.8309e-32
896753	9.24775e-32
896853	2.99133e-31
896953	9.58094e-31
897053	3.03856e-30
897153	9.54213e-30
897253	2.96715e-29
897353	9.13592e-29
897453	2.78537e-28
897553	8.40876e-28
897653	2.51362e-27
897753	7.44024e-27
897853	2.18069e-26
897953	6.32879e-26
898053	1.81873e-25
898153	5.17529e-25
898253	1.45822e-24
898353	4.06848e-24
898453	1.12399e-23
898553	3.07478e-23
898653	8.32889e-23
898753	2.23399e-22
898853	5.93334e-22
898953	1.56041e-21
899053	4.0635e-21
899153	1.04781e-20
899253	2.67541e-20
899353	6.76423e-20
899453	1.69344e-19
899553	4.19801e-19
899653	1.03048e-18
899753	2.50471e-18
899853	6.02836e-18
899953	1.43669e-17
900053	3.39038e-17
900153	7.92239e-17
900253	1.8331e-16
900353	4.1999e-16
900453	9.52824e-16
900553	2.14047e-15
900653	4.7613e-15
900753	1.04873e-14
900853	2.2873e-14
900953	4.93973e-14
901053	1.05634e-13
901153	2.23679e-13
901253	4.68992e-13
901353	9.73701e-13
901453	2.00173e-12
901553	4.07478e-12
901653	8.21336e-12
901753	1.63929e-11
901853	3.23973e-11
901953	6.33986e-11
902053	1.22848e-10
902153	2.35706e-10
902253	4.47807e-10
902353	8.42417e-10
902453	1.5692e-09
902553	2.8943e-09
902653	5.28595e-09
902753	9.55908e-09
902853	1.71168e-08
902953	3.03488e-08
903053	5.3281e-08
903153	9.26222e-08
903253	1.5943e-07
903353	2.71727e-07
903453	4.58571e-07
903553	7.66284e-07
903653	1.26789e-06
903753	2.07722e-06
903853	3.36968e-06
903953	5.41257e-06
904053	8.60844e-06
904153	1.35566e-05
904253	2.11389e-05
904353	3.26376e-05
904453	4.98952e-05
904553	7.55269e-05
904653	0.0001132
904753	0.000167995
904853	0.000246857
904953	0.000359166
905053	0.000517423
905153	0.000738067
905253	0.00104242
905353	0.00145778
905453	0.00201854
905553	0.00276745
905653	0.0037568
905753	0.00504955
905853	0.0067202
905953	0.00885537
906053	0.0115538
906153	0.0149258
906253	0.0190916
906353	0.0241791
906453	0.0303199
906553	0.0376451
906653	0.0462785
906753	0.05633
906853	0.0678875
906953	0.0810081
907053	0.0957097
907153	0.111962
907253	0.12968
907353	0.148717
907453	0.168864
907553	0.189844
907653	0.211321
907753	0.232902
907853	0.254149
907953	0.274591
908053	0.293743
908153	0.311122
908253	0.32627
908353	0.338771
908453	0.34827
908553	0.354494
908653	0.357258
908753	0.356481
908853	0.352187
908953	0.344502
909053	0.333652
909153	0.319949
909253	0.303776
909353	0.285573
909453	0.265812
909553	0.244981
909653	0.223564
909753	0.202019
909853	0.180768
909953	0.160183
910053	0.140576
910153	0.122195
910253	0.105222
910353	0.0897761
910453	0.0759177
910553	0.0636536
910653	0.0529457
910753	0.0437201
910853	0.035875
910953	0.0292899
911053	0.0238328
911153	0.0193674
911253	0.0157584
911353	0.0128763
911453	0.0106004
911553	0.00882114
911653	0.0074413
911753	0.00637657
911853	0.00555532
911953	0.00491801
912053	0.00441625
912153	0.00401161
912253	0.00367442
912353	0.00338248
912453	0.00311979
912553	0.00287544
912653	0.00264248
912753	0.00241704
912853	0.00219752
912953	0.00198382
913053	0.00177688
913153	0.00157816
913253	0.00138929
913353	0.00121185
913453	0.00104718
913553	0.000896269
913653	0.000759712
913753	0.000637698
913853	0.000530041
913953	0.000436226
914053	0.000355474
914153	0.000286806
914253	0.00022911
914353	0.000181206
914453	0.000141895
914553	0.000110008
914653	8.44396e-05
914753	6.41695e-05
914853	4.82803e-05
914953	3.59642e-05
915053	2.65235e-05
915153	1.93663e-05
915253	1.39998e-05
915353	1.00197e-05
915453	7.09979e-06
915553	4.98073e-06
915653	3.45938e-06
915753	2.37881e-06
915853	1.61949e-06
915953	1.09158e-06
916053	7.28432e-07
916153	4.8126e-07
916253	3.14794e-07
916353	2.0386e-07
916453	1.30705e-07
916553	8.29683e-08
916653	5.2142e-08
916753	3.2443e-08
916853	1.99853e-08
916953	1.21887e-08
917053	7.35973e-09
917153	4.3997e-09
917253	2.604e-09
917353	1.52587e-09
917453	8.85215e-10
917553	5.08438e-10
917653	2.89125e-10
917753	1.62776e-10
917853	9.07309e-11
917953	5.00718e-11
918053	2.73622e-11
918153	1.48122e-11
918253	7.95731e-12
918353	4.2722e-12
918453	2.35536e-12
918553	1.46075e-12
918653	1.24339e-12
918753	1.6452e-12
918853	2.89073e-12
918953	5.59978e-12
919053	1.1067e-11
919153	2.18211e-11
919253	4.26787e-11
919353	8.26818e-11
919453	1.58605e-10
919553	3.01227e-10
919653	5.6641e-10
919753	1.05445e-09
919853	1.94347e-09
919953	3.54639e-09
920053	6.40697e-09
920153	1.14598e-08
920253	2.02935e-08
920353	3.5579e-08
920453	6.17572e-08
920553	1.0613e-07
920653	1.80571e-07
920753	3.04168e-07
920853	5.07266e-07
920953	8.3756e-07
921053	1.36915e-06
921153	2.21588e-06
921253	3.55056e-06
921353	5.63255e-06
921453	8.84647e-06
921553	1.3756e-05
921653	2.11773e-05
921753	3.2278e-05
921853	4.8708e-05
921953	7.27697e-05
922053	0.000107636
922153	0.000157624
922253	0.00022853
922353	0.000328036
922453	0.000466184
922553	0.000655918
922653	0.000913691
922753	0.0012601
922853	0.00172056
922953	0.0023259
923053	0.00311292
923153	0.0041248
923253	0.00541122
923353	0.0070282
923453	0.00903754
923553	0.0115057
923653	0.0145022
923753	0.0180972
923853	0.0223586
923953	0.0273487
924053	0.0331196
924153	0.0397091
924253	0.047136
924353	0.0553952
924453	0.0644538
924553	0.0742476
924653	0.0846785
924753	0.0956139
924853	0.106887
924953	0.118301
925053	0.12963
925153	0.140632
925253	0.151048
925353	0.160622
925453	0.169104
925553	0.176262
925653	0.181895
925753	0.18584
925853	0.187982
925953	0.188257
926053	0.186657
926153	0.183229
926253	0.178075
926353	0.171345
926453	0.16323
926553	0.153954
926653	0.143763
926753	0.132913
926853	0.121664
926953	0.110263
927053	0.0989426
927153	0.087909
927253	0.0773385
927353	0.0673743
927453	0.0581247
927553	0.0496642
927653	0.0420345
927753	0.0352486
927853	0.0292942
927953	0.0241384
928053	0.0197322
928153	0.0160153
928253	0.0129203
928353	0.0103761
928453	0.00831173
928553	0.00665806
928653	0.00535034
928753	0.00432916
928853	0.00354134
928953	0.00294025
929053	0.00248583
929153	0.00214428
929253	0.00188767
929353	0.00169333
929453	0.00154328
929553	0.00142356
929653	0.00132365
929753	0.00123587
929853	0.00115486
929953	0.00107711
930053	0.00100053
930153	0.000924147
930253	0.000847741
930353	0.000771636
930453	0.000696483
930553	0.000623099
930653	0.000552342
930753	0.000485024
930853	0.000421841
930953	0.000363342
931053	0.000309902
931153	0.00026173
931253	0.000218867
931353	0.000181216
931453	0.000148556
931553	0.000120575
931653	9.68927e-05
931753	7.70886e-05
931853	6.07227e-05
931953	4.73557e-05
932053	3.6564e-05
932153	2.79508e-05
932253	2.1154e-05
932353	1.58508e-05
932453	1.17588e-05
932553	8.63647e-06
932653	6.28008e-06
932753	4.52118e-06
932853	3.22252e-06
932953	2.27403e-06
933053	1.58875e-06
933153	1.09893e-06
933253	7.52562e-07
933353	5.10237e-07
933453	3.42498e-07
933553	2.27615e-07
933653	1.49762e-07
933753	9.75573e-08
933853	6.29179e-08
933953	4.01741e-08
934053	2.53966e-08
934153	1.5895e-08
934253	9.84927e-09
934353	6.04232e-09
