338533	6.11739e-08
338633	1.01198e-07
338733	1.65784e-07
338833	2.68956e-07
338933	4.32109e-07
339033	6.87508e-07
339133	1.08327e-06
339233	1.69035e-06
339333	2.61213e-06
339433	3.99756e-06
339533	6.05871e-06
339633	9.09395e-06
339733	1.3518e-05
339833	1.99005e-05
339933	2.90141e-05
340033	4.18937e-05
340133	5.99079e-05
340233	8.48434e-05
340333	0.000119002
340433	0.000165306
340533	0.00022742
340633	0.000309865
340733	0.000418141
340833	0.000558832
340933	0.000739687
341033	0.000969673
341133	0.00125896
341233	0.00161887
341333	0.0020617
341433	0.00260047
341533	0.00324857
341633	0.00401927
341733	0.00492512
341833	0.00597726
341933	0.0071846
342033	0.008553
342133	0.0100844
342233	0.0117759
342333	0.0136194
342433	0.0156003
342533	0.0176979
342633	0.019885
342733	0.0221279
342833	0.0243875
342933	0.0266198
343033	0.0287774
343133	0.0308111
343233	0.0326715
343333	0.0343113
343433	0.035687
343533	0.0367609
343633	0.0375027
343733	0.0378913
343833	0.0379152
343933	0.0375737
344033	0.0368764
344133	0.035843
344233	0.0345025
344333	0.0328916
344433	0.0310532
344533	0.0290342
344633	0.0268841
344733	0.0246525
344833	0.0223874
344933	0.0201336
345033	0.0179313
345133	0.0158151
345233	0.0138134
345333	0.0119479
345433	0.0102341
345533	0.00868098
345633	0.00729199
345733	0.00606568
345833	0.00499651
345933	0.00407574
346033	0.00329227
346133	0.00263348
346233	0.00208599
346333	0.0016362
346433	0.00127087
346533	0.000977467
346633	0.000744459
346733	0.000561453
346833	0.000419294
346933	0.000310065
347033	0.000227047
347133	0.000164628
347233	0.0001182
347333	8.40333e-05
347433	5.9157e-05
347533	4.12362e-05
347633	2.84622e-05
347733	1.94524e-05
347833	1.3164e-05
347933	8.821e-06
348033	5.85269e-06
348133	3.84505e-06
348233	2.50123e-06
348333	1.61106e-06
348433	1.02748e-06
348533	6.48834e-07
348633	4.05692e-07
348733	2.51165e-07
348833	1.53964e-07
348933	9.34489e-08
349033	5.61597e-08
349133	3.34172e-08
349233	1.96883e-08
349333	1.14851e-08
349433	6.6337e-09
349533	3.79371e-09
349633	2.14813e-09
349733	1.20433e-09
349833	6.68519e-10
349933	3.67425e-10
350033	1.99944e-10
350133	1.07728e-10
350233	5.7469e-11
350333	3.03543e-11
350433	1.5874e-11
350533	8.21925e-12
350633	4.21364e-12
350733	2.13875e-12
350833	1.07483e-12
350933	5.34809e-13
351033	2.6347e-13
351133	1.28511e-13
351233	6.20618e-14
351333	2.96744e-14
351433	1.4048e-14
351533	6.58442e-15
351633	3.05558e-15
351733	1.40392e-15
351833	6.38649e-16
351933	2.87642e-16
352033	1.28266e-16
352133	5.66296e-17
352233	2.47539e-17
352333	1.0713e-17
352433	4.59039e-18
352533	1.9474e-18
352633	8.17952e-19
352733	3.40148e-19
352833	1.40047e-19
352933	5.70885e-20
353033	2.30403e-20
353133	9.2065e-21
353233	3.64222e-21
353333	1.4266e-21
353433	5.53228e-22
353533	2.12408e-22
353633	8.07422e-23
353733	3.03875e-23
353833	1.13228e-23
353933	4.17711e-24
354033	1.52567e-24
354133	5.51709e-25
354233	1.97525e-25
354333	7.00158e-26
354433	2.45715e-26
354533	8.53751e-27
354633	2.93692e-27
354733	1.00027e-27
354833	3.37287e-28
354933	1.12602e-28
355033	3.72181e-29
355133	1.21793e-29
355233	3.94596e-30
355333	1.26574e-30
355433	4.01972e-31
355533	1.26388e-31
355633	3.93442e-32
355733	1.21259e-32
355833	3.70004e-33
355933	1.11779e-33
356033	3.34329e-34
356133	9.90028e-35
356233	2.90256e-35
356333	8.42513e-36
356433	2.42137e-36
356533	6.89602e-37
356633	1.96775e-37
356733	6.41965e-38
356833	5.18303e-38
356933	1.37762e-37
357033	4.80761e-37
357133	1.7044e-36
357233	5.99464e-36
357333	2.08791e-35
357433	7.20045e-35
357533	2.45867e-34
357633	8.31253e-34
357733	2.78265e-33
357833	9.22306e-33
357933	3.02679e-32
358033	9.83516e-32
358133	3.16424e-31
358233	1.00797e-30
358333	3.17919e-30
358433	9.92829e-30
358533	3.06987e-29
358633	9.39841e-29
358733	2.84889e-28
358833	8.55039e-28
358933	2.54087e-27
359033	7.47593e-27
359133	2.17788e-26
359233	6.28188e-26
359333	1.79403e-25
359433	5.07289e-25
359533	1.42025e-24
359633	3.93695e-24
359733	1.08053e-23
359833	2.9363e-23
359933	7.90032e-23
360033	2.10461e-22
360133	5.55113e-22
360233	1.44968e-21
360333	3.7484e-21
360433	9.59623e-21
360533	2.43241e-20
360633	6.10452e-20
360733	1.51687e-19
360833	3.73184e-19
360933	9.09029e-19
361033	2.19236e-18
361133	5.23509e-18
361233	1.2377e-17
361333	2.89724e-17
361433	6.71477e-17
361533	1.54083e-16
361633	3.50072e-16
361733	7.87471e-16
361833	1.75384e-15
361933	3.86741e-15
362033	8.44357e-15
362133	1.82519e-14
362233	3.9063e-14
362333	8.27747e-14
362433	1.73662e-13
362533	3.60732e-13
362633	7.41892e-13
362733	1.51067e-12
362833	3.0456e-12
362933	6.07922e-12
363033	1.20143e-11
363133	2.35082e-11
363233	4.55422e-11
363333	8.73536e-11
363433	1.6589e-10
363533	3.11911e-10
363633	5.80649e-10
363733	1.07021e-09
363833	1.95297e-09
363933	3.52851e-09
364033	6.31191e-09
364133	1.11789e-08
364233	1.96025e-08
364333	3.40324e-08
364433	5.84985e-08
364533	9.95562e-08
364633	1.6775e-07
364733	2.79852e-07
364833	4.62237e-07
364933	7.55914e-07
365033	1.22392e-06
365133	1.96202e-06
365233	3.11405e-06
365333	4.89352e-06
365433	7.61361e-06
365533	1.17283e-05
365633	1.78876e-05
365733	2.70113e-05
365833	4.03845e-05
365933	5.9781e-05
366033	8.76175e-05
366133	0.000127145
366233	0.000182681
366333	0.00025988
366433	0.00036605
366533	0.000510506
366633	0.000704949
366733	0.000963862
366833	0.0013049
366933	0.00174926
367033	0.00232193
367133	0.00305191
367233	0.00397219
367333	0.0051196
367433	0.00653434
367533	0.00825928
367633	0.0103389
367733	0.0128178
367833	0.0157394
367933	0.0191434
368033	0.0230641
368133	0.027528
368233	0.0325515
368333	0.0381389
368433	0.044281
368533	0.0509536
368633	0.0581172
368733	0.0657171
368833	0.0736849
368933	0.0819398
369033	0.0903917
369133	0.0989443
369233	0.107499
369333	0.115957
369433	0.124227
369533	0.132223
369633	0.13987
369733	0.147105
369833	0.153878
369933	0.16015
370033	0.165892
370133	0.171082
370233	0.175705
370333	0.179745
370433	0.183186
370533	0.186008
370633	0.188184
370733	0.189683
370833	0.190466
370933	0.190491
371033	0.189716
371133	0.188099
371233	0.185607
371333	0.182217
371433	0.17792
371533	0.172728
371633	0.166671
371733	0.159803
371833	0.1522
371933	0.143957
372033	0.135187
372133	0.12602
372233	0.11659
372333	0.10704
372433	0.0975097
372533	0.0881336
372633	0.0790362
372733	0.0703283
372833	0.0621041
372933	0.05444
373033	0.0473939
373133	0.0410054
373233	0.0352971
373333	0.0302766
373433	0.0259383
373533	0.0222667
373633	0.019238
373733	0.0168232
373833	0.0149898
373933	0.0137036
374033	0.0129295
374133	0.0126328
374233	0.0127788
374333	0.0133328
374433	0.0142597
374533	0.0155226
374633	0.0170827
374733	0.0188981
374833	0.0209229
374933	0.0231073
375033	0.0253972
375133	0.027735
375233	0.0300599
375333	0.0323098
375433	0.0344225
375533	0.0363378
375633	0.0379997
375733	0.0393583
375833	0.040372
375933	0.0410093
376033	0.0412499
376133	0.0410856
376233	0.0405209
376333	0.0395722
376433	0.0382674
376533	0.036644
376633	0.0347478
376733	0.0326302
376833	0.0303461
376933	0.0279518
377033	0.0255021
377133	0.023049
377233	0.0206393
377333	0.0183139
377433	0.0161064
377533	0.0140428
377633	0.0121419
377733	0.010415
377833	0.00886664
377933	0.00749585
378033	0.00629671
378133	0.00525956
378233	0.00437203
378333	0.00361999
378433	0.00298846
378533	0.00246233
378633	0.00202699
378733	0.0016687
378833	0.001375
378933	0.00113478
379033	0.000938402
379133	0.000777687
379233	0.000645798
379333	0.000537135
379433	0.000447175
379533	0.000372317
379633	0.000309721
379733	0.000257161
379833	0.0002129
379933	0.00017557
380033	0.000144092
380133	0.000117594
380233	9.53617e-05
380333	7.6795e-05
380433	6.13806e-05
380533	4.86714e-05
380633	3.82734e-05
380733	2.98378e-05
380833	2.30553e-05
380933	1.7653e-05
381033	1.33916e-05
381133	1.00637e-05
381233	7.49109e-06
381333	5.5227e-06
381433	4.03224e-06
381533	2.91544e-06
381633	2.08739e-06
381733	1.47988e-06
381833	1.03888e-06
381933	7.22107e-07
382033	4.96971e-07
382133	3.38646e-07
382233	2.28476e-07
382333	1.5262e-07
382433	1.00938e-07
382533	6.60943e-08
382633	4.28491e-08
382733	2.75032e-08
382833	1.74779e-08
382933	1.09965e-08
383033	6.84987e-09
383133	4.22445e-09
383233	2.5794e-09
