893553	6.91347e-08
893653	1.14026e-07
893753	1.86201e-07
893853	3.0104e-07
893953	4.81875e-07
894053	7.6368e-07
894153	1.19827e-06
894253	1.86151e-06
894353	2.86315e-06
894453	4.36002e-06
894553	6.57355e-06
894653	9.81246e-06
894753	1.45018e-05
894853	2.12195e-05
894953	3.07407e-05
895053	4.4092e-05
895153	6.26141e-05
895253	8.80342e-05
895353	0.000122545
895453	0.000168892
895553	0.000230457
895653	0.00031134
895753	0.000416436
895853	0.000551477
895953	0.000723059
896053	0.000938612
896153	0.00120633
896253	0.00153501
896353	0.00193385
896453	0.00241214
896553	0.00297884
896653	0.00364216
896753	0.00440897
896853	0.00528424
896953	0.00627037
897053	0.00736666
897153	0.00856869
897253	0.0098679
897353	0.0112513
897453	0.0127012
897553	0.0141956
897653	0.0157083
897753	0.0172096
897853	0.0186671
897953	0.0200471
898053	0.0213153
898153	0.0224387
898253	0.0233867
898353	0.0241328
898453	0.0246554
898553	0.0249391
898653	0.0249757
898753	0.0247639
898853	0.0243101
898953	0.0236277
899053	0.0227363
899153	0.0216614
899253	0.0204323
899353	0.0190816
899453	0.0176432
899553	0.0161512
899653	0.0146386
899753	0.0131358
899853	0.0116703
899953	0.0102654
900053	0.00893985
900153	0.00770818
900253	0.0065802
900353	0.00556149
900453	0.00465382
900553	0.00385561
900653	0.00316258
900753	0.00256836
900853	0.00206507
900953	0.00164391
901053	0.00129565
901153	0.00101103
901253	0.000781093
901353	0.000597459
901453	0.000452457
901553	0.000339244
901653	0.000251833
901753	0.000185088
901853	0.000134681
901953	9.70291e-05
902053	6.92088e-05
902153	4.88749e-05
902253	3.41724e-05
902353	2.36553e-05
902453	1.62124e-05
902553	1.1001e-05
902653	7.39057e-06
902753	4.91576e-06
902853	3.23718e-06
902953	2.11061e-06
903053	1.36243e-06
903153	8.70733e-07
903253	5.50959e-07
903353	3.45159e-07
903453	2.14083e-07
903553	1.31465e-07
903653	7.99285e-08
903753	4.81125e-08
903853	2.86733e-08
903953	1.69185e-08
904053	9.88351e-09
904153	5.71642e-09
904253	3.27341e-09
904353	1.85584e-09
904453	1.04171e-09
904553	5.78914e-10
904653	3.18527e-10
904753	1.73517e-10
904853	9.35843e-11
904953	4.9972e-11
905053	2.64189e-11
905153	1.38282e-11
905253	7.16606e-12
905353	3.67671e-12
905453	1.86767e-12
905553	9.39305e-13
905653	4.67709e-13
905753	2.30573e-13
905853	1.12539e-13
905953	5.43831e-14
906053	2.60188e-14
906153	1.23246e-14
906253	5.77993e-15
906353	2.68371e-15
906453	1.2337e-15
906553	5.61501e-16
906653	2.53019e-16
906753	1.1288e-16
906853	4.98593e-17
906953	2.18041e-17
907053	9.44043e-18
907153	4.04678e-18
907253	1.71747e-18
907353	7.2166e-19
907453	3.00219e-19
907553	1.23654e-19
907653	5.04242e-20
907753	2.03579e-20
907853	8.13748e-21
907953	3.2204e-21
908053	1.2618e-21
908153	4.89482e-22
908253	1.87994e-22
908353	7.14849e-23
908453	2.6912e-23
908553	1.00309e-23
908653	3.70168e-24
908753	1.35244e-24
908853	4.89216e-25
908953	1.75204e-25
909053	6.21229e-26
909153	2.18082e-26
909253	7.57969e-27
909353	2.60822e-27
909453	8.88587e-28
909553	2.99721e-28
909653	1.00091e-28
909753	3.30932e-29
909853	1.08328e-29
909953	3.51081e-30
910053	1.12651e-30
910153	3.57869e-31
910253	1.12558e-31
910353	3.505e-32
910453	1.0806e-32
910553	3.29837e-33
910653	9.96777e-34
910753	2.98235e-34
910853	8.83446e-35
910953	2.59098e-35
911053	7.5233e-36
911153	2.16279e-36
911253	6.15577e-37
911353	1.73465e-37
911453	4.83953e-38
911553	1.33677e-38
911653	3.65569e-39
911753	9.89794e-40
911853	2.65327e-40
911953	7.04173e-41
912053	1.85028e-41
912153	4.81347e-42
912253	1.23977e-42
912353	3.16143e-43
912453	7.98155e-44
912553	1.99504e-44
912653	4.93717e-45
912753	1.20967e-45
912853	2.93436e-46
912953	7.04731e-47
913053	1.67569e-47
913153	3.9448e-48
913253	9.19427e-49
913353	2.12163e-49
913453	4.84713e-50
913553	1.09637e-50
913653	2.45524e-51
913753	5.44366e-52
913853	1.19495e-52
913953	2.59696e-53
914053	5.58785e-54
914153	1.19037e-54
914253	2.51063e-55
914353	5.24257e-56
914453	1.08384e-56
914553	2.21843e-57
914653	4.49561e-58
914753	9.01968e-59
914853	1.79165e-59
914953	3.52353e-60
915053	6.86059e-61
915153	1.32253e-61
915253	2.52412e-62
915353	4.76953e-63
915453	8.9228e-64
915553	1.65267e-64
915653	3.03063e-65
915753	5.50223e-66
915853	9.8902e-67
915953	1.76008e-67
916053	3.10112e-68
916153	5.4096e-69
916253	9.3427e-70
916353	1.59749e-70
916453	2.70437e-71
916553	4.53267e-72
916653	7.52144e-73
916753	1.23569e-73
916853	2.0099e-74
916953	3.2367e-75
917053	5.16047e-76
917153	8.14585e-77
917253	1.27304e-77
917353	1.96974e-78
917453	3.01742e-79
917553	4.57638e-80
917653	6.87177e-81
917753	1.02158e-81
917853	1.50363e-82
917953	2.19112e-83
918053	3.16119e-84
918153	4.51539e-85
918253	6.38556e-86
918353	8.94053e-87
918453	1.23933e-87
918553	1.70087e-88
918653	2.31107e-89
918753	3.10896e-90
918853	4.14073e-91
918953	5.46007e-92
919053	7.12818e-93
919153	9.21338e-94
919253	1.17901e-94
919353	1.49375e-95
919453	1.87368e-96
919553	2.32688e-97
919653	2.86096e-98
919753	3.48264e-99
919853	4.19724e-100
919953	5.00817e-101
920053	5.91635e-102
920153	6.91971e-103
920253	8.01274e-104
920353	9.18614e-105
920453	1.04266e-105
920553	1.1717e-106
920653	1.3036e-107
920753	1.43593e-108
920853	1.56597e-109
920953	1.69079e-110
921053	1.80741e-111
921153	1.91285e-112
921253	2.00432e-113
921353	2.07927e-114
921453	2.13557e-115
921553	2.17157e-116
921653	2.18623e-117
921753	2.17909e-118
921853	2.15037e-119
921953	2.10093e-120
922053	2.03221e-121
922153	1.94618e-122
922253	1.84526e-123
922353	1.73217e-124
922453	1.60984e-125
922553	1.48127e-126
922653	1.34941e-127
922753	1.21706e-128
922853	1.08678e-129
922953	9.60785e-131
923053	8.40952e-132
923153	7.28744e-133
923253	6.25227e-134
923353	5.31079e-135
923453	4.46621e-136
923553	3.71858e-137
923653	3.06531e-138
923753	2.50168e-139
923853	2.02137e-140
923953	1.61703e-141
924053	1.28071e-142
924153	1.00425e-143
924253	7.79634e-145
924353	5.99237e-146
924453	4.56e-147
924553	3.4355e-148
924653	2.56256e-149
924753	1.89241e-150
924853	1.38362e-151
924953	1.00156e-152
925053	7.17783e-154
925153	5.09295e-155
925253	3.5777e-156
925353	2.48827e-157
925453	1.71336e-158
925553	1.16804e-159
925653	7.88364e-161
925753	5.26809e-162
925853	3.48529e-163
925953	2.28287e-164
926053	1.48042e-165
926153	9.50483e-167
926253	6.04175e-168
926353	3.80224e-169
926453	2.36906e-170
926553	1.4614e-171
926653	8.92526e-173
926753	5.39673e-174
926853	3.23072e-175
926953	1.91481e-176
927053	1.1236e-177
927153	6.52762e-179
927253	3.75453e-180
927353	2.13804e-181
927453	1.20541e-182
927553	6.72837e-184
927653	3.7183e-185
927753	2.0344e-186
927853	1.10202e-187
927953	5.91013e-189
928053	3.13808e-190
928153	1.64964e-191
928253	8.58564e-193
928353	4.42399e-194
928453	2.25691e-195
928553	1.13991e-196
928653	5.70016e-198
928753	2.82203e-199
928853	1.38323e-200
928953	6.71248e-202
929053	3.22501e-203
929153	1.53404e-204
929253	7.2244e-206
929353	3.3684e-207
929453	1.55491e-208
929553	7.10629e-210
929653	3.21543e-211
929753	1.44043e-212
929853	6.3886e-214
929953	2.80528e-215
930053	1.21956e-216
930153	5.24917e-218
930253	2.23684e-219
930353	9.43706e-221
930453	3.94182e-222
930553	1.6301e-223
930653	6.67407e-225
930753	2.70536e-226
930853	1.08572e-227
930953	4.31386e-229
931053	1.69697e-230
931153	6.60905e-232
931253	2.54837e-233
931353	9.72845e-235
931453	3.67691e-236
931553	1.37588e-237
931653	5.09723e-239
931753	1.86959e-240
931853	6.78918e-242
931953	2.44087e-243
932053	8.68823e-245
932153	3.06179e-246
932253	1.06826e-247
932353	3.69009e-249
932453	1.26198e-250
932553	4.27296e-252
932653	1.43239e-253
932753	4.75393e-255
932853	1.56207e-256
932953	5.08167e-258
933053	1.63671e-259
933153	5.21906e-261
933253	1.64768e-262
933353	5.15002e-264
933453	1.59369e-265
933553	4.88266e-267
933653	1.48104e-268
933753	4.44769e-270
933853	1.32239e-271
933953	3.89263e-273
934053	1.13445e-274
934153	3.27328e-276
934253	9.35061e-278
934353	2.64456e-279
934453	7.40501e-281
934553	2.05284e-282
934653	5.63433e-284
934753	1.53104e-285
934853	4.11897e-287
934953	1.09711e-288
935053	2.89312e-290
935153	7.55339e-292
935253	1.95243e-293
935353	4.99649e-295
935453	1.26594e-296
935553	3.17555e-298
935653	7.88647e-300
935753	1.93911e-301
935853	4.72044e-303
935953	1.13767e-304
936053	2.71464e-306
936153	6.41303e-308
936253	1.49993e-309
936353	3.47327e-311
936453	7.96273e-313
936553	1.80736e-314
936653	4.06147e-316
936753	9.03607e-318
936853	1.99039e-319
936953	4.34284e-321
937053	9.38725e-323
937153	0
937253	0
937353	0
937453	0
937553	0
937653	0
937753	0
937853	0
937953	0
938053	0
938153	0
938253	0
938353	0
938453	0
938553	0
938653	0
938753	0
938853	0
938953	0
939053	0
939153	0
939253	0
939353	0
939453	0
939553	0
939653	0
939753	0
939853	0
939953	0
940053	0
940153	0
940253	0
940353	0
940453	0
940553	0
940653	0
940753	0
940853	0
940953	0
941053	0
941153	0
941253	0
941353	0
941453	0
941553	0
941653	0
941753	0
941853	0
941953	0
942053	0
942153	0
942253	0
942353	0
942453	0
942553	0
942653	0
942753	0
942853	0
942953	0
943053	0
943153	0
943253	0
943353	0
943453	0
943553	0
943653	0
943753	0
943853	0
943953	0
944053	0
944153	0
944253	0
944353	0
944453	0
944553	0
944653	0
944753	0
944853	0
944953	0
945053	0
945153	0
945253	0
945353	0
945453	0
945553	0
945653	0
945753	0
945853	0
945953	0
946053	0
946153	0
946253	0
946353	0
946453	0
946553	0
946653	0
946753	0
946853	0
946953	0
947053	0
947153	0
947253	0
947353	0
947453	0
947553	0
947653	0
947753	0
947853	0
947953	0
948053	0
948153	0
948253	0
948353	0
948453	0
948553	0
948653	0
948753	0
948853	0
948953	0
949053	0
949153	0
949253	4.94066e-324
949353	1.97626e-322
949453	9.07599e-321
949553	4.16423e-319
949653	1.89124e-317
949753	8.50383e-316
949853	3.78566e-314
949953	1.6685e-312
950053	7.28066e-311
950153	3.14538e-309
950253	1.34535e-307
950353	5.6971e-306
950453	2.38853e-304
950553	9.91443e-303
950653	4.07439e-301
950753	1.65774e-299
950853	6.67771e-298
950953	2.66316e-296
951053	1.05154e-294
951153	4.11068e-293
951253	1.59096e-291
951353	6.09626e-290
951453	2.31274e-288
951553	8.68655e-287
951653	3.23018e-285
951753	1.18923e-283
951853	4.33472e-282
951953	1.56428e-280
952053	5.58894e-279
952153	1.97697e-277
952253	6.92359e-276
952353	2.4006e-274
952453	8.24075e-273
952553	2.80074e-271
952653	9.42402e-270
952753	3.13949e-268
952853	1.03547e-266
952953	3.38126e-265
953053	1.09314e-263
953153	3.4989e-262
953253	1.10878e-260
953353	3.47872e-259
953453	1.08056e-257
953553	3.32308e-256
953653	1.01179e-254
953753	3.04997e-253
953853	9.10249e-252
953953	2.68957e-250
954053	7.86802e-249
954153	2.2788e-247
954253	6.53438e-246
954353	1.85507e-244
954453	5.21407e-243
954553	1.45094e-241
954653	3.99744e-240
954753	1.09037e-238
954853	2.94457e-237
954953	7.8728e-236
955053	2.08399e-234
955153	5.46159e-233
955253	1.4171e-231
955353	3.64034e-230
955453	9.25852e-229
955553	2.3313e-227
955653	5.81186e-226
955753	1.43446e-224
955853	3.50527e-223
955953	8.48033e-222
956053	2.03124e-220
956153	4.81693e-219
956253	1.13093e-217
956353	2.62882e-216
956453	6.04983e-215
956553	1.37843e-213
956653	3.10945e-212
956753	6.94451e-211
956853	1.53553e-209
956953	3.36149e-208
957053	7.2856e-207
957153	1.56335e-205
957253	3.32128e-204
957353	6.98576e-203
957453	1.45472e-201
957553	2.99919e-200
957653	6.12191e-199
957753	1.23717e-197
957853	2.4753e-196
957953	4.90326e-195
958053	9.61615e-194
958153	1.86713e-192
958253	3.58929e-191
958353	6.83123e-190
958453	1.28721e-188
958553	2.40135e-187
958653	4.43529e-186
958753	8.11047e-185
958853	1.46835e-183
958953	2.6319e-182
959053	4.67055e-181
959153	8.20588e-180
959253	1.42738e-178
959353	2.45819e-177
959453	4.19128e-176
959553	7.07518e-175
959653	1.18246e-173
959753	1.95656e-172
959853	3.20522e-171
959953	5.19854e-170
960053	8.34763e-169
960153	1.3271e-167
960253	2.08882e-166
960353	3.25505e-165
960453	5.02195e-164
960553	7.67089e-163
960653	1.16005e-161
960753	1.73687e-160
960853	2.57463e-159
960953	3.77851e-158
961053	5.49015e-157
961153	7.89781e-156
961253	1.12483e-154
961353	1.58609e-153
961453	2.21423e-152
961553	3.06041e-151
961653	4.18786e-150
961753	5.67367e-149
961853	7.61017e-148
961953	1.01061e-146
962053	1.32871e-145
962153	1.72955e-144
962253	2.22893e-143
962353	2.84392e-142
962453	3.5925e-141
962553	4.49298e-140
962653	5.56327e-139
962753	6.82e-138
962853	8.27744e-137
962953	9.94641e-136
963053	1.1833e-134
963153	1.39374e-133
963253	1.62527e-132
963353	1.87642e-131
963453	2.14482e-130
963553	2.42722e-129
963653	2.71949e-128
963753	3.01664e-127
963853	3.31297e-126
963953	3.60221e-125
964053	3.87774e-124
964153	4.13283e-123
964253	4.36088e-122
964353	4.55574e-121
964453	4.71196e-120
964553	4.82506e-119
964653	4.89172e-118
964753	4.90997e-117
964853	4.87926e-116
964953	4.80052e-115
965053	4.67606e-114
965153	4.50951e-113
965253	4.30564e-112
965353	4.07009e-111
965453	3.80915e-110
965553	3.52948e-109
965653	3.2378e-108
965753	2.94069e-107
965853	2.64427e-106
965953	2.35408e-105
966053	2.07488e-104
966153	1.81061e-103
966253	1.56428e-102
966353	1.33802e-101
966453	1.1331e-100
966553	9.50014e-100
966653	7.88591e-99
966753	6.48084e-98
966853	5.27314e-97
966953	4.24781e-96
967053	3.38781e-95
967153	2.67504e-94
967253	2.09123e-93
967353	1.61856e-92
967453	1.24027e-91
967553	9.40936e-91
967653	7.06744e-90
967753	5.25561e-89
967853	3.86938e-88
967953	2.82045e-87
968053	2.03541e-86
968153	1.45427e-85
968253	1.02872e-84
968353	7.20452e-84
968453	4.99542e-83
968553	3.42923e-82
968653	2.33067e-81
968753	1.56827e-80
968853	1.04477e-79
968953	6.89093e-79
969053	4.4998e-78
969153	2.90915e-77
969253	1.86208e-76
969353	1.18001e-75
969453	7.40345e-75
969553	4.59875e-74
969653	2.82815e-73
969753	1.72197e-72
969853	1.03802e-71
969953	6.195e-71
970053	3.66047e-70
970153	2.14136e-69
970253	1.24023e-68
970353	7.11167e-68
970453	4.03737e-67
970553	2.26926e-66
970653	1.26278e-65
970753	6.95712e-65
970853	3.7948e-64
970953	2.04931e-63
971053	1.09568e-62
971153	5.79984e-62
971253	3.03954e-61
971353	1.57709e-60
971453	8.10148e-60
971553	4.12031e-59
971653	2.07469e-58
971753	1.03427e-57
971853	5.10474e-57
971953	2.49443e-56
972053	1.20678e-55
972153	5.78016e-55
972253	2.74101e-54
972353	1.28689e-53
972453	5.98174e-53
972553	2.75279e-52
972653	1.25423e-51
972753	5.65766e-51
972853	2.52671e-50
972953	1.11721e-49
973053	4.89067e-49
973153	2.11963e-48
973253	9.09519e-48
973353	3.86385e-47
973453	1.62513e-46
973553	6.76724e-46
973653	2.78994e-45
973753	1.13877e-44
973853	4.60186e-44
973953	1.84115e-43
974053	7.29296e-43
974153	2.86007e-42
974253	1.11047e-41
974353	4.26869e-41
974453	1.62458e-40
974553	6.12131e-40
974653	2.28353e-39
974753	8.43385e-39
974853	3.08392e-38
974953	1.11645e-37
975053	4.00159e-37
975153	1.41999e-36
975253	4.98877e-36
975353	1.73524e-35
975453	5.97566e-35
975553	2.03736e-34
975653	6.87717e-34
975753	2.29831e-33
975853	7.6044e-33
975953	2.49103e-32
976053	8.0789e-32
976153	2.59408e-31
976253	8.24653e-31
976353	2.59548e-30
976453	8.08763e-30
976553	2.49507e-29
976653	7.62085e-29
976753	2.30452e-28
976853	6.89948e-28
976953	2.04508e-27
977053	6.00152e-27
977153	1.7437e-26
977253	5.01578e-26
977353	1.42844e-25
977453	4.0276e-25
977553	1.12431e-24
977653	3.10732e-24
977753	8.50242e-24
977853	2.30333e-23
977953	6.17774e-23
978053	1.64044e-22
978153	4.31269e-22
978253	1.12252e-21
978353	2.89267e-21
978453	7.38006e-21
978553	1.86415e-20
978653	4.66184e-20
978753	1.15423e-19
978853	2.82935e-19
978953	6.86654e-19
979053	1.64986e-18
979153	3.92478e-18
979253	9.24358e-18
979353	2.15538e-17
979453	4.97581e-17
979553	1.13727e-16
979653	2.57348e-16
979753	5.76547e-16
979853	1.27882e-15
979953	2.80827e-15
980053	6.10558e-15
980153	1.31424e-14
980253	2.80078e-14
980353	5.90937e-14
980453	1.23442e-13
980553	2.55294e-13
980653	5.2273e-13
980753	1.05967e-12
980853	2.12679e-12
980953	4.22606e-12
981053	8.31389e-12
981153	1.61931e-11
981253	3.1226e-11
981353	5.96155e-11
981453	1.12684e-10
981553	2.10872e-10
981653	3.90694e-10
981753	7.1666e-10
981853	1.30151e-09
981953	2.34012e-09
982053	4.16571e-09
982153	7.34172e-09
982253	1.28105e-08
982353	2.21304e-08
982453	3.78506e-08
982553	6.40937e-08
982653	1.07452e-07
982753	1.7835e-07
982853	2.93083e-07
982953	4.76834e-07
983053	7.68071e-07
983153	1.22488e-06
983253	1.93395e-06
983353	3.02312e-06
983453	4.67869e-06
983553	7.1689e-06
983653	1.08752e-05
983753	1.63337e-05
983853	2.42878e-05
983953	3.57562e-05
984053	5.21164e-05
984153	7.52066e-05
984253	0.000107448
984353	0.000151984
984453	0.000212841
984553	0.000295104
984653	0.000405092
984753	0.000550544
984853	0.000740781
984953	0.000986843
985053	0.00130156
985153	0.00169959
985253	0.00219726
985353	0.00281242
985453	0.00356401
985553	0.00447156
985653	0.00555443
985753	0.00683095
985853	0.00831732
985953	0.0100265
986053	0.0119667
986153	0.0141403
986253	0.0165428
986353	0.0191611
986453	0.0219732
986553	0.0249477
986653	0.0280433
986753	0.0312098
986853	0.0343888
986953	0.0375151
987053	0.0405191
987153	0.0433289
987253	0.0458733
987353	0.0480848
987453	0.0499023
987553	0.0512743
987653	0.0521609
987753	0.052536
987853	0.0523885
987953	0.0517229
988053	0.050559
988153	0.0489308
988253	0.0468852
988353	0.0444795
988453	0.0417786
988553	0.0388525
988653	0.0357731
988753	0.0326112
988853	0.0294341
988953	0.0263032
989053	0.0232724
989153	0.0203869
989253	0.0176822
989353	0.0151845
989453	0.0129105
989553	0.0108684
989653	0.00905882
989753	0.00747582
989853	0.00610842
989953	0.0049418
990053	0.00395847
990153	0.00313947
990253	0.00246533
990353	0.00191684
990453	0.00147567
990553	0.00112483
990653	0.000848942
990753	0.000634408
990853	0.000469418
990953	0.000343916
991053	0.000249487
991153	0.000179206
991253	0.000127457
991353	8.97606e-05
991453	6.25925e-05
991553	4.3219e-05
991653	2.95492e-05
991753	2.00051e-05
991853	1.34109e-05
991953	8.90234e-06
992053	5.85169e-06
992153	3.80884e-06
992253	2.45495e-06
992353	1.56687e-06
992453	9.90306e-07
992553	6.19804e-07
992653	3.84142e-07
992753	2.35769e-07
992853	1.43299e-07
992953	8.6251e-08
993053	5.14109e-08
993153	3.03474e-08
993253	1.77405e-08
993353	1.02706e-08
993453	5.88861e-09
993553	3.34368e-09
993653	1.88033e-09
993753	1.04725e-09
993853	5.77662e-10
993953	3.15583e-10
994053	1.70755e-10
994153	9.1508e-11
994253	4.85709e-11
994353	2.55347e-11
994453	1.32962e-11
994553	6.85763e-12
994653	3.50328e-12
994753	1.7727e-12
994853	8.88504e-13
994953	4.41119e-13
995053	2.16935e-13
995153	1.05678e-13
995253	5.09948e-14
995353	2.43759e-14
995453	1.15423e-14
995553	5.41412e-15
995653	2.51577e-15
995753	1.15804e-15
995853	5.28076e-16
995953	2.3856e-16
996053	1.06776e-16
996153	4.73758e-17
996253	2.09002e-17
996353	9.31867e-18
996453	4.55843e-18
996553	3.2388e-18
996653	4.42287e-18
996753	8.99377e-18
996853	2.02686e-17
996953	4.62448e-17
997053	1.0489e-16
997153	2.3571e-16
997253	5.2449e-16
997353	1.15548e-15
997453	2.52029e-15
997553	5.44244e-15
997653	1.16358e-14
997753	2.46293e-14
997853	5.16141e-14
997953	1.07088e-13
998053	2.19973e-13
998153	4.4736e-13
998253	9.00743e-13
998353	1.79557e-12
998453	3.54373e-12
998553	6.92431e-12
998653	1.33952e-11
998753	2.56555e-11
998853	4.86483e-11
998953	9.13297e-11
999053	1.69752e-10
999153	3.12373e-10
999253	5.69103e-10
999353	1.02651e-09
999453	1.83314e-09
999553	3.24105e-09
999653	5.67324e-09
999753	9.83185e-09
999853	1.68693e-08
999953	2.8656e-08
1.00005e+06	4.81938e-08
1.00015e+06	8.02462e-08
1.00025e+06	1.32287e-07
1.00035e+06	2.15906e-07
1.00045e+06	3.48876e-07
1.00055e+06	5.58129e-07
1.00065e+06	8.84008e-07
1.00075e+06	1.38623e-06
1.00085e+06	2.15215e-06
1.00095e+06	3.30802e-06
1.00105e+06	5.03408e-06
1.00115e+06	7.58456e-06
1.00125e+06	1.13136e-05
1.00135e+06	1.6708e-05
1.00145e+06	2.44292e-05
1.00155e+06	3.53632e-05
1.00165e+06	5.06818e-05
1.00175e+06	7.19136e-05
1.00185e+06	0.000101025
1.00195e+06	0.000140509
1.00205e+06	0.00019348
1.00215e+06	0.000263772
1.00225e+06	0.000356023
1.00235e+06	0.000475759
1.00245e+06	0.000629441
1.00255e+06	0.000824482
1.00265e+06	0.00106922
1.00275e+06	0.00137281
1.00285e+06	0.00174507
1.00295e+06	0.00219622
1.00305e+06	0.00273652
1.00315e+06	0.00337582
1.00325e+06	0.00412306
1.00335e+06	0.00498564
1.00345e+06	0.00596872
1.00355e+06	0.00707459
1.00365e+06	0.00830198
1.00375e+06	0.00964546
1.00385e+06	0.0110949
1.00395e+06	0.0126353
1.00405e+06	0.0142465
1.00415e+06	0.0159035
1.00425e+06	0.0175768
1.00435e+06	0.019233
1.00445e+06	0.0208361
1.00455e+06	0.0223484
1.00465e+06	0.0237324
1.00475e+06	0.0249516
1.00485e+06	0.0259727
1.00495e+06	0.0267671
1.00505e+06	0.0273116
1.00515e+06	0.0275904
1.00525e+06	0.0275952
1.00535e+06	0.0273259
1.00545e+06	0.0267905
1.00555e+06	0.0260047
1.00565e+06	0.0249914
1.00575e+06	0.0237791
1.00585e+06	0.0224011
1.00595e+06	0.0208934
1.00605e+06	0.0192938
1.00615e+06	0.0176399
1.00625e+06	0.0159678
1.00635e+06	0.0143108
1.00645e+06	0.0126986
1.00655e+06	0.0111562
1.00665e+06	0.00970404
1.00675e+06	0.00835723
1.00685e+06	0.00712601
1.00695e+06	0.00601599
1.00705e+06	0.00502857
1.00715e+06	0.00416159
1.00725e+06	0.00340999
1.00735e+06	0.00276648
1.00745e+06	0.0022222
1.00755e+06	0.00176735
1.00765e+06	0.0013917
1.00775e+06	0.00108506
1.00785e+06	0.000837627
1.00795e+06	0.000640229
1.00805e+06	0.000484519
1.00815e+06	0.000363061
1.00825e+06	0.000269365
1.00835e+06	0.000197879
1.00845e+06	0.000143932
1.00855e+06	0.000103661
1.00865e+06	7.39223e-05
1.00875e+06	5.21964e-05
1.00885e+06	3.64934e-05
1.00895e+06	2.52638e-05
1.00905e+06	1.73179e-05
1.00915e+06	1.17546e-05
1.00925e+06	7.90022e-06
1.00935e+06	5.25767e-06
1.00945e+06	3.46475e-06
1.00955e+06	2.26089e-06
1.00965e+06	1.4609e-06
1.00975e+06	9.34754e-07
1.00985e+06	5.92262e-07
1.00995e+06	3.71599e-07
1.01005e+06	2.30878e-07
1.01015e+06	1.42051e-07
1.01025e+06	8.65489e-08
1.01035e+06	5.22206e-08
1.01045e+06	3.12024e-08
1.01055e+06	1.84632e-08
1.01065e+06	1.08193e-08
