863506	1.27455e-07
863606	2.11006e-07
863706	3.45906e-07
863806	5.61491e-07
863906	9.02507e-07
864006	1.43642e-06
864106	2.26379e-06
864206	3.53278e-06
864306	5.45909e-06
864406	8.35312e-06
864506	1.26562e-05
864606	1.89881e-05
864706	2.8209e-05
864806	4.14973e-05
864906	6.04473e-05
865006	8.7189e-05
865106	0.00012453
865206	0.000176121
865306	0.000246647
865406	0.000342034
865506	0.000469666
865606	0.000638611
865706	0.000859827
865806	0.00114634
865906	0.00151336
866006	0.00197834
866106	0.00256086
866206	0.00328246
866306	0.00416619
866406	0.00523608
866506	0.00651629
866606	0.00803013
866706	0.00979875
866806	0.0118398
866906	0.014166
867006	0.0167832
867106	0.0196893
867206	0.0228723
867306	0.0263097
867406	0.0299672
867506	0.0337988
867606	0.0377469
867706	0.0417432
867806	0.0457102
867906	0.0495638
868006	0.0532156
868106	0.0565764
868206	0.0595599
868306	0.0620861
868406	0.0640849
868506	0.0654994
868606	0.0662887
868706	0.0664295
868806	0.0659176
868906	0.0647679
869006	0.0630139
869106	0.0607058
869206	0.0579083
869306	0.0546975
869406	0.0511575
869506	0.0473769
869606	0.0434448
869706	0.0394478
869806	0.0354666
869906	0.031574
870006	0.0278325
870106	0.0242932
870206	0.0209955
870306	0.0179671
870406	0.0152244
870506	0.0127735
870606	0.0106117
870706	0.00872913
870806	0.00710986
870906	0.00573399
871006	0.00457886
871106	0.00362044
871206	0.00283445
871306	0.00219725
871406	0.00168653
871506	0.00128176
871606	0.000964543
871706	0.000718682
871806	0.000530213
871906	0.000387314
872006	0.000280139
872106	0.000200623
872206	0.000142261
872306	9.98818e-05
872406	6.94356e-05
872506	4.77939e-05
872606	3.25729e-05
872706	2.19803e-05
872806	1.4686e-05
872906	9.71552e-06
873006	6.36385e-06
873106	4.12728e-06
873206	2.65032e-06
873306	1.68509e-06
873406	1.06081e-06
873506	6.61207e-07
873606	4.08062e-07
873706	2.49346e-07
873806	1.50857e-07
873906	9.0368e-08
874006	5.3598e-08
874106	3.14752e-08
874206	1.83009e-08
874306	1.05356e-08
874406	6.00524e-09
874506	3.38909e-09
874606	1.89374e-09
874706	1.0477e-09
874806	5.73899e-10
874906	3.11254e-10
875006	1.67138e-10
875106	8.88616e-11
875206	4.67771e-11
875306	2.43798e-11
875406	1.25807e-11
875506	6.42777e-12
875606	3.25156e-12
875706	1.62854e-12
875806	8.07578e-13
875906	3.96502e-13
876006	1.92745e-13
876106	9.27673e-14
876206	4.42061e-14
876306	2.08566e-14
876406	9.74272e-15
876506	4.50599e-15
876606	2.06335e-15
876706	9.3547e-16
876806	4.19913e-16
876906	1.86621e-16
877006	8.21172e-17
877106	3.5775e-17
877206	1.54311e-17
877306	6.58998e-18
877406	2.78639e-18
877506	1.16646e-18
877606	4.83471e-19
877706	1.98399e-19
877806	8.06079e-20
877906	3.24254e-20
878006	1.2914e-20
878106	5.09222e-21
878206	1.98802e-21
878306	7.68427e-22
878406	2.94071e-22
878506	1.11422e-22
878606	4.17979e-23
878706	1.55241e-23
878806	5.70855e-24
878906	2.07832e-24
879006	7.49142e-25
879106	2.67351e-25
879206	9.44641e-26
879306	3.30459e-26
879406	1.14455e-26
879506	3.92477e-27
879606	1.33248e-27
879706	4.47891e-28
879806	1.49056e-28
879906	4.91123e-29
880006	1.60212e-29
880106	5.17447e-30
880206	1.65462e-30
880306	5.23839e-31
880406	1.64195e-31
880506	5.09547e-32
880606	1.56557e-32
880706	4.7624e-33
880806	1.4343e-33
880906	4.2768e-34
881006	1.26258e-34
881106	3.69032e-35
881206	1.0679e-35
881306	3.05957e-36
881406	8.67863e-37
881506	2.43728e-37
881606	6.77673e-38
881706	1.86551e-38
881806	5.08437e-39
881906	1.37195e-39
882006	3.66523e-40
882106	9.6945e-41
882206	2.5387e-41
882306	6.582e-42
882406	1.68953e-42
882506	4.29374e-43
882606	1.08035e-43
882706	2.69127e-44
882806	6.63756e-45
882906	1.62077e-45
883006	3.91827e-46
883106	9.37838e-47
883206	2.2224e-47
883306	5.21406e-48
883406	1.21113e-48
883506	2.78526e-49
883606	6.34163e-50
883706	1.42954e-50
883806	3.19044e-51
883906	7.04963e-52
884006	1.5422e-52
884106	3.34022e-53
884206	7.16258e-54
884306	1.52063e-54
884406	3.19622e-55
884506	6.65135e-56
884606	1.37038e-56
884706	2.79534e-57
884806	5.64527e-58
884906	1.12874e-58
885006	2.23442e-59
885106	4.37919e-60
885206	8.49731e-61
885306	1.63241e-61
885406	3.1048e-62
885506	5.84654e-63
885606	1.08999e-63
885706	2.01189e-64
885806	3.6766e-65
885906	6.65192e-66
886006	1.19153e-66
886106	2.11312e-67
886206	3.71022e-68
886306	6.44963e-69
886406	1.11001e-69
886506	1.89139e-70
886606	3.19073e-71
886706	5.32917e-72
886806	8.81225e-73
886906	1.44269e-73
887006	2.33839e-74
887106	3.75249e-75
887206	5.96184e-76
887306	9.37776e-77
887406	1.46041e-77
887506	2.25171e-78
887606	3.4372e-79
887706	5.19466e-80
887806	7.77261e-81
887906	1.15142e-81
888006	1.68873e-82
888106	2.45214e-83
888206	3.52523e-84
888306	5.0175e-85
888406	7.07042e-86
888506	9.86419e-87
888606	1.3625e-87
888706	1.86323e-88
888806	2.52265e-89
888906	3.38146e-90
889006	4.48756e-91
889106	5.89622e-92
889206	7.66998e-93
889306	9.8781e-94
889406	1.25953e-94
889506	1.59003e-95
889606	1.98727e-96
889706	2.45904e-97
889806	3.01255e-98
889906	3.65392e-99
890006	4.38775e-100
890106	5.21654e-101
890206	6.14017e-102
890306	7.15544e-103
890406	8.25562e-104
890506	9.43019e-105
890606	1.06647e-105
890706	1.19408e-106
890806	1.32367e-107
890906	1.45271e-108
891006	1.57848e-109
891106	1.69807e-110
891206	1.80854e-111
891306	1.90704e-112
891406	1.9909e-113
891506	2.05776e-114
891606	2.10571e-115
891706	2.13334e-116
891806	2.13982e-117
891906	2.12498e-118
892006	2.08924e-119
892106	2.03366e-120
892206	1.95987e-121
892306	1.86996e-122
892406	1.76643e-123
892506	1.65202e-124
892606	1.52965e-125
892706	1.40226e-126
892806	1.27269e-127
892906	1.14359e-128
893006	1.01737e-129
893106	8.96071e-131
893206	7.81384e-132
893306	6.74595e-133
893406	5.76607e-134
893506	4.87948e-135
893606	4.08813e-136
893706	3.39104e-137
893806	2.78483e-138
893906	2.26424e-139
894006	1.82264e-140
894106	1.45258e-141
894206	1.14613e-142
894306	8.95336e-144
894406	6.92461e-145
894506	5.30227e-146
894606	4.01962e-147
894706	3.01694e-148
894806	2.24184e-149
894906	1.6493e-150
895006	1.2013e-151
895106	8.66289e-153
895206	6.18486e-154
895306	4.37174e-155
895406	3.05939e-156
895506	2.1197e-157
895606	1.45402e-158
895706	9.87469e-160
895806	6.63947e-161
895906	4.41979e-162
896006	2.9129e-163
896106	1.90067e-164
896206	1.22785e-165
896306	7.85314e-167
896406	4.97275e-168
896506	3.1175e-169
896606	1.93497e-170
896706	1.18905e-171
896806	7.23406e-173
896906	4.35734e-174
897006	2.59847e-175
897106	1.53416e-176
897206	8.96772e-178
897306	5.18979e-179
897406	2.97355e-180
897506	1.68677e-181
897606	9.47319e-183
897706	5.26736e-184
897806	2.89966e-185
897906	1.58036e-186
898006	8.52756e-188
898106	4.55565e-189
898206	2.40953e-190
898306	1.26174e-191
898406	6.54136e-193
898506	3.35754e-194
898606	1.70621e-195
898706	8.5842e-197
898806	4.27587e-198
898906	2.10866e-199
899006	1.02955e-200
899106	4.9767e-202
899206	2.38174e-203
899306	1.12851e-204
899406	5.29387e-206
899506	2.45866e-207
899606	1.13052e-208
899706	5.14658e-210
899806	2.31961e-211
899906	1.03507e-212
900006	4.57275e-214
900106	2.00007e-215
900206	8.66103e-217
900306	3.71322e-218
900406	1.57612e-219
900506	6.62347e-221
900606	2.75574e-222
900706	1.13514e-223
900806	4.6293e-225
900906	1.86913e-226
901006	7.47172e-228
901106	2.95705e-229
901206	1.15865e-230
901306	4.49476e-232
901406	1.7263e-233
901506	6.56421e-235
901606	2.47119e-236
901706	9.21058e-238
901806	3.39879e-239
901906	1.24171e-240
902006	4.4913e-242
902106	1.60835e-243
902206	5.70226e-245
902306	2.00157e-246
902406	6.95586e-248
902506	2.39325e-249
902606	8.15235e-251
902706	2.74938e-252
902806	9.18001e-254
902906	3.03465e-255
903006	9.93189e-257
903106	3.21819e-258
903206	1.0324e-259
903306	3.27901e-261
903406	1.03108e-262
903506	3.20998e-264
903606	9.8939e-266
903706	3.01919e-267
903806	9.12157e-269
903906	2.72839e-270
904006	8.07978e-272
904106	2.36892e-273
904206	6.87635e-275
904306	1.97616e-276
904406	5.6227e-278
904506	1.58388e-279
904606	4.41733e-281
904706	1.2197e-282
904806	3.33429e-284
904906	9.02423e-286
905006	2.4181e-287
905106	6.41499e-289
905206	1.6849e-290
905306	4.38137e-292
905406	1.12798e-293
905506	2.87509e-295
905606	7.25535e-297
905706	1.81269e-298
905806	4.48377e-300
905906	1.09805e-301
906006	2.66229e-303
906106	6.3907e-305
906206	1.51879e-306
906306	3.57358e-308
906406	8.32466e-310
906506	1.91994e-311
906606	4.38394e-313
906706	9.91057e-315
906806	2.21815e-316
906906	4.91517e-318
907006	1.07835e-319
907106	2.34187e-321
907206	4.94066e-323
907306	0
907406	0
907506	0
907606	0
907706	0
907806	0
907906	0
908006	0
908106	0
908206	0
908306	0
908406	0
908506	0
908606	0
908706	0
908806	0
908906	0
909006	0
909106	0
909206	0
909306	0
909406	0
909506	0
909606	0
909706	0
909806	0
909906	0
910006	0
910106	0
910206	0
910306	0
910406	0
910506	0
910606	0
910706	0
910806	0
910906	0
911006	0
911106	0
911206	0
911306	0
911406	0
911506	0
911606	0
911706	0
911806	0
911906	0
912006	0
912106	0
912206	0
912306	0
912406	0
912506	0
912606	0
912706	0
912806	0
912906	0
913006	0
913106	0
913206	0
913306	0
913406	0
913506	0
913606	0
913706	0
913806	0
913906	0
914006	0
914106	0
914206	0
914306	0
914406	0
914506	0
914606	0
914706	0
914806	0
914906	0
915006	0
915106	0
915206	0
915306	0
915406	0
915506	0
915606	0
915706	0
915806	0
915906	0
916006	0
916106	0
916206	0
916306	0
916406	0
916506	0
916606	0
916706	0
916806	0
916906	0
917006	0
917106	0
917206	0
917306	0
917406	0
917506	0
917606	0
917706	0
917806	0
917906	0
918006	0
918106	0
918206	0
918306	0
918406	0
918506	0
918606	0
918706	0
918806	0
918906	0
919006	0
919106	0
919206	0
919306	0
919406	0
919506	4.94066e-324
919606	1.58101e-322
919706	7.18866e-321
919806	3.29769e-319
919906	1.49717e-317
920006	6.72969e-316
920106	2.9949e-314
920206	1.31957e-312
920306	5.75634e-311
920406	2.48612e-309
920506	1.06307e-307
920606	4.50056e-306
920706	1.8864e-304
920806	7.82822e-303
920906	3.2163e-301
921006	1.30832e-299
921106	5.26908e-298
921206	2.10097e-296
921306	8.29406e-295
921406	3.24175e-293
921506	1.25445e-291
921606	4.80611e-290
921706	1.82304e-288
921806	6.84642e-287
921906	2.54563e-285
922006	9.37108e-284
922106	3.41545e-282
922206	1.23246e-280
922306	4.4031e-279
922406	1.55743e-277
922506	5.45412e-276
922606	1.89106e-274
922706	6.49155e-273
922806	2.20626e-271
922906	7.42385e-270
923006	2.47324e-268
923106	8.1577e-267
923206	2.664e-265
923306	8.61319e-264
923406	2.75714e-262
923506	8.73814e-261
923606	2.74185e-259
923706	8.51791e-258
923806	2.61991e-256
923906	7.97821e-255
924006	2.40541e-253
924106	7.18022e-252
924206	2.12203e-250
924306	6.20912e-249
924406	1.79876e-247
924506	5.1592e-246
924606	1.46506e-244
924706	4.11904e-243
924806	1.14657e-241
924906	3.15987e-240
925006	8.62194e-239
925106	2.32919e-237
925206	6.22975e-236
925306	1.64969e-234
925406	4.32513e-233
925506	1.12269e-231
925606	2.88529e-230
925706	7.34147e-229
925806	1.84945e-227
925906	4.61283e-226
926006	1.13909e-224
926106	2.78493e-223
926206	6.7412e-222
926306	1.61557e-220
926406	3.83336e-219
926506	9.00534e-218
926606	2.09453e-216
926706	4.82324e-215
926806	1.09966e-213
926906	2.48223e-212
927006	5.54745e-211
927106	1.22747e-209
927206	2.68902e-208
927306	5.83235e-207
927406	1.25245e-205
927506	2.66283e-204
927606	5.60521e-203
927706	1.16817e-201
927806	2.4104e-200
927906	4.92423e-199
928006	9.95988e-198
928106	1.99451e-196
928206	3.95444e-195
928306	7.76249e-194
928406	1.50863e-192
928506	2.9029e-191
928606	5.5303e-190
928706	1.04311e-188
928806	1.94797e-187
928906	3.60162e-186
929006	6.59299e-185
929106	1.1949e-183
929206	2.14413e-182
929306	3.80923e-181
929406	6.70022e-180
929506	1.16683e-178
929606	2.01185e-177
929706	3.43439e-176
929806	5.80459e-175
929906	9.71315e-174
930006	1.60922e-172
930106	2.63961e-171
930206	4.28678e-170
930306	6.89271e-169
930406	1.09728e-167
930506	1.72946e-166
930606	2.6988e-165
930706	4.16965e-164
930806	6.37817e-163
930906	9.65962e-162
931006	1.44841e-160
931106	2.15026e-159
931206	3.16052e-158
931306	4.59933e-157
931406	6.6267e-156
931506	9.45297e-155
931606	1.33508e-153
931706	1.86687e-152
931806	2.58457e-151
931906	3.54267e-150
932006	4.80774e-149
932106	6.45981e-148
932206	8.59342e-147
932306	1.13183e-145
932406	1.47592e-144
932506	1.90552e-143
932606	2.43575e-142
932706	3.08262e-141
932806	3.86256e-140
932906	4.79181e-139
933006	5.8856e-138
933106	7.15733e-137
933206	8.61746e-136
933306	1.02725e-134
933406	1.21238e-133
933506	1.41669e-132
933606	1.63898e-131
933706	1.87735e-130
933806	2.12903e-129
933906	2.3905e-128
934006	2.65744e-127
934106	2.92488e-126
934206	3.18727e-125
934306	3.43874e-124
934406	3.67323e-123
934506	3.88477e-122
934606	4.06771e-121
934706	4.21701e-120
934806	4.3284e-119
934906	4.39863e-118
935006	4.42565e-117
935106	4.40865e-116
935206	4.34813e-115
935306	4.24587e-114
935406	4.10488e-113
935506	3.92919e-112
935606	3.72369e-111
935706	3.49392e-110
935806	3.24579e-109
935906	2.98536e-108
936006	2.71858e-107
936106	2.45107e-106
936206	2.18795e-105
936306	1.9337e-104
936406	1.69203e-103
936506	1.46587e-102
936606	1.25734e-101
936706	1.06777e-100
936806	8.97783e-100
936906	7.47366e-99
937006	6.15977e-98
937106	5.02648e-97
937206	4.06099e-96
937306	3.24839e-95
937406	2.57261e-94
937506	2.01719e-93
937606	1.56599e-92
937706	1.20365e-91
937806	9.15965e-91
937906	6.90123e-90
938006	5.14805e-89
938106	3.80213e-88
938206	2.78023e-87
938306	2.01281e-86
938406	1.44275e-85
938506	1.02388e-84
938606	7.19412e-84
938706	5.00465e-83
938806	3.44697e-82
938906	2.35055e-81
939006	1.58698e-80
939106	1.06081e-79
939206	7.02064e-79
939306	4.60026e-78
939406	2.9844e-77
939506	1.9169e-76
939606	1.21902e-75
939706	7.67518e-75
939806	4.78449e-74
939906	2.95292e-73
940006	1.80441e-72
940106	1.09166e-71
940206	6.53892e-71
940306	3.87788e-70
940406	2.27693e-69
940506	1.32366e-68
940606	7.61846e-68
940706	4.34138e-67
940806	2.44938e-66
940906	1.36821e-65
941006	7.56689e-65
941106	4.14333e-64
941206	2.24621e-63
941306	1.20564e-62
941406	6.40699e-62
941506	3.371e-61
941606	1.75602e-60
941706	9.05669e-60
941806	4.62463e-59
941906	2.33804e-58
942006	1.17029e-57
942106	5.79969e-57
942206	2.84566e-56
942306	1.38238e-55
942406	6.64877e-55
942506	3.16608e-54
942606	1.49269e-53
942706	6.96765e-53
942806	3.2201e-52
942906	1.4734e-51
943006	6.67479e-51
943106	2.9938e-50
943206	1.32946e-49
943306	5.84515e-49
943406	2.54438e-48
943506	1.09657e-47
943606	4.67905e-47
943706	1.97673e-46
943806	8.26803e-46
943906	3.42393e-45
944006	1.40383e-44
944106	5.69864e-44
944206	2.29031e-43
944306	9.1135e-43
944406	3.5904e-42
944506	1.40045e-41
944606	5.40826e-41
944706	2.06783e-40
944806	7.82779e-40
944906	2.9338e-39
945006	1.08865e-38
945106	3.99956e-38
945206	1.4548e-37
945306	5.23914e-37
945406	1.86803e-36
945506	6.59438e-36
945606	2.30478e-35
945706	7.97541e-35
945806	2.73239e-34
945906	9.26824e-34
946006	3.11257e-33
946106	1.03492e-32
946206	3.40691e-32
946306	1.1104e-31
946406	3.58316e-31
946506	1.14477e-30
946606	3.62106e-30
946706	1.13402e-29
946806	3.51616e-29
946906	1.0794e-28
947006	3.28069e-28
947106	9.87215e-28
947206	2.9412e-27
947306	8.67566e-27
947406	2.53365e-26
947506	7.3258e-26
947606	2.09715e-25
947706	5.94388e-25
947806	1.66792e-24
947906	4.6339e-24
948006	1.27463e-23
948106	3.47124e-23
948206	9.35947e-23
948306	2.49852e-22
948406	6.60359e-22
948506	1.72799e-21
948606	4.47682e-21
948706	1.14832e-20
948806	2.91621e-20
948906	7.33231e-20
949006	1.82527e-19
949106	4.49862e-19
949206	1.09773e-18
949306	2.65202e-18
949406	6.34341e-18
949506	1.50222e-17
949606	3.52215e-17
949706	8.17613e-17
949806	1.87911e-16
949906	4.27583e-16
950006	9.63281e-16
950106	2.14857e-15
950206	4.74474e-15
950306	1.03738e-14
950406	2.24558e-14
950506	4.81263e-14
950606	1.02118e-13
950706	2.14528e-13
950806	4.462e-13
950906	9.18841e-13
951006	1.87333e-12
951106	3.7814e-12
951206	7.5571e-12
951306	1.49528e-11
951406	2.92921e-11
951506	5.68126e-11
951606	1.09094e-10
951706	2.07407e-10
951806	3.90398e-10
951906	7.27537e-10
952006	1.34235e-09
952106	2.45212e-09
952206	4.43486e-09
952306	7.94112e-09
952406	1.40782e-08
952506	2.47101e-08
952606	4.29405e-08
952706	7.38791e-08
952806	1.25846e-07
952906	2.12237e-07
953006	3.54377e-07
953106	5.85831e-07
953206	9.58833e-07
953306	1.55373e-06
953406	2.49271e-06
953506	3.95942e-06
953606	6.22664e-06
953706	9.69479e-06
953806	1.49447e-05
953906	2.28085e-05
954006	3.44643e-05
954106	5.15591e-05
954206	7.63667e-05
954306	0.000111986
954406	0.000162588
954506	0.000233709
954606	0.000332602
954706	0.000468637
954806	0.000653749
954906	0.000902917
955006	0.00123466
955106	0.00167151
955206	0.00224045
955306	0.00297319
955406	0.00390636
955506	0.00508142
955606	0.00654427
955706	0.0083445
955806	0.0105342
955906	0.0131664
956006	0.0162928
956106	0.0199613
956206	0.0242127
956306	0.0290779
956406	0.0345739
956506	0.0407002
956606	0.0474362
956706	0.0547381
956806	0.0625367
956906	0.070737
957006	0.0792184
957106	0.0878363
957206	0.0964252
957306	0.104804
957406	0.112781
957506	0.120162
957606	0.126758
957706	0.132391
957806	0.136905
957906	0.140173
958006	0.142099
958106	0.142629
958206	0.141747
958306	0.139482
958406	0.135901
958506	0.131109
958606	0.125244
958706	0.118469
958806	0.110964
958906	0.102919
959006	0.0945289
959106	0.0859798
959206	0.0774474
959306	0.0690896
959406	0.0610427
959506	0.0534185
959606	0.0463031
959706	0.0397573
959806	0.0338177
959906	0.0284988
960006	0.0237961
960106	0.0196889
960206	0.0161447
960306	0.0131214
960406	0.0105715
960506	0.00844431
960606	0.00668865
960706	0.00525459
960806	0.00409497
960906	0.00316641
961006	0.00242988
961106	0.00185099
961206	0.00140002
961306	0.00105168
961406	0.000784791
961506	0.000581909
961606	0.000428832
961706	0.000314154
961806	0.000228827
961906	0.000165749
962006	0.000119408
962106	8.55638e-05
962206	6.09882e-05
962306	4.32418e-05
962406	3.04962e-05
962506	2.13914e-05
962606	1.49221e-05
962706	1.03503e-05
962806	7.13716e-06
962906	4.89168e-06
963006	3.33158e-06
963106	2.25423e-06
963206	1.51494e-06
963306	1.01095e-06
963406	6.69733e-07
963506	4.40356e-07
963606	2.87301e-07
963706	1.85955e-07
963806	1.19379e-07
963906	7.60005e-08
964006	4.7973e-08
964106	3.00192e-08
964206	1.86193e-08
964306	1.14453e-08
964406	6.97181e-09
964506	4.20793e-09
964606	2.51626e-09
964706	1.49064e-09
964806	8.74746e-10
964906	5.08462e-10
965006	2.92736e-10
965106	1.66921e-10
965206	9.42637e-11
965306	5.2718e-11
965406	2.9197e-11
965506	1.60129e-11
965606	8.69641e-12
965706	4.6767e-12
965806	2.49035e-12
965906	1.31309e-12
966006	6.85537e-13
966106	3.54379e-13
966206	1.81384e-13
966306	9.1922e-14
966406	4.61239e-14
966506	2.29149e-14
966606	1.12721e-14
966706	5.4911e-15
966806	2.65116e-15
966906	1.27379e-15
967006	6.21055e-16
967106	3.34592e-16
967206	2.55807e-16
967306	3.46126e-16
967406	6.71379e-16
967506	1.446e-15
967606	3.1642e-15
967706	6.89193e-15
967806	1.48781e-14
967906	3.18058e-14
968006	6.73197e-14
968106	1.41071e-13
968206	2.9268e-13
968306	6.0118e-13
968406	1.22257e-12
968506	2.46149e-12
968606	4.90661e-12
968706	9.68325e-12
968806	1.89199e-11
968906	3.65992e-11
969006	7.00943e-11
969106	1.32908e-10
969206	2.49503e-10
969306	4.63722e-10
969406	8.53291e-10
969506	1.55451e-09
969606	2.8038e-09
969706	5.00676e-09
969806	8.85165e-09
969906	1.54935e-08
970006	2.68491e-08
970106	4.60648e-08
970206	7.82464e-08
970306	1.31588e-07
970406	2.19092e-07
970506	3.61155e-07
970606	5.8941e-07
970706	9.52355e-07
970806	1.52348e-06
970906	2.41286e-06
971006	3.78342e-06
971106	5.87345e-06
971206	9.02734e-06
971306	1.37367e-05
971406	2.06949e-05
971506	3.08675e-05
971606	4.55823e-05
971706	6.66421e-05
971806	9.64623e-05
971906	0.000138237
972006	0.000196131
972106	0.000275504
972206	0.000383147
972306	0.000527547
972406	0.000719139
972506	0.000970561
972606	0.00129685
972706	0.00171559
972806	0.00224696
972906	0.00291363
973006	0.00374052
973106	0.0047543
973206	0.00598272
973306	0.00745364
973406	0.00919383
973506	0.0112275
973606	0.0135746
973706	0.0162491
973806	0.0192571
973906	0.0225949
974006	0.0262477
974106	0.0301877
974206	0.0343739
974306	0.0387515
974406	0.0432523
974506	0.047796
974606	0.0522921
974706	0.0566427
974806	0.0607457
974906	0.0644989
975006	0.067804
975106	0.0705711
975206	0.0727223
975306	0.074196
975406	0.0749493
975506	0.0749602
975606	0.0742291
975706	0.0727781
975806	0.0706504
975906	0.067908
976006	0.0646286
976106	0.0609022
976206	0.0568267
976306	0.052504
976406	0.0480354
976506	0.0435183
976606	0.0390425
976706	0.0346873
976806	0.0305205
976906	0.0265961
977006	0.0229548
977106	0.0196238
977206	0.016618
977306	0.0139409
977406	0.0115867
977506	0.00954186
977606	0.00778673
977706	0.00629773
977806	0.00504873
977906	0.00401255
978006	0.00316211
978106	0.00247137
978206	0.00191601
978306	0.00147387
978406	0.00112521
978506	0.000852788
978606	0.000641806
978706	0.000479791
978806	0.000356383
978906	0.000263107
979006	0.000193118
979106	0.000140966
979206	0.000102357
979306	7.39485e-05
979406	5.31656e-05
979506	3.80435e-05
979606	2.70967e-05
979706	1.9211e-05
979806	1.35572e-05
979906	9.52212e-06
980006	6.65557e-06
980106	4.62852e-06
980206	3.20188e-06
980306	2.20274e-06
980406	1.50658e-06
980506	1.02416e-06
980606	6.91754e-07
980706	4.64105e-07
980806	3.09194e-07
980906	2.0449e-07
981006	1.34222e-07
981106	8.74119e-08
981206	5.64694e-08
981306	3.61789e-08
981406	2.29833e-08
981506	1.44746e-08
981606	9.03582e-09
981706	5.59027e-09
981806	3.42725e-09
981906	2.08189e-09
