877058	1.04112e-07
877158	1.72182e-07
877258	2.81946e-07
877358	4.57125e-07
877458	7.3383e-07
877558	1.1664e-06
877658	1.83565e-06
877758	2.86039e-06
877858	4.41317e-06
877958	6.74168e-06
878058	1.01971e-05
878158	1.52713e-05
878258	2.26448e-05
878358	3.3247e-05
878458	4.83312e-05
878558	6.95655e-05
878658	9.91406e-05
878758	0.000139895
878858	0.000195453
878958	0.000270379
879058	0.000370337
879158	0.00050224
879258	0.0006744
879358	0.000896633
879458	0.00118033
879558	0.00153844
879658	0.00198542
879758	0.00253696
879858	0.0032097
879958	0.00402076
880058	0.00498702
880158	0.00612442
880258	0.00744696
880358	0.00896568
880458	0.0106875
880558	0.0126143
880658	0.0147414
880758	0.017057
880858	0.0195414
880958	0.0221667
881058	0.0248962
881158	0.0276858
881258	0.0304837
881358	0.033233
881458	0.0358723
881558	0.0383387
881658	0.0405699
881758	0.0425069
881858	0.0440963
881958	0.0452933
882058	0.0460631
882158	0.0463831
882258	0.0462438
882358	0.0456494
882458	0.0446174
882558	0.0431777
882658	0.0413716
882758	0.0392492
882858	0.0368677
882958	0.0342884
883058	0.0315743
883158	0.0287877
883258	0.0259875
883358	0.0232278
883458	0.0205559
883558	0.0180115
883658	0.015626
883758	0.0134224
883858	0.0114155
883958	0.00961273
884058	0.00801458
884158	0.00661604
884258	0.00540753
884358	0.00437606
884458	0.0035063
884558	0.00278163
884658	0.00218489
884758	0.0016992
884858	0.0013084
884958	0.000997508
885058	0.000752965
885158	0.000562749
885258	0.000416424
885358	0.000305096
885458	0.000221319
885558	0.000158957
885658	0.000113037
885758	7.95874e-05
885858	5.54811e-05
885958	3.82936e-05
886058	2.61689e-05
886158	1.77061e-05
886258	1.18615e-05
886358	7.86749e-06
886458	5.16665e-06
886558	3.35939e-06
886658	2.16267e-06
886758	1.37847e-06
886858	8.6992e-07
886958	5.4355e-07
887058	3.36261e-07
887158	2.05964e-07
887258	1.24905e-07
887358	7.49974e-08
887458	4.45849e-08
887558	2.62425e-08
887658	1.52932e-08
887758	8.824e-09
887858	5.0409e-09
887958	2.85118e-09
888058	1.59668e-09
888158	8.85285e-10
888258	4.85985e-10
888358	2.64142e-10
888458	1.42143e-10
888558	7.57331e-11
888658	3.99503e-11
888758	2.08654e-11
888858	1.07896e-11
888958	5.52407e-12
889058	2.80017e-12
889158	1.40534e-12
889258	6.98312e-13
889358	3.4355e-13
889458	1.67341e-13
889558	8.07023e-14
889658	3.85337e-14
889758	1.82166e-14
889858	8.52635e-15
889958	3.95121e-15
890058	1.81287e-15
890158	8.23522e-16
890258	3.70385e-16
890358	1.6493e-16
890458	7.2714e-17
890558	3.17399e-17
890658	1.37171e-17
890758	5.8693e-18
890858	2.48646e-18
890958	1.0429e-18
891058	4.33088e-19
891158	1.78064e-19
891258	7.24844e-20
891358	2.92133e-20
891458	1.1657e-20
891558	4.6053e-21
891658	1.80135e-21
891758	6.97599e-22
891858	2.67474e-22
891958	1.01537e-22
892058	3.81621e-23
892158	1.42007e-23
892258	5.2318e-24
892358	1.90836e-24
892458	6.89187e-25
892558	2.46422e-25
892658	8.72344e-26
892758	3.05747e-26
892858	1.06097e-26
892958	3.6451e-27
893058	1.23988e-27
893158	4.17559e-28
893258	1.39226e-28
893358	4.59609e-29
893458	1.50218e-29
893558	4.86094e-30
893658	1.55734e-30
893758	4.93981e-31
893858	1.55133e-31
893958	4.82347e-32
894058	1.48484e-32
894158	4.5255e-33
894258	1.36558e-33
894358	4.07972e-34
894458	1.20672e-34
894558	3.53386e-35
894658	1.0246e-35
894758	2.94119e-36
894858	8.35903e-37
894958	2.35208e-37
895058	6.55256e-38
895158	1.80731e-38
895258	4.93536e-39
895358	1.33434e-39
895458	3.57173e-40
895558	9.4657e-41
895658	2.48365e-41
895758	6.45192e-42
895858	1.6594e-42
895958	4.22548e-43
896058	1.06528e-43
896158	2.65896e-44
896258	6.57088e-45
896358	1.60767e-45
896458	3.89433e-46
896558	9.33965e-47
896658	2.21763e-47
896758	5.21328e-48
896858	1.21337e-48
896958	2.79601e-49
897058	6.37889e-50
897158	1.44083e-50
897258	3.22212e-51
897358	7.13398e-52
897458	1.56381e-52
897558	3.39388e-53
897658	7.29241e-54
897758	1.55134e-54
897858	3.2674e-55
897958	6.81333e-56
898058	1.40662e-56
898158	2.87512e-57
898258	5.81829e-58
898358	1.16572e-58
898458	2.31236e-59
898558	4.54127e-60
898658	8.82998e-61
898758	1.69982e-61
898858	3.2397e-62
898958	6.11319e-63
899058	1.14207e-63
899158	2.11239e-64
899258	3.86828e-65
899358	7.01329e-66
899458	1.25888e-66
899558	2.23723e-67
899658	3.93635e-68
899758	6.85705e-69
899858	1.18261e-69
899958	2.01932e-70
900058	3.41372e-71
900158	5.71361e-72
900258	9.4679e-73
900358	1.5533e-73
900458	2.523e-74
900558	4.05732e-75
900658	6.45982e-76
900758	1.01826e-76
900858	1.58913e-77
900958	2.45539e-78
901058	3.75611e-79
901158	5.68874e-80
901258	8.53009e-81
901358	1.26634e-81
901458	1.86125e-82
901558	2.70845e-83
901658	3.90206e-84
901758	5.56579e-85
901858	7.85993e-86
901958	1.09893e-86
902058	1.52118e-87
902158	2.08473e-88
902258	2.82863e-89
902358	3.79982e-90
902458	5.0537e-91
902558	6.65447e-92
902658	8.67514e-93
902758	1.11969e-93
902858	1.4308e-94
902958	1.81017e-95
903058	2.26734e-96
903158	2.81173e-97
903258	3.45214e-98
903358	4.19626e-99
903458	5.05005e-100
903558	6.01709e-101
903658	7.098e-102
903758	8.2898e-103
903858	9.58541e-104
903958	1.09733e-104
904058	1.24371e-105
904158	1.3956e-106
904258	1.55046e-107
904358	1.70537e-108
904458	1.8571e-109
904558	2.00222e-110
904658	2.1372e-111
904758	2.25858e-112
904858	2.36312e-113
904958	2.4479e-114
905058	2.5105e-115
905158	2.54909e-116
905258	2.56252e-117
905358	2.5504e-118
905458	2.51309e-119
905558	2.45168e-120
905658	2.36799e-121
905758	2.2644e-122
905858	2.1438e-123
905958	2.00943e-124
906058	1.86475e-125
906158	1.71327e-126
906258	1.55844e-127
906358	1.40349e-128
906458	1.25138e-129
906558	1.10465e-130
906658	9.65431e-132
906758	8.35361e-133
906858	7.15624e-134
906958	6.06951e-135
907058	5.0966e-136
907158	4.23706e-137
907258	3.48744e-138
907358	2.84189e-139
907458	2.29279e-140
907558	1.83139e-141
907658	1.44828e-142
907758	1.13393e-143
907858	8.78969e-145
907958	6.7456e-146
908058	5.12537e-147
908158	3.85556e-148
908258	2.87149e-149
908358	2.11731e-150
908458	1.54568e-151
908558	1.11715e-152
908658	7.99398e-154
908758	5.66332e-155
908858	3.97225e-156
908958	2.75842e-157
909058	1.89645e-158
909158	1.29086e-159
909258	8.69914e-161
909358	5.80404e-162
909458	3.83391e-163
909558	2.50732e-164
909658	1.62344e-165
909758	1.04069e-166
909858	6.60485e-168
909958	4.15014e-169
910058	2.58178e-170
910158	1.59013e-171
910258	9.69628e-173
910358	5.85375e-174
910458	3.49882e-175
910558	2.07045e-176
910658	1.21302e-177
910758	7.03601e-179
910858	4.04057e-180
910958	2.2973e-181
911058	1.29315e-182
911158	7.20672e-184
911258	3.97635e-185
911358	2.17214e-186
911458	1.17476e-187
911558	6.29026e-189
911658	3.33461e-190
911758	1.75016e-191
911858	9.0943e-193
911958	4.67862e-194
912058	2.383e-195
912158	1.20167e-196
912258	5.99939e-198
912358	2.96541e-199
912458	1.45118e-200
912558	7.03093e-202
912658	3.37258e-203
912758	1.60166e-204
912858	7.53069e-206
912958	3.50555e-207
913058	1.61561e-208
913158	7.37178e-210
913258	3.33017e-211
913358	1.48942e-212
913458	6.59518e-214
913558	2.8913e-215
913658	1.25492e-216
913758	5.39258e-218
913858	2.29421e-219
913958	9.66338e-221
914058	4.02978e-222
914158	1.66376e-223
914258	6.80077e-225
914358	2.75222e-226
914458	1.10272e-227
914558	4.37424e-229
914658	1.7179e-230
914758	6.67963e-232
914858	2.57136e-233
914958	9.8001e-235
915058	3.6979e-236
915158	1.38146e-237
915258	5.10949e-239
915358	1.871e-240
915458	6.7831e-242
915558	2.43467e-243
915658	8.65184e-245
915758	3.04393e-246
915858	1.06027e-247
915958	3.65643e-249
916058	1.2484e-250
916158	4.21997e-252
916258	1.41228e-253
916358	4.6794e-255
916458	1.53503e-256
916558	4.9854e-258
916658	1.60303e-259
916758	5.10315e-261
916858	1.6084e-262
916958	5.01887e-264
917058	1.55051e-265
917158	4.74244e-267
917258	1.4361e-268
917358	4.30553e-270
917458	1.27798e-271
917558	3.75561e-273
917658	1.09268e-274
917758	3.14748e-276
917858	8.97613e-278
917958	2.53439e-279
918058	7.08459e-281
918158	1.96071e-282
918258	5.3724e-284
918358	1.45741e-285
918458	3.91427e-287
918558	1.04083e-288
918658	2.74007e-290
918758	7.14174e-292
918858	1.8429e-293
918958	4.70823e-295
919058	1.19089e-296
919158	2.98223e-298
919258	7.3938e-300
919358	1.8149e-301
919458	4.41056e-303
919558	1.06119e-304
919658	2.52783e-306
919758	5.96157e-308
919858	1.39197e-309
919958	3.21779e-311
920058	7.36448e-313
920158	1.66872e-314
920258	3.74353e-316
920358	8.31453e-318
920458	1.82834e-319
920558	3.97723e-321
920658	8.39912e-323
920758	0
920858	0
920958	0
921058	0
921158	0
921258	0
921358	0
921458	0
921558	0
921658	0
921758	0
921858	0
921958	0
922058	0
922158	0
922258	0
922358	0
922458	0
922558	0
922658	0
922758	0
922858	0
922958	0
923058	0
923158	0
923258	0
923358	0
923458	0
923558	0
923658	0
923758	0
923858	0
923958	0
924058	0
924158	0
924258	0
924358	0
924458	0
924558	0
924658	0
924758	0
924858	0
924958	0
925058	0
925158	0
925258	0
925358	0
925458	0
925558	0
925658	0
925758	0
925858	0
925958	0
926058	0
926158	0
926258	0
926358	0
926458	0
926558	0
926658	0
926758	0
926858	0
926958	0
927058	0
927158	0
927258	0
927358	0
927458	0
927558	0
927658	0
927758	0
927858	0
927958	0
928058	0
928158	0
928258	0
928358	0
928458	0
928558	0
928658	0
928758	0
928858	0
928958	0
929058	0
929158	0
929258	0
929358	0
929458	0
929558	0
929658	0
929758	0
929858	0
929958	0
930058	0
930158	0
930258	0
930358	0
930458	0
930558	0
930658	0
930758	0
930858	0
930958	0
931058	0
931158	0
931258	0
931358	0
931458	0
931558	0
931658	0
931758	0
931858	0
931958	0
932058	0
932158	0
932258	0
932358	0
932458	0
932558	0
932658	0
932758	0
932858	9.88131e-324
932958	5.2865e-322
933058	2.44118e-320
933158	1.11696e-318
933258	5.0595e-317
933358	2.26903e-315
933458	1.00748e-313
933558	4.42888e-312
933658	1.92759e-310
933758	8.3061e-309
933858	3.54358e-307
933958	1.49675e-305
934058	6.2592e-304
934158	2.5915e-302
934258	1.0623e-300
934358	4.31124e-299
934458	1.7323e-297
934558	6.89134e-296
934658	2.71424e-294
934758	1.05841e-292
934858	4.08624e-291
934958	1.56191e-289
935058	5.91085e-288
935158	2.21466e-286
935258	8.21535e-285
935358	3.01723e-283
935458	1.09711e-281
935558	3.94965e-280
935658	1.40776e-278
935758	4.96775e-277
935858	1.73562e-275
935958	6.00359e-274
936058	2.05603e-272
936158	6.97128e-271
936258	2.34022e-269
936358	7.77793e-268
936458	2.55937e-266
936558	8.33808e-265
936658	2.68943e-263
936758	8.58852e-262
936858	2.71543e-260
936958	8.50004e-259
937058	2.63431e-257
937158	8.08303e-256
937258	2.45553e-254
937358	7.38547e-253
937458	2.19925e-251
937558	6.48384e-250
937658	1.89258e-248
937758	5.46936e-247
937858	1.56489e-245
937958	4.43294e-244
938058	1.24326e-242
938158	3.45222e-241
938258	9.49062e-240
938358	2.58318e-238
938458	6.96108e-237
938558	1.85721e-235
938658	4.90579e-234
938758	1.28298e-232
938858	3.32194e-231
938958	8.51584e-230
939058	2.16135e-228
939158	5.43109e-227
939258	1.35117e-225
939358	3.3281e-224
939458	8.11607e-223
939558	1.95955e-221
939658	4.68416e-220
939758	1.10858e-218
939858	2.59758e-217
939958	6.02603e-216
940058	1.38406e-214
940158	3.14734e-213
940258	7.08589e-212
940358	1.57946e-210
940458	3.48565e-209
940558	7.61591e-208
940658	1.64749e-206
940758	3.52848e-205
940858	7.48193e-204
940958	1.57074e-202
941058	3.26479e-201
941158	6.71846e-200
941258	1.36882e-198
941358	2.76113e-197
941458	5.5143e-196
941558	1.09032e-194
941658	2.13444e-193
941758	4.13689e-192
941858	7.93831e-191
941958	1.50815e-189
942058	2.83676e-188
942158	5.2828e-187
942258	9.74022e-186
942358	1.77802e-184
942458	3.2134e-183
942558	5.74986e-182
942658	1.01862e-180
942758	1.78661e-179
942858	3.10248e-178
942958	5.33399e-177
943058	9.07941e-176
943158	1.53012e-174
943258	2.55303e-173
943358	4.21745e-172
943458	6.89772e-171
943558	1.11693e-169
943658	1.79063e-168
943758	2.84216e-167
943858	4.46638e-166
943958	6.94904e-165
944058	1.07043e-163
944158	1.63249e-162
944258	2.46495e-161
944358	3.68491e-160
944458	5.45392e-159
944558	7.99196e-158
944658	1.15947e-156
944758	1.66544e-155
944858	2.36844e-154
944958	3.3347e-153
945058	4.64851e-152
945158	6.41555e-151
945258	8.7663e-150
945358	1.18594e-148
945458	1.58843e-147
945558	2.10639e-146
945658	2.76548e-145
945758	3.59472e-144
945858	4.62618e-143
945958	5.89444e-142
946058	7.43575e-141
946158	9.28688e-140
946258	1.14836e-138
946358	1.40587e-137
946458	1.70404e-136
946558	2.04491e-135
946658	2.42957e-134
946758	2.85792e-133
946858	3.32837e-132
946958	3.83774e-131
947058	4.38109e-130
947158	4.95166e-129
947258	5.54092e-128
947358	6.13869e-127
947458	6.73336e-126
947558	7.31223e-125
947658	7.86196e-124
947758	8.369e-123
947858	8.82021e-122
947958	9.20336e-121
948058	9.50772e-120
948158	9.72453e-119
948258	9.84743e-118
948358	9.87279e-117
948458	9.79983e-116
948558	9.63074e-115
948658	9.37051e-114
948758	9.0267e-113
948858	8.60908e-112
948958	8.12918e-111
949058	7.59974e-110
949158	7.03418e-109
949258	6.44599e-108
949358	5.84828e-107
949458	5.25326e-106
949558	4.67189e-105
949658	4.11356e-104
949758	3.58595e-103
949858	3.09495e-102
949958	2.64463e-101
950058	2.23737e-100
950158	1.87402e-99
950258	1.55407e-98
950358	1.27594e-97
950458	1.03718e-96
950558	8.34711e-96
950658	6.65092e-95
950758	5.24674e-94
950858	4.09788e-93
950958	3.16877e-92
951058	2.42596e-91
951158	1.83882e-90
951258	1.37993e-89
951358	1.02526e-88
951458	7.54183e-88
951558	5.49262e-87
951658	3.96045e-86
951758	2.82729e-85
951858	1.99829e-84
951958	1.39833e-83
952058	9.68773e-83
952158	6.64501e-82
952258	4.51265e-81
952358	3.03409e-80
952458	2.01971e-79
952558	1.3311e-78
952658	8.68545e-78
952758	5.61095e-77
952858	3.58875e-76
952958	2.27253e-75
953058	1.42475e-74
953158	8.84364e-74
953258	5.43481e-73
953358	3.30673e-72
953458	1.99193e-71
953558	1.18799e-70
953658	7.01474e-70
953758	4.10083e-69
953858	2.37353e-68
953958	1.36012e-67
954058	7.71656e-67
954158	4.33442e-66
954258	2.41046e-65
954358	1.32718e-64
954458	7.23471e-64
954558	3.90457e-63
954658	2.08635e-62
954758	1.10373e-61
954858	5.78097e-61
954958	2.99778e-60
955058	1.53907e-59
955158	7.82313e-59
955258	3.93698e-58
955358	1.96159e-57
955458	9.67638e-57
955558	4.72584e-56
955658	2.28511e-55
955758	1.09395e-54
955858	5.18498e-54
955958	2.43309e-53
956058	1.1304e-52
956158	5.19955e-52
956258	2.36789e-51
956358	1.06762e-50
956458	4.76579e-50
956558	2.10627e-49
956658	9.21625e-49
956758	3.99259e-48
956858	1.71245e-47
956958	7.27178e-47
957058	3.05721e-46
957158	1.27254e-45
957258	5.24417e-45
957358	2.13966e-44
957458	8.64317e-44
957558	3.45671e-43
957658	1.36871e-42
957758	5.36568e-42
957858	2.08256e-41
957958	8.00258e-41
958058	3.04456e-40
958158	1.14678e-39
958258	4.27657e-39
958358	1.57897e-38
958458	5.77179e-38
958558	2.08886e-37
958658	7.4846e-37
958758	2.65515e-36
958858	9.32545e-36
958958	3.24274e-35
959058	1.11639e-34
959158	3.8052e-34
959258	1.28411e-33
959358	4.29029e-33
959458	1.41916e-32
959558	4.6477e-32
959658	1.50697e-31
959758	4.83763e-31
959858	1.53752e-30
959958	4.83804e-30
960058	1.50723e-29
960158	4.64889e-29
960258	1.41964e-28
960358	4.29211e-28
960458	1.28476e-27
960558	3.80745e-27
960658	1.11714e-26
960758	3.24519e-26
960858	9.33327e-26
960958	2.65759e-25
961058	7.49209e-25
961158	2.09111e-24
961258	5.77848e-24
961358	1.58092e-23
961458	4.28219e-23
961558	1.14837e-22
961658	3.04901e-22
961758	8.01487e-22
961858	2.0859e-21
961958	5.37467e-21
962058	1.3711e-20
962158	3.46297e-20
962258	8.6594e-20
962358	2.14381e-19
962458	5.25468e-19
962558	1.27516e-18
962658	3.0637e-18
962758	7.28762e-18
962858	1.71627e-17
962958	4.00172e-17
963058	9.23777e-17
963158	2.11129e-16
963258	4.77736e-16
963358	1.07026e-15
963458	2.37383e-15
963558	5.2128e-15
963658	1.13332e-14
963758	2.43946e-14
963858	5.1987e-14
963958	1.09687e-13
964058	2.29128e-13
964158	4.7387e-13
964258	9.70287e-13
964358	1.96699e-12
964458	3.94787e-12
964558	7.84484e-12
964658	1.54335e-11
964758	3.00612e-11
964858	5.79705e-11
964958	1.1068e-10
965058	2.09213e-10
965158	3.91534e-10
965258	7.25455e-10
965358	1.33079e-09
965458	2.41697e-09
965558	4.34602e-09
965658	7.73699e-09
965758	1.36368e-08
965858	2.37964e-08
965958	4.11123e-08
966058	7.03219e-08
966158	1.19089e-07
966258	1.99668e-07
966358	3.31443e-07
966458	5.44713e-07
966558	8.86311e-07
966658	1.42779e-06
966758	2.27721e-06
966858	3.59585e-06
966958	5.6216e-06
967058	8.70118e-06
967158	1.33339e-05
967258	2.02299e-05
967358	3.03874e-05
967458	4.51909e-05
967558	6.6538e-05
967658	9.69947e-05
967758	0.000139987
967858	0.000200025
967958	0.000282973
968058	0.000396336
968158	0.000549596
968258	0.000754543
968358	0.00102562
968458	0.00138021
968558	0.00183895
968658	0.00242579
968758	0.00316809
968858	0.00409641
968958	0.0052441
969058	0.00664661
969158	0.00834049
969258	0.010362
969358	0.0127456
969458	0.0155217
969558	0.0187146
969658	0.0223401
969758	0.0264031
969858	0.0308949
969958	0.0357919
970058	0.0410534
970158	0.0466206
970258	0.0524172
970358	0.0583495
970458	0.0643086
970558	0.0701729
970658	0.0758124
970758	0.0810928
970858	0.0858809
970958	0.0900501
971058	0.0934862
971158	0.0960919
971258	0.0977924
971358	0.0985379
971458	0.0983069
971558	0.0971068
971658	0.0949735
971758	0.0919699
971858	0.0881823
971958	0.0837171
972058	0.0786949
972158	0.0732459
972258	0.0675039
972358	0.061601
972458	0.0556628
972558	0.0498044
972658	0.0441266
972758	0.0387143
972858	0.0336347
972958	0.0289372
973058	0.0246541
973158	0.0208015
973258	0.0173813
973358	0.0143835
973458	0.0117884
973558	0.00956893
973658	0.00769324
973758	0.00612641
973858	0.0048325
973958	0.00377594
974058	0.0029227
974158	0.00224116
974258	0.00170259
974358	0.00128152
974458	0.00095574
974558	0.000706289
974658	0.000517228
974758	0.000375377
974858	0.000270006
974958	0.000192499
975058	0.000136041
975158	9.53084e-05
975258	6.61985e-05
975358	4.55887e-05
975458	3.11311e-05
975558	2.10813e-05
975658	1.41579e-05
975758	9.4306e-06
975858	6.23086e-06
975958	4.08374e-06
976058	2.65522e-06
976158	1.71278e-06
976258	1.0962e-06
976358	6.96112e-07
976458	4.38624e-07
976558	2.74246e-07
976658	1.70151e-07
976758	1.04756e-07
976858	6.39985e-08
976958	3.87978e-08
977058	2.3339e-08
977158	1.39309e-08
977258	8.25056e-09
977358	4.84811e-09
977458	2.82633e-09
977558	1.63458e-09
977658	9.37767e-10
977758	5.33648e-10
977858	3.01199e-10
977958	1.68599e-10
978058	9.35884e-11
978158	5.15135e-11
978258	2.81134e-11
978358	1.52113e-11
978458	8.15902e-12
978558	4.33809e-12
978658	2.28619e-12
978758	1.19411e-12
978858	6.18112e-13
978958	3.17064e-13
979058	1.6116e-13
979158	8.11647e-14
979258	4.04999e-14
979358	2.00213e-14
979458	9.8053e-15
979558	4.75704e-15
979658	2.28616e-15
979758	1.08836e-15
979858	5.13379e-16
979958	2.40275e-16
980058	1.12398e-16
980158	5.44967e-17
980258	3.18135e-17
980358	3.08334e-17
980458	5.19214e-17
980558	1.10236e-16
980658	2.45878e-16
980758	5.49552e-16
980858	1.21892e-15
980958	2.6779e-15
981058	5.82519e-15
981158	1.25456e-14
981258	2.67503e-14
981358	5.64708e-14
981458	1.18026e-13
981558	2.44223e-13
981658	5.00326e-13
981758	1.01479e-12
981858	2.03778e-12
981958	4.05131e-12
982058	7.97426e-12
982158	1.55397e-11
982258	2.99814e-11
982358	5.72688e-11
982458	1.08303e-10
982558	2.02778e-10
982658	3.75889e-10
982758	6.89849e-10
982858	1.25345e-09
982958	2.25483e-09
983058	4.01588e-09
983158	7.08114e-09
983258	1.23618e-08
983358	2.13659e-08
983458	3.65607e-08
983558	6.19393e-08
983658	1.0389e-07
983758	1.72521e-07
983858	2.83638e-07
983958	4.61683e-07
984058	7.44014e-07
984158	1.18707e-06
984258	1.87511e-06
984358	2.93249e-06
984458	4.54049e-06
984558	6.96027e-06
984658	1.05635e-05
984758	1.58725e-05
984858	2.36124e-05
984958	3.47771e-05
985058	5.07112e-05
985158	7.32102e-05
985258	0.00010464
985358	0.000148074
985458	0.000207453
985558	0.000287752
985658	0.00039516
985758	0.000537263
985858	0.0007232
985958	0.000963802
986058	0.00127167
986158	0.0016612
986258	0.00214845
986358	0.00275098
986458	0.00348745
986558	0.00437712
986658	0.0054391
986758	0.00669152
986858	0.00815045
986958	0.00982875
987058	0.0117348
987158	0.0138711
987258	0.0162334
987358	0.0188091
987458	0.0215768
987558	0.0245058
987658	0.0275557
987758	0.0306774
987858	0.0338133
987958	0.0368996
988058	0.0398676
988158	0.0426466
988258	0.0451664
988358	0.0473603
988458	0.049168
988558	0.0505382
988658	0.0514315
988758	0.0518217
988858	0.0516973
988958	0.0510625
989058	0.049936
989158	0.0483512
989258	0.0463536
989358	0.0439994
989458	0.0413523
989558	0.0384809
989658	0.0354558
989758	0.0323468
989858	0.0292199
989958	0.026136
990058	0.023148
990158	0.0203008
990258	0.0176295
990358	0.0151602
990458	0.0129096
990558	0.0108862
990658	0.00909083
990758	0.00751806
990858	0.00615736
990958	0.00499441
991058	0.00401224
991158	0.00319242
991258	0.00251594
991358	0.00196402
991458	0.00151872
991558	0.00116336
991658	0.000882845
991758	0.000663757
991858	0.000494444
991958	0.000364954
992058	0.000266933
992158	0.000193483
992258	0.000138994
992358	9.89682e-05
992458	6.98528e-05
992558	4.88765e-05
992658	3.39068e-05
992758	2.3323e-05
992858	1.59089e-05
992958	1.07621e-05
993058	7.22107e-06
993158	4.80613e-06
993258	3.17339e-06
993358	2.07887e-06
993458	1.35129e-06
993558	8.71609e-07
993658	5.57934e-07
993758	3.54456e-07
993858	2.23503e-07
993958	1.39885e-07
994058	8.69034e-08
994158	5.35911e-08
994258	3.28051e-08
994358	1.99335e-08
994458	1.20228e-08
994558	7.19783e-09
994658	4.27708e-09
994758	2.52244e-09
