393314	1.7919e-08
393414	2.93961e-08
393514	4.77444e-08
393614	7.67737e-08
393714	1.22225e-07
393814	1.92648e-07
393914	3.00625e-07
394014	4.64454e-07
394114	7.10424e-07
394214	1.07585e-06
394314	1.61302e-06
394414	2.39434e-06
394514	3.51875e-06
394614	5.11976e-06
394714	7.37508e-06
394814	1.05182e-05
394914	1.48516e-05
395014	2.07616e-05
395114	2.87347e-05
395214	3.93741e-05
395314	5.34158e-05
395414	7.17442e-05
395514	9.54027e-05
395614	0.000125601
395714	0.000163712
395814	0.000211264
395914	0.000269915
396014	0.000341418
396114	0.000427565
396214	0.000530122
396314	0.000650738
396414	0.000790849
396514	0.000951564
396614	0.00113355
396714	0.0013369
396814	0.00156104
396914	0.00180462
397014	0.00206546
397114	0.00234047
397214	0.00262571
397314	0.00291641
397414	0.00320705
397514	0.00349157
397614	0.00376351
397714	0.00401626
397814	0.00424334
397914	0.00443866
398014	0.00459676
398114	0.00471313
398214	0.00478436
398314	0.00480834
398414	0.00478436
398514	0.00471313
398614	0.00459676
398714	0.00443866
398814	0.00424334
398914	0.00401626
399014	0.00376351
399114	0.00349157
399214	0.00320705
399314	0.00291641
399414	0.00262571
399514	0.00234047
399614	0.00206546
399714	0.00180462
399814	0.00156104
399914	0.0013369
400014	0.00113355
400114	0.000951564
400214	0.000790849
400314	0.000650738
400414	0.000530122
400514	0.000427565
400614	0.000341418
400714	0.000269915
400814	0.000211264
400914	0.000163712
401014	0.000125601
401114	9.54027e-05
401214	7.17442e-05
401314	5.34158e-05
401414	3.93741e-05
401514	2.87347e-05
401614	2.07616e-05
401714	1.48516e-05
401814	1.05182e-05
401914	7.37508e-06
402014	5.11976e-06
402114	3.51875e-06
402214	2.39434e-06
402314	1.61302e-06
402414	1.07585e-06
402514	7.10424e-07
402614	4.64454e-07
402714	3.00625e-07
402814	1.92648e-07
402914	1.22225e-07
403014	7.67737e-08
403114	4.77444e-08
403214	2.93961e-08
403314	1.7919e-08
403414	1.08142e-08
403514	6.46151e-09
403614	3.82234e-09
403714	2.23863e-09
403814	1.29805e-09
403914	7.45174e-10
404014	4.23527e-10
404114	2.38321e-10
404214	1.3277e-10
404314	7.32309e-11
404414	3.99895e-11
404514	2.162e-11
404614	1.15723e-11
404714	6.13259e-12
404814	3.21754e-12
404914	1.67133e-12
405014	8.59519e-13
405114	4.3763e-13
405214	2.20605e-13
405314	1.10098e-13
405414	5.44005e-14
405514	2.66123e-14
405614	1.2889e-14
405714	6.18034e-15
405814	2.93402e-15
405914	1.37902e-15
406014	6.41705e-16
406114	2.95636e-16
406214	1.34845e-16
406314	6.08936e-17
406414	2.72248e-17
406514	1.20508e-17
406614	5.28107e-18
406714	2.29132e-18
406814	9.84254e-19
406914	4.18586e-19
407014	1.76246e-19
407114	7.34705e-20
407214	3.03223e-20
407314	1.23899e-20
407414	5.01224e-21
407514	2.00749e-21
407614	7.96032e-22
407714	3.12511e-22
407814	1.21467e-22
407914	4.67418e-23
408014	1.78078e-23
408114	6.71698e-24
408214	2.50838e-24
408314	9.27408e-25
408414	3.39473e-25
408514	1.23026e-25
408614	4.41412e-26
408714	1.56801e-26
408814	5.51457e-27
408914	1.92013e-27
409014	6.61923e-28
409114	2.25913e-28
409214	7.63364e-29
409314	2.55375e-29
409414	8.45831e-30
409514	2.77361e-30
409614	9.00459e-31
409714	2.89427e-31
409814	9.21027e-32
409914	2.90177e-32
410014	9.05127e-33
410114	2.7952e-33
410214	8.54623e-34
410314	2.58698e-34
410414	7.75296e-35
410514	2.30038e-35
410614	6.75756e-36
410714	1.96537e-36
410814	5.66067e-37
410914	1.61952e-37
411014	4.78559e-38
411114	2.12334e-38
411214	3.43757e-38
411314	1.11725e-37
411414	3.93892e-37
411514	1.38507e-36
411614	4.82472e-36
411714	1.66398e-35
411814	5.68175e-35
411914	1.92076e-34
412014	6.42871e-34
412114	2.13025e-33
412214	6.9887e-33
412314	2.26996e-32
412414	7.2996e-32
412514	2.32401e-31
412614	7.32542e-31
412714	2.28605e-30
412814	7.06311e-30
412914	2.16055e-29
413014	6.54319e-29
413114	1.96188e-28
413214	5.8239e-28
413314	1.71164e-27
413414	4.98045e-27
413514	1.43477e-26
413614	4.09216e-26
413714	1.15553e-25
413814	3.23049e-25
413914	8.94152e-25
414014	2.45026e-24
414114	6.6477e-24
414214	1.78562e-23
414314	4.74856e-23
414414	1.25024e-22
414514	3.25899e-22
414614	8.41064e-22
414714	2.14898e-21
414814	5.43619e-21
414914	1.36149e-20
415014	3.37591e-20
415114	8.28753e-20
415214	2.01427e-19
415314	4.84692e-19
415414	1.15471e-18
415514	2.72356e-18
415614	6.36003e-18
415714	1.47041e-17
415814	3.3657e-17
415914	7.62728e-17
416014	1.71128e-16
416114	3.80129e-16
416214	8.35984e-16
416314	1.82021e-15
416414	3.92378e-15
416514	8.37422e-15
416614	1.76946e-14
416714	3.70166e-14
416814	7.6667e-14
416914	1.57209e-13
417014	3.19158e-13
417114	6.41491e-13
417214	1.27654e-12
417314	2.51497e-12
417414	4.90559e-12
417514	9.47341e-12
417614	1.81125e-11
417714	3.42855e-11
417814	6.42538e-11
417914	1.19219e-10
418014	2.19003e-10
418114	3.98301e-10
418214	7.17186e-10
418314	1.27853e-09
418414	2.25656e-09
418514	3.94313e-09
418614	6.82172e-09
418714	1.16844e-08
418814	1.98141e-08
418914	3.32663e-08
419014	5.52959e-08
419114	9.09998e-08
419214	1.48268e-07
419314	2.39174e-07
419414	3.81982e-07
419514	6.03992e-07
419614	9.45543e-07
419714	1.46553e-06
419814	2.24889e-06
419914	3.41671e-06
420014	5.13939e-06
420114	7.65387e-06
420214	1.12854e-05
420314	1.64749e-05
420414	2.38122e-05
420514	3.40761e-05
420614	4.82808e-05
420714	6.77294e-05
420814	9.40722e-05
420914	0.000129369
421014	0.000176153
421114	0.00023749
421214	0.000317032
421314	0.000419051
421414	0.000548465
421514	0.000710815
421614	0.000912224
421714	0.0011593
421814	0.00145901
421914	0.00181845
422014	0.00224465
422114	0.00274424
422214	0.00332314
422314	0.00398621
422414	0.00473688
422514	0.00557683
422614	0.0065057
422714	0.00752083
422814	0.0086172
422914	0.00978738
423014	0.0110217
423114	0.0123085
423214	0.0136344
423314	0.014985
423414	0.0163455
423514	0.0177009
423614	0.0190371
423714	0.0203411
423814	0.0216016
423914	0.0228092
424014	0.0239567
424114	0.0250386
424214	0.0260514
424314	0.0269925
424414	0.0278602
424514	0.0286528
424614	0.0293682
424714	0.0300031
424814	0.0305525
424914	0.0310101
425014	0.0313673
425114	0.0316146
425214	0.0317409
425314	0.031735
425414	0.031586
425514	0.0312844
425614	0.0308228
425714	0.0301967
425814	0.0294056
425914	0.028453
426014	0.0273468
426114	0.0260993
426214	0.0247271
426314	0.0232501
426414	0.0216913
426514	0.0200756
426614	0.0184288
426714	0.0167768
426814	0.0151445
426914	0.0135551
427014	0.0120294
427114	0.0105849
427214	0.00923604
427314	0.00799386
427414	0.00686587
427514	0.00585643
427614	0.00496706
427714	0.00419684
427814	0.0035429
427914	0.00300091
428014	0.00256556
428114	0.00223092
428214	0.00199088
428314	0.00183932
428414	0.00177034
428514	0.0017783
428614	0.00185783
428714	0.00200371
428814	0.00221076
428914	0.00247362
429014	0.00278656
429114	0.0031433
429214	0.00353682
429314	0.00395927
429414	0.0044019
429514	0.00485512
429614	0.00530858
429714	0.00575141
429814	0.00617248
429914	0.00656073
430014	0.0069056
430114	0.00719737
430214	0.00742761
430314	0.00758952
430414	0.00767824
430514	0.00769106
430614	0.00762754
430714	0.00748954
430814	0.00728112
430914	0.00700828
431014	0.00667877
431114	0.00630163
431214	0.00588682
431314	0.00544479
431414	0.00498601
431514	0.00452064
431614	0.00405807
431714	0.00360673
431814	0.00317383
431914	0.00276522
432014	0.00238535
432114	0.00203729
432214	0.00172278
432314	0.00144241
432414	0.00119571
432514	0.000981397
432614	0.000797527
432714	0.000641696
432814	0.000511208
432914	0.000403228
433014	0.000314912
433114	0.00024351
433214	0.000186437
433314	0.000141331
433414	0.00010608
433514	7.88356e-05
433614	5.80102e-05
433714	4.22652e-05
433814	3.049e-05
433914	2.17786e-05
434014	1.54029e-05
434114	1.07864e-05
434214	7.47916e-06
434314	5.13493e-06
434414	3.49078e-06
434514	2.34974e-06
434614	1.56612e-06
434714	1.03358e-06
434814	6.75427e-07
434914	4.37047e-07
435014	2.80024e-07
435114	1.77658e-07
435214	1.11608e-07
435314	6.94274e-08
435414	4.27655e-08
435514	2.60848e-08
435614	1.57548e-08
435714	9.42262e-09
435814	5.58044e-09
