813841	2.17067e-07
813941	3.57748e-07
814041	5.83893e-07
814141	9.43778e-07
814241	1.51075e-06
814341	2.395e-06
814441	3.76027e-06
814541	5.84708e-06
814641	9.00477e-06
814741	1.3735e-05
814841	2.07497e-05
814941	3.10479e-05
815041	4.60149e-05
815141	6.75489e-05
815241	9.82202e-05
815341	0.000141467
815441	0.000201832
815541	0.000285243
815641	0.000399336
815741	0.000553822
815841	0.000760887
815941	0.00103561
816041	0.0013964
816141	0.0018654
816241	0.00246881
816341	0.00323719
816441	0.00420555
816541	0.00541329
816641	0.00690383
816741	0.00872406
816841	0.0109233
816941	0.0135521
817041	0.0166602
817141	0.0202948
817241	0.0244976
817341	0.0293024
817441	0.0347318
817541	0.0407946
817641	0.0474823
817741	0.0547668
817841	0.0625981
817941	0.0709032
818041	0.0795851
818141	0.0885235
818241	0.0975765
818341	0.106584
818441	0.11537
818541	0.123751
818641	0.131539
818741	0.13855
818841	0.144611
818941	0.149564
819041	0.15328
819141	0.155655
819241	0.156624
819341	0.156157
819441	0.154263
819541	0.150993
819641	0.14643
819741	0.140696
819841	0.133935
819941	0.126318
820041	0.118027
820141	0.109253
820241	0.100188
820341	0.0910151
820441	0.0819068
820541	0.0730173
820641	0.0644793
820741	0.0564022
820841	0.0488701
820941	0.0419423
821041	0.0356546
821141	0.030021
821241	0.0250363
821341	0.0206798
821441	0.0169177
821541	0.0137073
821641	0.0109993
821741	0.00874141
821841	0.00688
821941	0.00536267
822041	0.00413955
822141	0.00316445
822241	0.00239558
822341	0.00179592
822441	0.00133327
822541	0.000980163
822641	0.000713554
822741	0.000514395
822841	0.000367201
822941	0.000259563
823041	0.000181682
823141	0.000125923
823241	8.64211e-05
823341	5.87289e-05
823441	3.95183e-05
823541	2.63303e-05
823641	1.73709e-05
823741	1.13473e-05
823841	7.33954e-06
823941	4.70049e-06
824041	2.98068e-06
824141	1.87147e-06
824241	1.16344e-06
824341	7.16137e-07
824441	4.36453e-07
824541	2.6337e-07
824641	1.57355e-07
824741	9.30849e-08
824841	5.45206e-08
824941	3.16171e-08
825041	1.81537e-08
825141	1.03201e-08
825241	5.80874e-09
825341	3.23709e-09
825441	1.78609e-09
825541	9.75721e-10
825641	5.27741e-10
825741	2.8261e-10
825841	1.49839e-10
825941	7.86564e-11
826041	4.08801e-11
826141	2.10358e-11
826241	1.0717e-11
826341	5.40575e-12
826441	2.69963e-12
826541	1.33481e-12
826641	6.53433e-13
826741	3.16699e-13
826841	1.5197e-13
826941	7.21994e-14
827041	3.39604e-14
827141	1.58152e-14
827241	7.29191e-15
827341	3.32866e-15
827441	1.50439e-15
827541	6.73153e-16
827641	2.98214e-16
827741	1.30799e-16
827841	5.67992e-17
827941	2.44197e-17
828041	1.03944e-17
828141	4.38046e-18
828241	1.82768e-18
828341	7.54989e-19
828441	3.08774e-19
828541	1.25026e-19
828641	5.01211e-20
828741	1.9893e-20
828841	7.81697e-21
828941	3.04114e-21
829041	1.17137e-21
829141	4.46693e-22
829241	1.68649e-22
829341	6.30401e-23
829441	2.33297e-23
829541	8.54791e-24
829641	3.10077e-24
829741	1.11362e-24
829841	3.9597e-25
829941	1.39395e-25
830041	4.85834e-26
830141	1.67644e-26
830241	5.72726e-27
830341	1.93715e-27
830441	6.4869e-28
830541	2.15065e-28
830641	7.05925e-29
830741	2.29407e-29
830841	7.38094e-30
830941	2.35112e-30
831041	7.41473e-31
831141	2.31512e-31
831241	7.15664e-32
831341	2.1903e-32
831441	6.63673e-33
831541	1.99096e-33
831641	5.91328e-34
831741	1.73881e-34
831841	5.06212e-35
831941	1.45905e-35
832041	4.16357e-36
832141	1.1763e-36
832241	3.29025e-37
832341	9.11165e-38
832441	2.49817e-38
832541	6.78116e-39
832641	1.8224e-39
832741	4.84887e-40
832841	1.2773e-40
832941	3.33124e-41
833041	8.60149e-42
833141	2.19887e-42
833241	5.56522e-43
833341	1.39451e-43
833441	3.45955e-44
833541	8.49717e-45
833641	2.06626e-45
833741	4.97456e-46
833841	1.18572e-46
833941	2.7981e-47
834041	6.53739e-48
834141	1.51217e-48
834241	3.46303e-49
834341	7.85178e-50
834441	1.76253e-50
834541	3.91708e-51
834641	8.61878e-52
834741	1.87753e-52
834841	4.04933e-53
834941	8.64645e-54
835041	1.82789e-54
835141	3.82576e-55
835241	7.92764e-56
835341	1.6264e-56
835441	3.30344e-57
835541	6.64299e-58
835641	1.32257e-58
835741	2.60693e-59
835841	5.08742e-60
835941	9.82931e-61
836041	1.88021e-61
836141	3.56078e-62
836241	6.67639e-63
836341	1.23935e-63
836441	2.27775e-64
836541	4.14452e-65
836641	7.46619e-66
836741	1.33162e-66
836841	2.35137e-67
836941	4.1107e-68
837041	7.11491e-69
837141	1.21921e-69
837241	2.06846e-70
837341	3.47433e-71
837441	5.77768e-72
837541	9.51244e-73
837641	1.55056e-73
837741	2.5023e-74
837841	3.99807e-75
837941	6.32436e-76
838041	9.90468e-77
838141	1.53575e-77
838241	2.35754e-78
838341	3.58307e-79
838441	5.39147e-80
838541	8.03186e-81
838641	1.18463e-81
838741	1.72984e-82
838841	2.50084e-83
838941	3.57951e-84
839041	5.07245e-85
839141	7.11655e-86
839241	9.88504e-87
839341	1.35939e-87
839441	1.85083e-88
839541	2.49486e-89
839641	3.32953e-90
839741	4.39924e-91
839841	5.75478e-92
839941	7.45309e-93
840041	9.55656e-94
840141	1.21318e-94
840241	1.52476e-95
840341	1.89731e-96
840441	2.3374e-97
840541	2.85091e-98
840641	3.44263e-99
840741	4.11581e-100
840841	4.87165e-101
840941	5.70893e-102
841041	6.62355e-103
841141	7.60823e-104
841241	8.65233e-105
841341	9.74182e-106
841441	1.08594e-106
841541	1.19846e-107
841641	1.30949e-108
841741	1.41657e-109
841841	1.51716e-110
841941	1.60872e-111
842041	1.68883e-112
842141	1.75529e-113
842241	1.80621e-114
842341	1.84012e-115
842441	1.85601e-116
842541	1.85341e-117
842641	1.8324e-118
842741	1.7936e-119
842841	1.73816e-120
842941	1.66767e-121
843041	1.58411e-122
843141	1.48977e-123
843241	1.38711e-124
843341	1.27867e-125
843441	1.16698e-126
843541	1.05445e-127
843641	9.43289e-129
843741	8.35451e-130
843841	7.32579e-131
843941	6.35982e-132
844041	5.46628e-133
844141	4.65153e-134
844241	3.91884e-135
844341	3.26871e-136
844441	2.6993e-137
844541	2.20691e-138
844641	1.78638e-139
844741	1.4316e-140
844841	1.13586e-141
844941	8.92248e-143
845041	6.9391e-144
845141	5.34292e-145
845241	4.07296e-146
845341	3.07397e-147
845441	2.29692e-148
845541	1.69922e-149
845641	1.24454e-150
845741	9.02456e-152
845841	6.47889e-153
845941	4.60502e-154
846041	3.24056e-155
846141	2.2577e-156
846241	1.55729e-157
846341	1.06348e-158
846441	7.19026e-160
846541	4.81303e-161
846641	3.1897e-162
846741	2.09285e-163
846841	1.35951e-164
846941	8.74347e-166
847041	5.56728e-167
847141	3.50961e-168
847241	2.19044e-169
847341	1.35351e-170
847441	8.28037e-172
847541	5.01526e-173
847641	3.00743e-174
847741	1.78547e-175
847841	1.04947e-176
847941	6.10719e-178
848041	3.51861e-179
848141	2.00705e-180
848241	1.13345e-181
848341	6.33727e-183
848441	3.508e-184
848541	1.92254e-185
848641	1.04315e-186
848741	5.60371e-188
848841	2.98031e-189
848941	1.56929e-190
849041	8.18097e-192
849141	4.22242e-193
849241	2.15763e-194
849341	1.09156e-195
849441	5.46733e-197
849541	2.7112e-198
849641	1.33108e-199
849741	6.46998e-201
849841	3.11358e-202
849941	1.48345e-203
850041	6.99751e-205
850141	3.26792e-206
850241	1.51097e-207
850341	6.91669e-209
850441	3.13471e-210
850541	1.40654e-211
850641	6.24836e-213
850741	2.74812e-214
850841	1.19664e-215
850941	5.15878e-217
851041	2.20185e-218
851141	9.30436e-220
851241	3.89262e-221
851341	1.61233e-222
851441	6.61186e-224
851541	2.68442e-225
851641	1.07903e-226
851741	4.29412e-228
851841	1.69189e-229
851941	6.59974e-231
852041	2.54882e-232
852141	9.74557e-234
852241	3.68921e-235
852341	1.38266e-236
852441	5.13046e-238
852541	1.88475e-239
852641	6.855e-241
852741	2.46842e-242
852841	8.80008e-244
852941	3.10607e-245
853041	1.08541e-246
853141	3.7552e-248
853241	1.28626e-249
853341	4.36198e-251
853441	1.46452e-252
853541	4.86812e-254
853641	1.60209e-255
853741	5.21997e-257
853841	1.68386e-258
853941	5.37777e-260
854041	1.70042e-261
854141	5.32311e-263
854241	1.6498e-264
854341	5.0624e-266
854441	1.53793e-267
854541	4.62568e-269
854641	1.37743e-270
854741	4.06091e-272
854841	1.18531e-273
854941	3.4253e-275
855041	9.79991e-277
855141	2.77589e-278
855241	7.78467e-280
855341	2.1614e-281
855441	5.94137e-283
855541	1.61694e-284
855641	4.35673e-286
855741	1.16221e-287
855841	3.06947e-289
855941	8.02602e-291
856041	2.07776e-292
856141	5.32532e-294
856241	1.35131e-295
856341	3.39483e-297
856441	8.44386e-299
856541	2.07931e-300
856641	5.0694e-302
856741	1.22363e-303
856841	2.92415e-305
856941	6.91843e-307
857041	1.62059e-308
857141	3.75832e-310
857241	8.62924e-312
857341	1.96159e-313
857441	4.4147e-315
857541	9.83673e-317
857641	2.16999e-318
857741	4.73957e-320
857841	1.02272e-321
857941	1.97626e-323
858041	0
858141	0
858241	0
858341	0
858441	0
858541	0
858641	0
858741	0
858841	0
858941	0
859041	0
859141	0
859241	0
859341	0
859441	0
859541	0
859641	0
859741	0
859841	0
859941	0
860041	0
860141	0
860241	0
860341	0
860441	0
860541	0
860641	0
860741	0
860841	0
860941	0
861041	0
861141	0
861241	0
861341	0
861441	0
861541	0
861641	0
861741	0
861841	0
861941	0
862041	0
862141	0
862241	0
862341	0
862441	0
862541	0
862641	0
862741	0
862841	0
862941	0
863041	0
863141	0
863241	0
863341	0
863441	0
863541	0
863641	0
863741	0
863841	0
863941	0
864041	0
864141	0
864241	0
864341	0
864441	0
864541	0
864641	0
864741	0
864841	0
864941	0
865041	0
865141	0
865241	0
865341	0
865441	0
865541	0
865641	0
865741	0
865841	0
865941	0
866041	0
866141	0
866241	0
866341	0
866441	0
866541	0
866641	0
866741	0
866841	0
866941	0
867041	0
867141	0
867241	0
867341	0
867441	0
867541	0
867641	0
867741	0
867841	0
867941	0
868041	0
868141	0
868241	0
868341	0
868441	0
868541	0
868641	0
868741	0
868841	0
868941	0
869041	0
869141	0
869241	0
869341	0
869441	0
869541	0
869641	0
869741	0
869841	0
869941	0
870041	4.44659e-323
870141	2.14424e-321
870241	9.88329e-320
870341	4.50319e-318
870441	2.03138e-316
870541	9.07238e-315
870641	4.01151e-313
870741	1.75611e-311
870841	7.61119e-310
870941	3.26596e-308
871041	1.38748e-306
871141	5.83578e-305
871241	2.43013e-303
871341	1.00188e-301
871441	4.08942e-300
871541	1.65258e-298
871641	6.61185e-297
871741	2.61902e-295
871841	1.0271e-293
871941	3.98791e-292
872041	1.53297e-290
872141	5.83418e-289
872241	2.19828e-287
872341	8.20057e-286
872441	3.02874e-284
872541	1.10749e-282
872641	4.00932e-281
872741	1.43702e-279
872841	5.09929e-278
872941	1.79149e-276
873041	6.23128e-275
873141	2.14584e-273
873241	7.31603e-272
873341	2.46951e-270
873441	8.25283e-269
873541	2.73057e-267
873641	8.94459e-266
873741	2.90085e-264
873841	9.31426e-263
873941	2.96093e-261
874041	9.31893e-260
874141	2.90376e-258
874241	8.95806e-257
874341	2.73605e-255
874441	8.27356e-254
874541	2.47695e-252
874641	7.34177e-251
874741	2.15448e-249
874841	6.25951e-248
874941	1.80051e-246
875041	5.12755e-245
875141	1.44571e-243
875241	4.03563e-242
875341	1.11532e-240
875441	3.0517e-239
875541	8.26694e-238
875641	2.2172e-236
875741	5.88739e-235
875841	1.54774e-233
875941	4.0284e-232
876041	1.03806e-230
876141	2.64834e-229
876241	6.6893e-228
876341	1.67281e-226
876441	4.14161e-225
876541	1.0152e-223
876641	2.4637e-222
876741	5.91951e-221
876841	1.40812e-219
876941	3.3163e-218
877041	7.73259e-217
877141	1.78507e-215
877241	4.07982e-214
877341	9.23181e-213
877441	2.06819e-211
877541	4.58725e-210
877641	1.00733e-208
877741	2.19003e-207
877841	4.71398e-206
877941	1.00458e-204
878041	2.11951e-203
878141	4.42739e-202
878241	9.15625e-201
878341	1.87476e-199
878441	3.80043e-198
878541	7.62743e-197
878641	1.51559e-195
878741	2.98157e-194
878841	5.8072e-193
878941	1.11982e-191
879041	2.13789e-190
879141	4.04094e-189
879241	7.56203e-188
879341	1.40105e-186
879441	2.56997e-185
879541	4.66724e-184
879641	8.39174e-183
879741	1.49384e-181
879841	2.63277e-180
879941	4.5939e-179
880041	7.93614e-178
880141	1.35737e-176
880241	2.29849e-175
880341	3.85344e-174
880441	6.39609e-173
880541	1.05109e-171
880641	1.71011e-170
880741	2.75465e-169
880841	4.39309e-168
880941	6.93638e-167
881041	1.08431e-165
881141	1.67818e-164
881241	2.57146e-163
881341	3.90106e-162
881441	5.85928e-161
881541	8.71298e-160
881641	1.28277e-158
881741	1.86979e-157
881841	2.69833e-156
881941	3.8553e-155
882041	5.45358e-154
882141	7.63776e-153
882241	1.05904e-151
882341	1.45384e-150
882441	1.97598e-149
882541	2.65895e-148
882641	3.5424e-147
882741	4.67248e-146
882841	6.1018e-145
882941	7.88914e-144
883041	1.00986e-142
883141	1.27984e-141
883241	1.60588e-140
883341	1.99495e-139
883441	2.45364e-138
883541	2.9878e-137
883641	3.6021e-136
883741	4.29953e-135
883841	5.081e-134
883941	5.94483e-133
884041	6.8864e-132
884141	7.89783e-131
884241	8.9678e-130
884341	1.00815e-128
884441	1.1221e-127
884541	1.23651e-126
884641	1.34905e-125
884741	1.45721e-124
884841	1.55841e-123
884941	1.65007e-122
885041	1.72977e-121
885141	1.7953e-120
885241	1.84481e-119
885341	1.87685e-118
885441	1.89048e-117
885541	1.8853e-116
885641	1.86146e-115
885741	1.81967e-114
885841	1.76114e-113
885941	1.68758e-112
886041	1.60102e-111
886141	1.50383e-110
886241	1.39851e-109
886341	1.28765e-108
886441	1.17381e-107
886541	1.05941e-106
886641	9.46667e-106
886741	8.37525e-105
886841	7.3361e-104
886941	6.36211e-103
887041	5.46267e-102
887141	4.64383e-101
887241	3.90856e-100
887341	3.25706e-99
887441	2.68722e-98
887541	2.19508e-97
887641	1.77528e-96
887741	1.42152e-95
887841	1.12696e-94
887941	8.8458e-94
888041	6.87439e-93
888141	5.28936e-92
888241	4.02942e-91
888341	3.03916e-90
888441	2.26953e-89
888541	1.678e-88
888641	1.22834e-87
888741	8.90267e-87
888841	6.38843e-86
888941	4.5388e-85
889041	3.19273e-84
889141	2.22361e-83
889241	1.5333e-82
889341	1.04682e-81
889441	7.0761e-81
889541	4.73577e-80
889641	3.13807e-79
889741	2.05879e-78
889841	1.33733e-77
889941	8.60085e-77
890041	5.47674e-76
890141	3.45288e-75
890241	2.15536e-74
890341	1.3321e-73
890441	8.15142e-73
890541	4.93867e-72
890641	2.96256e-71
890741	1.75956e-70
890841	1.03472e-69
890941	6.02456e-69
891041	3.47303e-68
891141	1.98233e-67
891241	1.12027e-66
891341	6.26842e-66
891441	3.47277e-65
891541	1.90493e-64
891641	1.03458e-63
891741	5.56339e-63
891841	2.9621e-62
891941	1.56152e-61
892041	8.15044e-61
892141	4.21215e-60
892241	2.15534e-59
892341	1.09198e-58
892441	5.47779e-58
892541	2.72073e-57
892641	1.338e-56
892741	6.51509e-56
892841	3.14105e-55
892941	1.49942e-54
893041	7.08701e-54
893141	3.31663e-53
893241	1.53683e-52
893341	7.05099e-52
893441	3.20309e-51
893541	1.44074e-50
893641	6.41649e-50
893741	2.82949e-49
893841	1.23542e-48
893941	5.341e-48
894041	2.28627e-47
894141	9.69024e-47
894241	4.06669e-46
894341	1.68985e-45
894441	6.95277e-45
894541	2.8325e-44
894641	1.14257e-43
894741	4.56355e-43
894841	1.80479e-42
894941	7.06729e-42
895041	2.74022e-41
895141	1.05202e-40
895241	3.99918e-40
895341	1.5053e-39
895441	5.61028e-39
895541	2.0704e-38
895641	7.5654e-38
895741	2.73728e-37
895841	9.80658e-37
895941	3.47878e-36
896041	1.22193e-35
896141	4.2499e-35
896241	1.4636e-34
896341	4.99091e-34
896441	1.6852e-33
896541	5.63424e-33
896641	1.86524e-32
896741	6.11432e-32
896841	1.98462e-31
896941	6.37856e-31
897041	2.02994e-30
897141	6.39679e-30
897241	1.99599e-29
897341	6.16696e-29
897441	1.8867e-28
897541	5.71546e-28
897641	1.71443e-27
897741	5.09222e-27
897841	1.49766e-26
897941	4.36155e-26
898041	1.25773e-25
898141	3.59132e-25
898241	1.01541e-24
898341	2.84283e-24
898441	7.88099e-24
898541	2.16337e-23
898641	5.88037e-23
898741	1.5827e-22
898841	4.21809e-22
898941	1.11315e-21
899041	2.9088e-21
899141	7.52658e-21
899241	1.92843e-20
899341	4.8925e-20
899441	1.22908e-19
899541	3.05741e-19
899641	7.53094e-19
899741	1.83682e-18
899841	4.43616e-18
899941	1.06089e-17
900041	2.5122e-17
900141	5.89064e-17
900241	1.3677e-16
900341	3.14444e-16
900441	7.15841e-16
900541	1.61366e-15
900641	3.60187e-15
900741	7.96098e-15
900841	1.74231e-14
900941	3.77577e-14
901041	8.10226e-14
901141	1.72158e-13
901241	3.62216e-13
901341	7.54621e-13
901441	1.55671e-12
901541	3.17986e-12
901641	6.4317e-12
901741	1.28814e-11
901841	2.55456e-11
901941	5.01634e-11
902041	9.75385e-11
902141	1.87794e-10
902241	3.58017e-10
902341	6.75835e-10
902441	1.26326e-09
902541	2.33809e-09
902641	4.28492e-09
902741	7.77568e-09
902841	1.39716e-08
902941	2.48582e-08
903041	4.37929e-08
903141	7.63922e-08
903241	1.31949e-07
903341	2.2567e-07
903441	3.82165e-07
903541	6.40824e-07
903641	1.06398e-06
903741	1.7492e-06
903841	2.84742e-06
903941	4.58955e-06
904041	7.32481e-06
904141	1.15752e-05
904241	1.8112e-05
904341	2.80613e-05
904441	4.3048e-05
904541	6.53887e-05
904641	9.83456e-05
904741	0.000146457
904841	0.000215956
904941	0.000315299
905041	0.000455807
905141	0.000652436
905241	0.000924687
905341	0.00129763
905441	0.00180303
905541	0.00248058
905641	0.0033791
905741	0.00455768
905841	0.00608671
905941	0.00804853
906041	0.0105377
906141	0.0136605
906241	0.017534
906341	0.0222838
906441	0.0280406
906541	0.0349364
906641	0.0430982
906741	0.0526418
906841	0.0636637
906941	0.0762329
907041	0.0903818
907141	0.106098
907241	0.123317
907341	0.141913
907441	0.1617
907541	0.182424
907641	0.20377
907741	0.225364
907841	0.246781
907941	0.267561
908041	0.287222
908141	0.305277
908241	0.321258
908341	0.334732
908441	0.345319
908541	0.352717
908641	0.356709
908741	0.357176
908841	0.354106
908941	0.347589
909041	0.337817
909141	0.325073
909241	0.309718
909341	0.292174
909441	0.272903
909541	0.252391
909641	0.231125
909741	0.209574
909841	0.188175
909941	0.167318
910041	0.147337
910141	0.128502
910241	0.111019
910341	0.0950292
910441	0.0806117
910541	0.0677917
910641	0.0565458
910741	0.0468117
910841	0.0384962
910941	0.0314845
911041	0.0256477
911141	0.0208503
911241	0.016956
911341	0.0138328
911441	0.0113566
911541	0.00941381
911641	0.00790273
911741	0.00673457
911841	0.00583335
911941	0.00513544
912041	0.00458871
912141	0.00415146
912241	0.00379116
912341	0.0034832
912441	0.0032096
912541	0.00295784
912641	0.00271974
912741	0.00249049
912841	0.00226779
912941	0.00205109
913041	0.00184102
913141	0.00163887
913241	0.00144624
913341	0.00126472
913441	0.00109571
913541	0.000940301
913641	0.000799185
913741	0.000672658
913841	0.000560634
913941	0.000462678
914041	0.000378074
914141	0.000305888
914241	0.000245034
914341	0.00019434
914441	0.000152605
914541	0.000118642
914641	9.13214e-05
914741	6.95933e-05
914841	5.25077e-05
914941	3.92227e-05
915041	2.90075e-05
915141	2.12394e-05
915241	1.53968e-05
915341	1.10504e-05
915441	7.85203e-06
915541	5.52388e-06
915641	3.84736e-06
915741	2.65301e-06
915841	1.81123e-06
915941	1.22423e-06
916041	8.1924e-07
916141	5.4277e-07
916241	3.56023e-07
916341	2.31205e-07
916441	1.48653e-07
916541	9.4625e-08
916641	5.96343e-08
916741	3.72086e-08
916841	2.29852e-08
916941	1.40575e-08
917041	8.51192e-09
917141	5.10273e-09
917241	3.02855e-09
917341	1.77961e-09
917441	1.03531e-09
917541	5.96314e-10
917641	3.40045e-10
917741	1.91979e-10
917841	1.07308e-10
917941	5.9385e-11
918041	3.25399e-11
918141	1.7659e-11
918241	9.50141e-12
918341	5.09035e-12
918441	2.7616e-12
918541	1.61217e-12
918641	1.19273e-12
918741	1.35497e-12
918841	2.21066e-12
918941	4.19625e-12
919041	8.27475e-12
919141	1.63585e-11
919241	3.21183e-11
919341	6.24823e-11
919441	1.20365e-10
919541	2.29574e-10
919641	4.33518e-10
919741	8.10494e-10
919841	1.5002e-09
919941	2.7492e-09
920041	4.98793e-09
920141	8.95967e-09
920241	1.59338e-08
920341	2.80547e-08
920441	4.89044e-08
920541	8.44009e-08
920641	1.44213e-07
920741	2.43959e-07
920841	4.0859e-07
920941	6.77509e-07
921041	1.11224e-06
921141	1.80776e-06
921241	2.90898e-06
921341	4.63442e-06
921441	7.30985e-06
921541	1.14151e-05
921641	1.76484e-05
921741	2.7014e-05
921841	4.09384e-05
921941	6.14227e-05
922041	9.12397e-05
922141	0.000134183
922241	0.000195373
922341	0.000281638
922441	0.000401953
922541	0.000567957
922641	0.000794535
922741	0.00110044
922841	0.00150897
922941	0.00204856
923041	0.00275343
923141	0.00366401
923241	0.00482721
923341	0.00629642
923441	0.00813106
923541	0.0103958
923641	0.0131591
923741	0.0164912
923841	0.0204613
923941	0.0251347
924041	0.0305682
924141	0.0368063
924241	0.0438766
924341	0.0517846
924441	0.0605097
924541	0.0700014
924641	0.0801762
924741	0.0909161
924841	0.102069
924941	0.11345
925041	0.124845
925141	0.136017
925241	0.146715
925341	0.15668
925441	0.165657
925541	0.173405
925641	0.17971
925741	0.184391
925841	0.187311
925941	0.188385
926041	0.187579
926141	0.18492
926241	0.180484
926341	0.174404
926441	0.166852
926541	0.15804
926641	0.148207
926741	0.137605
926841	0.126494
926941	0.115127
927041	0.103745
927141	0.0925655
927241	0.081778
927341	0.0715401
927441	0.0619751
927541	0.0531717
927641	0.0451852
927741	0.0380405
927841	0.0317353
927941	0.026245
928041	0.0215268
928141	0.0175248
928241	0.0141739
928341	0.0114043
928441	0.00914451
928541	0.00732435
928641	0.00587702
928741	0.00474068
928841	0.00385943
928941	0.00318383
929041	0.00267103
929141	0.00228463
929241	0.00199427
929341	0.00177513
929441	0.00160733
929541	0.00147532
929641	0.00136719
929741	0.00127415
929841	0.00118994
929941	0.00111033
930041	0.00103271
930141	0.000955671
930241	0.00087872
930341	0.000801986
930441	0.000726002
930541	0.000651528
930641	0.000579414
930741	0.00051049
930841	0.000445497
930941	0.000385037
931041	0.000329547
931141	0.000279294
931241	0.000234376
931341	0.00019474
931441	0.000160207
931541	0.000130491
931641	0.000105233
931741	8.40209e-05
931841	6.64181e-05
931941	5.19812e-05
932041	4.02779e-05
932141	3.08992e-05
932241	2.34685e-05
932341	1.76474e-05
932441	1.31382e-05
932541	9.68384e-06
932641	7.0667e-06
932741	5.10556e-06
932841	3.65197e-06
932941	2.58624e-06
933041	1.81329e-06
933141	1.2587e-06
933241	8.65036e-07
933341	5.88577e-07
933441	3.96488e-07
933541	2.64432e-07
933641	1.74604e-07
933741	1.14144e-07
933841	7.38766e-08
933941	4.7339e-08
934041	3.00323e-08
934141	1.88631e-08
934241	1.173e-08
934341	7.22166e-09
