1.56796e+06	1.78614e-07
1.56806e+06	2.93163e-07
1.56816e+06	4.76415e-07
1.56826e+06	7.66565e-07
1.56836e+06	1.22124e-06
1.56846e+06	1.92641e-06
1.56856e+06	3.00879e-06
1.56866e+06	4.65307e-06
1.56876e+06	7.12515e-06
1.56886e+06	1.08035e-05
1.56896e+06	1.622e-05
1.56906e+06	2.4114e-05
1.56916e+06	3.54995e-05
1.56926e+06	5.17513e-05
1.56936e+06	7.47096e-05
1.56946e+06	0.000106807
1.56956e+06	0.000151216
1.56966e+06	0.000212028
1.56976e+06	0.000294441
1.56986e+06	0.000404974
1.56996e+06	0.000551699
1.57006e+06	0.000744462
1.57016e+06	0.000995111
1.57026e+06	0.00131769
1.57036e+06	0.00172861
1.57046e+06	0.00224673
1.57056e+06	0.00289341
1.57066e+06	0.00369238
1.57076e+06	0.00466961
1.57086e+06	0.00585293
1.57096e+06	0.00727158
1.57106e+06	0.00895558
1.57116e+06	0.010935
1.57126e+06	0.013239
1.57136e+06	0.015895
1.57146e+06	0.0189274
1.57156e+06	0.0223565
1.57166e+06	0.0261975
1.57176e+06	0.0304594
1.57186e+06	0.0351437
1.57196e+06	0.0402436
1.57206e+06	0.0457433
1.57216e+06	0.051617
1.57226e+06	0.0578286
1.57236e+06	0.0643313
1.57246e+06	0.0710674
1.57256e+06	0.0779685
1.57266e+06	0.0849558
1.57276e+06	0.0919405
1.57286e+06	0.0988254
1.57296e+06	0.105506
1.57306e+06	0.111871
1.57316e+06	0.117809
1.57326e+06	0.123205
1.57336e+06	0.127948
1.57346e+06	0.131932
1.57356e+06	0.135062
1.57366e+06	0.137256
1.57376e+06	0.138449
1.57386e+06	0.138596
1.57396e+06	0.137674
1.57406e+06	0.135687
1.57416e+06	0.132661
1.57426e+06	0.12865
1.57436e+06	0.123731
1.57446e+06	0.118003
1.57456e+06	0.111584
1.57466e+06	0.104605
1.57476e+06	0.0972056
1.57486e+06	0.0895319
1.57496e+06	0.0817272
1.57506e+06	0.0739296
1.57516e+06	0.0662667
1.57526e+06	0.0588522
1.57536e+06	0.0517834
1.57546e+06	0.0451386
1.57556e+06	0.0389771
1.57566e+06	0.0333388
1.57576e+06	0.0282455
1.57586e+06	0.023702
1.57596e+06	0.0196989
1.57606e+06	0.0162144
1.57616e+06	0.0132174
1.57626e+06	0.0106701
1.57636e+06	0.00853009
1.57646e+06	0.00675289
1.57656e+06	0.0052938
1.57666e+06	0.0041094
1.57676e+06	0.00315875
1.57686e+06	0.00240419
1.57696e+06	0.0018119
1.57706e+06	0.00135209
1.57716e+06	0.000999029
1.57726e+06	0.000730881
1.57736e+06	0.000529428
1.57746e+06	0.000379713
1.57756e+06	0.000269643
1.57766e+06	0.000189585
1.57776e+06	0.000131978
1.57786e+06	9.09645e-05
1.57796e+06	6.20753e-05
1.57806e+06	4.1941e-05
1.57816e+06	2.80563e-05
1.57826e+06	1.85819e-05
1.57836e+06	1.21848e-05
1.57846e+06	7.91073e-06
1.57856e+06	5.08486e-06
1.57866e+06	3.23599e-06
1.57876e+06	2.03892e-06
1.57886e+06	1.27191e-06
1.57896e+06	7.85549e-07
1.57906e+06	4.80346e-07
1.57916e+06	2.90801e-07
1.57926e+06	1.74301e-07
1.57936e+06	1.03434e-07
1.57946e+06	6.07699e-08
1.57956e+06	3.53486e-08
1.57966e+06	2.03571e-08
1.57976e+06	1.1607e-08
1.57986e+06	6.55214e-09
1.57996e+06	3.66189e-09
1.58006e+06	2.02621e-09
1.58016e+06	1.11e-09
1.58026e+06	6.02034e-10
1.58036e+06	3.23278e-10
1.58046e+06	1.71866e-10
1.58056e+06	9.04611e-11
1.58066e+06	4.71402e-11
1.58076e+06	2.43208e-11
1.58086e+06	1.24229e-11
1.58096e+06	6.28241e-12
1.58106e+06	3.14548e-12
1.58116e+06	1.55921e-12
1.58126e+06	7.65209e-13
1.58136e+06	3.71803e-13
1.58146e+06	1.78856e-13
1.58156e+06	8.51825e-14
1.58166e+06	4.01657e-14
1.58176e+06	1.87507e-14
1.58186e+06	8.66636e-15
1.58196e+06	3.96564e-15
1.58206e+06	1.79658e-15
1.58216e+06	8.0582e-16
1.58226e+06	3.57838e-16
1.58236e+06	1.57323e-16
1.58246e+06	6.84785e-17
1.58256e+06	2.95103e-17
1.58266e+06	1.25907e-17
1.58276e+06	5.31845e-18
1.58286e+06	2.22421e-18
1.58296e+06	9.20926e-19
1.58306e+06	3.77511e-19
1.58316e+06	1.53212e-19
1.58326e+06	6.15619e-20
1.58336e+06	2.449e-20
1.58346e+06	9.64545e-21
1.58356e+06	3.76109e-21
1.58366e+06	1.45198e-21
1.58376e+06	5.54966e-22
1.58386e+06	2.10004e-22
1.58396e+06	7.8677e-23
1.58406e+06	2.91826e-23
1.58416e+06	1.07166e-23
1.58426e+06	3.89626e-24
1.58436e+06	1.40248e-24
1.58446e+06	4.99804e-25
1.58456e+06	1.76344e-25
1.58466e+06	6.15999e-26
1.58476e+06	2.13037e-26
1.58486e+06	7.29438e-27
1.58496e+06	2.47274e-27
1.58506e+06	8.29899e-28
1.58516e+06	2.75759e-28
1.58526e+06	9.07173e-29
1.58536e+06	2.95467e-29
1.58546e+06	9.5276e-30
1.58556e+06	3.0417e-30
1.58566e+06	9.61402e-31
1.58576e+06	3.00851e-31
1.58586e+06	9.32083e-32
1.58596e+06	2.85901e-32
1.58606e+06	8.68226e-33
1.58616e+06	2.6104e-33
1.58626e+06	7.77032e-34
1.58636e+06	2.28996e-34
1.58646e+06	6.68149e-35
1.58656e+06	1.93008e-35
1.58666e+06	5.51996e-36
1.58676e+06	1.56298e-36
1.58686e+06	4.38154e-37
1.58696e+06	1.21607e-37
1.58706e+06	3.34153e-38
1.58716e+06	9.09057e-39
1.58726e+06	2.44846e-39
1.58736e+06	6.52908e-40
1.58746e+06	1.72373e-40
1.58756e+06	4.50549e-41
1.58766e+06	1.16593e-41
1.58776e+06	2.98717e-42
1.58786e+06	7.57712e-43
1.58796e+06	1.90286e-43
1.58806e+06	4.73113e-44
1.58816e+06	1.16461e-44
1.58826e+06	2.83826e-45
1.58836e+06	6.8483e-46
1.58846e+06	1.63595e-46
1.58856e+06	3.86913e-47
1.58866e+06	9.05971e-48
1.58876e+06	2.10026e-48
1.58886e+06	4.82045e-49
1.58896e+06	1.09537e-49
1.58906e+06	2.46427e-50
1.58916e+06	5.48877e-51
1.58926e+06	1.21037e-51
1.58936e+06	2.64252e-52
1.58946e+06	5.71184e-53
1.58956e+06	1.22234e-53
1.58966e+06	2.58977e-54
1.58976e+06	5.43238e-55
1.58986e+06	1.12817e-55
1.58996e+06	2.31963e-56
1.59006e+06	4.72192e-57
1.59016e+06	9.51645e-58
1.59026e+06	1.89884e-58
1.59036e+06	3.75111e-59
1.59046e+06	7.33648e-60
1.59056e+06	1.4206e-60
1.59066e+06	2.72342e-61
1.59076e+06	5.16909e-62
1.59086e+06	9.71338e-63
1.59096e+06	1.8071e-63
1.59106e+06	3.32854e-64
1.59116e+06	6.06989e-65
1.59126e+06	1.09589e-65
1.59136e+06	1.95888e-66
1.59146e+06	3.46661e-67
1.59156e+06	6.07381e-68
1.59166e+06	1.05359e-68
1.59176e+06	1.80944e-69
1.59186e+06	3.07659e-70
1.59196e+06	5.17909e-71
1.59206e+06	8.63166e-72
1.59216e+06	1.42427e-72
1.59226e+06	2.32674e-73
1.59236e+06	3.76322e-74
1.59246e+06	6.02599e-75
1.59256e+06	9.55332e-76
1.59266e+06	1.49947e-76
1.59276e+06	2.33012e-77
1.59286e+06	3.58488e-78
1.59296e+06	5.46046e-79
1.59306e+06	8.23457e-80
1.59316e+06	1.22945e-80
1.59326e+06	1.81733e-81
1.59336e+06	2.65961e-82
1.59346e+06	3.85351e-83
1.59356e+06	5.52781e-84
1.59366e+06	7.85068e-85
1.59376e+06	1.10387e-85
1.59386e+06	1.53669e-86
1.59396e+06	2.11793e-87
1.59406e+06	2.88996e-88
1.59416e+06	3.9042e-89
1.59426e+06	5.22189e-90
1.59436e+06	6.91482e-91
1.59446e+06	9.06548e-92
1.59456e+06	1.17668e-92
1.59466e+06	1.51211e-93
1.59476e+06	1.92382e-94
1.59486e+06	2.42327e-95
1.59496e+06	3.02202e-96
1.59506e+06	3.73121e-97
1.59516e+06	4.56099e-98
1.59526e+06	5.51983e-99
1.59536e+06	6.61378e-100
1.59546e+06	7.84568e-101
1.59556e+06	9.21442e-102
1.59566e+06	1.07143e-102
1.59576e+06	1.23343e-103
1.59586e+06	1.4058e-104
1.59596e+06	1.58632e-105
1.59606e+06	1.7722e-106
1.59616e+06	1.96017e-107
1.59626e+06	2.1465e-108
1.59636e+06	2.32715e-109
1.59646e+06	2.4979e-110
1.59656e+06	2.65451e-111
1.59666e+06	2.79286e-112
1.59676e+06	2.90919e-113
1.59686e+06	3.00021e-114
1.59696e+06	3.06329e-115
1.59706e+06	3.09657e-116
1.59716e+06	3.09907e-117
1.59726e+06	3.07071e-118
1.59736e+06	3.01234e-119
1.59746e+06	2.92567e-120
1.59756e+06	2.81323e-121
1.59766e+06	2.67819e-122
1.59776e+06	2.52426e-123
1.59786e+06	2.3555e-124
1.59796e+06	2.17616e-125
1.59806e+06	1.99047e-126
1.59816e+06	1.8025e-127
1.59826e+06	1.61605e-128
1.59836e+06	1.43446e-129
1.59846e+06	1.26061e-130
1.59856e+06	1.09681e-131
1.59866e+06	9.44796e-133
1.59876e+06	8.05752e-134
1.59886e+06	6.80334e-135
1.59896e+06	5.68721e-136
1.59906e+06	4.70689e-137
1.59916e+06	3.85679e-138
1.59926e+06	3.12878e-139
1.59936e+06	2.51293e-140
1.59946e+06	1.99822e-141
1.59956e+06	1.57313e-142
1.59966e+06	1.22614e-143
1.59976e+06	9.46182e-145
1.59986e+06	7.22879e-146
1.59996e+06	5.46782e-147
1.60006e+06	4.09467e-148
1.60016e+06	3.03586e-149
1.60026e+06	2.22844e-150
1.60036e+06	1.61949e-151
1.60046e+06	1.16523e-152
1.60056e+06	8.30044e-154
1.60066e+06	5.85395e-155
1.60076e+06	4.08746e-156
1.60086e+06	2.82563e-157
1.60096e+06	1.9339e-158
1.60106e+06	1.31042e-159
1.60116e+06	8.79109e-161
1.60126e+06	5.83892e-162
1.60136e+06	3.83954e-163
1.60146e+06	2.49967e-164
1.60156e+06	1.61118e-165
1.60166e+06	1.02816e-166
1.60176e+06	6.49588e-168
1.60186e+06	4.06322e-169
1.60196e+06	2.51628e-170
1.60206e+06	1.54279e-171
1.60216e+06	9.36503e-173
1.60226e+06	5.6282e-174
1.60236e+06	3.34878e-175
1.60246e+06	1.9727e-176
1.60256e+06	1.15052e-177
1.60266e+06	6.64327e-179
1.60276e+06	3.79776e-180
1.60286e+06	2.14946e-181
1.60296e+06	1.20445e-182
1.60306e+06	6.68201e-184
1.60316e+06	3.67013e-185
1.60326e+06	1.99578e-186
1.60336e+06	1.07448e-187
1.60346e+06	5.72724e-189
1.60356e+06	3.02237e-190
1.60366e+06	1.57909e-191
1.60376e+06	8.16814e-193
1.60386e+06	4.18308e-194
1.60396e+06	2.12093e-195
1.60406e+06	1.06467e-196
1.60416e+06	5.29125e-198
1.60426e+06	2.60352e-199
1.60436e+06	1.26829e-200
1.60446e+06	6.11694e-202
1.60456e+06	2.92084e-203
1.60466e+06	1.38082e-204
1.60476e+06	6.46285e-206
1.60486e+06	2.9948e-207
1.60496e+06	1.37394e-208
1.60506e+06	6.2406e-210
1.60516e+06	2.80635e-211
1.60526e+06	1.24944e-212
1.60536e+06	5.50735e-214
1.60546e+06	2.40342e-215
1.60556e+06	1.03842e-216
1.60566e+06	4.44194e-218
1.60576e+06	1.88118e-219
1.60586e+06	7.88759e-221
1.60596e+06	3.27428e-222
1.60606e+06	1.34569e-223
1.60616e+06	5.47558e-225
1.60626e+06	2.20583e-226
1.60636e+06	8.79777e-228
1.60646e+06	3.474e-229
1.60656e+06	1.35814e-230
1.60666e+06	5.25671e-232
1.60676e+06	2.01438e-233
1.60686e+06	7.64235e-235
1.60696e+06	2.87058e-236
1.60706e+06	1.0675e-237
1.60716e+06	3.93029e-239
1.60726e+06	1.43264e-240
1.60736e+06	5.17021e-242
1.60746e+06	1.84729e-243
1.60756e+06	6.53461e-245
1.60766e+06	2.28855e-246
1.60776e+06	7.93523e-248
1.60786e+06	2.72405e-249
1.60796e+06	9.25822e-251
1.60806e+06	3.11528e-252
1.60816e+06	1.03782e-253
1.60826e+06	3.42301e-255
1.60836e+06	1.11776e-256
1.60846e+06	3.61365e-258
1.60856e+06	1.15665e-259
1.60866e+06	3.66533e-261
1.60876e+06	1.14996e-262
1.60886e+06	3.57198e-264
1.60896e+06	1.09848e-265
1.60906e+06	3.3445e-267
1.60916e+06	1.00816e-268
1.60926e+06	3.00873e-270
1.60936e+06	8.88986e-272
1.60946e+06	2.60054e-273
1.60956e+06	7.53162e-275
1.60966e+06	2.15959e-276
1.60976e+06	6.13071e-278
1.60986e+06	1.72309e-279
1.60996e+06	4.7947e-281
1.61006e+06	1.32091e-282
1.61016e+06	3.6028e-284
1.61026e+06	9.72892e-286
1.61036e+06	2.60104e-287
1.61046e+06	6.88471e-289
1.61056e+06	1.80419e-290
1.61066e+06	4.68096e-292
1.61076e+06	1.20239e-293
1.61086e+06	3.05782e-295
1.61096e+06	7.69903e-297
1.61106e+06	1.91919e-298
1.61116e+06	4.73648e-300
1.61126e+06	1.15731e-301
1.61136e+06	2.79965e-303
1.61146e+06	6.70522e-305
1.61156e+06	1.58994e-306
1.61166e+06	3.73253e-308
1.61176e+06	8.67529e-310
1.61186e+06	1.99628e-311
1.61196e+06	4.54796e-313
1.61206e+06	1.02581e-314
1.61216e+06	2.29075e-316
1.61226e+06	5.06458e-318
1.61236e+06	1.10858e-319
1.61246e+06	2.40116e-321
1.61256e+06	4.94066e-323
1.61266e+06	0
1.61276e+06	0
1.61286e+06	0
1.61296e+06	0
1.61306e+06	0
1.61316e+06	0
1.61326e+06	0
1.61336e+06	0
1.61346e+06	0
1.61356e+06	0
1.61366e+06	0
1.61376e+06	0
1.61386e+06	0
1.61396e+06	0
1.61406e+06	0
1.61416e+06	0
1.61426e+06	0
1.61436e+06	0
1.61446e+06	0
1.61456e+06	0
1.61466e+06	0
1.61476e+06	0
1.61486e+06	0
1.61496e+06	0
1.61506e+06	0
1.61516e+06	0
1.61526e+06	0
1.61536e+06	0
1.61546e+06	0
1.61556e+06	0
1.61566e+06	0
1.61576e+06	0
1.61586e+06	0
1.61596e+06	0
1.61606e+06	0
1.61616e+06	0
1.61626e+06	0
1.61636e+06	0
1.61646e+06	0
1.61656e+06	0
1.61666e+06	0
1.61676e+06	0
1.61686e+06	0
1.61696e+06	0
1.61706e+06	0
1.61716e+06	0
1.61726e+06	0
1.61736e+06	0
1.61746e+06	0
1.61756e+06	0
1.61766e+06	0
1.61776e+06	0
1.61786e+06	0
1.61796e+06	0
1.61806e+06	0
1.61816e+06	0
1.61826e+06	0
1.61836e+06	0
1.61846e+06	0
1.61856e+06	0
1.61866e+06	0
1.61876e+06	0
1.61886e+06	0
1.61896e+06	0
1.61906e+06	0
1.61916e+06	0
1.61926e+06	0
1.61936e+06	0
1.61946e+06	0
1.61956e+06	0
1.61966e+06	0
1.61976e+06	0
1.61986e+06	0
1.61996e+06	0
1.62006e+06	0
1.62016e+06	0
1.62026e+06	0
1.62036e+06	0
1.62046e+06	0
1.62056e+06	0
1.62066e+06	0
1.62076e+06	0
1.62086e+06	0
1.62096e+06	0
1.62106e+06	0
1.62116e+06	0
1.62126e+06	0
1.62136e+06	0
1.62146e+06	0
1.62156e+06	0
1.62166e+06	0
1.62176e+06	0
1.62186e+06	0
1.62196e+06	0
1.62206e+06	0
1.62216e+06	0
1.62226e+06	0
1.62236e+06	0
1.62246e+06	0
1.62256e+06	0
1.62266e+06	0
1.62276e+06	0
1.62286e+06	0
1.62296e+06	0
1.62306e+06	0
1.62316e+06	0
1.62326e+06	0
1.62336e+06	0
1.62346e+06	0
1.62356e+06	0
1.62366e+06	0
1.62376e+06	0
1.62386e+06	0
1.62396e+06	0
1.62406e+06	0
1.62416e+06	0
1.62426e+06	0
1.62436e+06	0
1.62446e+06	0
1.62456e+06	0
1.62466e+06	0
1.62476e+06	0
1.62486e+06	0
1.62496e+06	0
1.62506e+06	0
1.62516e+06	0
1.62526e+06	0
1.62536e+06	0
1.62546e+06	0
1.62556e+06	0
1.62566e+06	0
1.62576e+06	0
1.62586e+06	0
1.62596e+06	0
1.62606e+06	0
1.62616e+06	0
1.62626e+06	0
1.62636e+06	0
1.62646e+06	0
1.62656e+06	0
1.62666e+06	0
1.62676e+06	0
1.62686e+06	0
1.62696e+06	0
1.62706e+06	0
1.62716e+06	0
1.62726e+06	0
1.62736e+06	0
1.62746e+06	0
1.62756e+06	0
1.62766e+06	0
1.62776e+06	0
1.62786e+06	0
1.62796e+06	0
1.62806e+06	0
1.62816e+06	0
1.62826e+06	0
1.62836e+06	0
1.62846e+06	0
1.62856e+06	0
1.62866e+06	0
1.62876e+06	0
1.62886e+06	0
1.62896e+06	0
1.62906e+06	0
1.62916e+06	0
1.62926e+06	0
1.62936e+06	0
1.62946e+06	0
1.62956e+06	0
1.62966e+06	0
1.62976e+06	0
1.62986e+06	0
1.62996e+06	0
1.63006e+06	0
1.63016e+06	0
1.63026e+06	0
1.63036e+06	0
1.63046e+06	0
1.63056e+06	0
1.63066e+06	0
1.63076e+06	0
1.63086e+06	0
1.63096e+06	0
1.63106e+06	0
1.63116e+06	0
1.63126e+06	0
1.63136e+06	0
1.63146e+06	0
1.63156e+06	0
1.63166e+06	0
1.63176e+06	0
1.63186e+06	0
1.63196e+06	0
1.63206e+06	0
1.63216e+06	0
1.63226e+06	0
1.63236e+06	0
1.63246e+06	0
1.63256e+06	0
1.63266e+06	0
1.63276e+06	0
1.63286e+06	0
1.63296e+06	0
1.63306e+06	0
1.63316e+06	0
1.63326e+06	0
1.63336e+06	0
1.63346e+06	0
1.63356e+06	0
1.63366e+06	0
1.63376e+06	0
1.63386e+06	0
1.63396e+06	0
1.63406e+06	0
1.63416e+06	0
1.63426e+06	0
1.63436e+06	0
1.63446e+06	0
1.63456e+06	0
1.63466e+06	0
1.63476e+06	0
1.63486e+06	0
1.63496e+06	0
1.63506e+06	0
1.63516e+06	0
1.63526e+06	0
1.63536e+06	0
1.63546e+06	0
1.63556e+06	0
1.63566e+06	0
1.63576e+06	0
1.63586e+06	0
1.63596e+06	0
1.63606e+06	0
1.63616e+06	0
1.63626e+06	0
1.63636e+06	0
1.63646e+06	0
1.63656e+06	0
1.63666e+06	0
1.63676e+06	0
1.63686e+06	0
1.63696e+06	0
1.63706e+06	0
1.63716e+06	0
1.63726e+06	0
1.63736e+06	0
1.63746e+06	0
1.63756e+06	0
1.63766e+06	0
1.63776e+06	0
1.63786e+06	0
1.63796e+06	0
1.63806e+06	0
1.63816e+06	0
1.63826e+06	0
1.63836e+06	0
1.63846e+06	0
1.63856e+06	0
1.63866e+06	0
1.63876e+06	0
1.63886e+06	0
1.63896e+06	0
1.63906e+06	0
1.63916e+06	0
1.63926e+06	0
1.63936e+06	0
1.63946e+06	0
1.63956e+06	0
1.63966e+06	0
1.63976e+06	0
1.63986e+06	0
1.63996e+06	0
1.64006e+06	0
1.64016e+06	0
1.64026e+06	0
1.64036e+06	0
1.64046e+06	0
1.64056e+06	0
1.64066e+06	0
1.64076e+06	0
1.64086e+06	0
1.64096e+06	0
1.64106e+06	0
1.64116e+06	0
1.64126e+06	0
1.64136e+06	0
1.64146e+06	0
1.64156e+06	0
1.64166e+06	0
1.64176e+06	0
1.64186e+06	0
1.64196e+06	0
1.64206e+06	0
1.64216e+06	0
1.64226e+06	0
1.64236e+06	0
1.64246e+06	0
1.64256e+06	0
1.64266e+06	0
1.64276e+06	0
1.64286e+06	0
1.64296e+06	0
1.64306e+06	0
1.64316e+06	0
1.64326e+06	0
1.64336e+06	0
1.64346e+06	0
1.64356e+06	0
1.64366e+06	0
1.64376e+06	0
1.64386e+06	0
1.64396e+06	0
1.64406e+06	0
1.64416e+06	0
1.64426e+06	0
1.64436e+06	0
1.64446e+06	0
1.64456e+06	0
1.64466e+06	0
1.64476e+06	0
1.64486e+06	0
1.64496e+06	0
1.64506e+06	0
1.64516e+06	0
1.64526e+06	0
1.64536e+06	0
1.64546e+06	0
1.64556e+06	0
1.64566e+06	0
1.64576e+06	0
1.64586e+06	0
1.64596e+06	0
1.64606e+06	0
1.64616e+06	0
1.64626e+06	0
1.64636e+06	0
1.64646e+06	0
1.64656e+06	0
1.64666e+06	0
1.64676e+06	0
1.64686e+06	0
1.64696e+06	0
1.64706e+06	0
1.64716e+06	0
1.64726e+06	0
1.64736e+06	0
1.64746e+06	0
1.64756e+06	0
1.64766e+06	0
1.64776e+06	0
1.64786e+06	0
1.64796e+06	0
1.64806e+06	0
1.64816e+06	0
1.64826e+06	0
1.64836e+06	0
1.64846e+06	0
1.64856e+06	0
1.64866e+06	0
1.64876e+06	0
1.64886e+06	0
1.64896e+06	0
1.64906e+06	0
1.64916e+06	0
1.64926e+06	0
1.64936e+06	0
1.64946e+06	0
1.64956e+06	0
1.64966e+06	0
1.64976e+06	0
1.64986e+06	0
1.64996e+06	0
1.65006e+06	0
1.65016e+06	0
1.65026e+06	0
1.65036e+06	0
1.65046e+06	0
1.65056e+06	0
1.65066e+06	0
1.65076e+06	0
1.65086e+06	0
1.65096e+06	0
1.65106e+06	0
1.65116e+06	0
1.65126e+06	0
1.65136e+06	0
1.65146e+06	0
1.65156e+06	0
1.65166e+06	0
1.65176e+06	0
1.65186e+06	0
1.65196e+06	0
1.65206e+06	0
1.65216e+06	0
1.65226e+06	0
1.65236e+06	0
1.65246e+06	0
1.65256e+06	0
1.65266e+06	0
1.65276e+06	0
1.65286e+06	0
1.65296e+06	0
1.65306e+06	0
1.65316e+06	0
1.65326e+06	0
1.65336e+06	0
1.65346e+06	0
1.65356e+06	0
1.65366e+06	0
1.65376e+06	0
1.65386e+06	0
1.65396e+06	0
1.65406e+06	0
1.65416e+06	0
1.65426e+06	0
1.65436e+06	0
1.65446e+06	0
1.65456e+06	0
1.65466e+06	0
1.65476e+06	0
1.65486e+06	0
1.65496e+06	0
1.65506e+06	0
1.65516e+06	0
1.65526e+06	0
1.65536e+06	0
1.65546e+06	0
1.65556e+06	0
1.65566e+06	0
1.65576e+06	0
1.65586e+06	0
1.65596e+06	0
1.65606e+06	0
1.65616e+06	0
1.65626e+06	0
1.65636e+06	0
1.65646e+06	0
1.65656e+06	0
1.65666e+06	0
1.65676e+06	0
1.65686e+06	0
1.65696e+06	0
1.65706e+06	0
1.65716e+06	0
1.65726e+06	0
1.65736e+06	0
1.65746e+06	0
1.65756e+06	0
1.65766e+06	0
1.65776e+06	0
1.65786e+06	0
1.65796e+06	0
1.65806e+06	0
1.65816e+06	0
1.65826e+06	0
1.65836e+06	0
1.65846e+06	0
1.65856e+06	0
1.65866e+06	0
1.65876e+06	0
1.65886e+06	0
1.65896e+06	0
1.65906e+06	0
1.65916e+06	0
1.65926e+06	0
1.65936e+06	0
1.65946e+06	0
1.65956e+06	0
1.65966e+06	0
1.65976e+06	0
1.65986e+06	0
1.65996e+06	0
1.66006e+06	0
1.66016e+06	0
1.66026e+06	0
1.66036e+06	0
1.66046e+06	0
1.66056e+06	0
1.66066e+06	0
1.66076e+06	0
1.66086e+06	0
1.66096e+06	0
1.66106e+06	0
1.66116e+06	0
1.66126e+06	0
1.66136e+06	0
1.66146e+06	0
1.66156e+06	0
1.66166e+06	0
1.66176e+06	0
1.66186e+06	0
1.66196e+06	0
1.66206e+06	0
1.66216e+06	0
1.66226e+06	0
1.66236e+06	0
1.66246e+06	0
1.66256e+06	0
1.66266e+06	0
1.66276e+06	0
1.66286e+06	0
1.66296e+06	0
1.66306e+06	0
1.66316e+06	0
1.66326e+06	0
1.66336e+06	0
1.66346e+06	0
1.66356e+06	0
1.66366e+06	0
1.66376e+06	0
1.66386e+06	0
1.66396e+06	0
1.66406e+06	0
1.66416e+06	0
1.66426e+06	0
1.66436e+06	0
1.66446e+06	0
1.66456e+06	0
1.66466e+06	0
1.66476e+06	0
1.66486e+06	0
1.66496e+06	0
1.66506e+06	0
1.66516e+06	0
1.66526e+06	0
1.66536e+06	0
1.66546e+06	0
1.66556e+06	0
1.66566e+06	0
1.66576e+06	0
1.66586e+06	0
1.66596e+06	0
1.66606e+06	0
1.66616e+06	0
1.66626e+06	0
1.66636e+06	0
1.66646e+06	0
1.66656e+06	0
1.66666e+06	0
1.66676e+06	0
1.66686e+06	0
1.66696e+06	0
1.66706e+06	0
1.66716e+06	0
1.66726e+06	0
1.66736e+06	0
1.66746e+06	0
1.66756e+06	0
1.66766e+06	0
1.66776e+06	0
1.66786e+06	0
1.66796e+06	0
1.66806e+06	0
1.66816e+06	0
1.66826e+06	0
1.66836e+06	0
1.66846e+06	0
1.66856e+06	0
1.66866e+06	0
1.66876e+06	0
1.66886e+06	0
1.66896e+06	0
1.66906e+06	0
1.66916e+06	0
1.66926e+06	0
1.66936e+06	0
1.66946e+06	0
1.66956e+06	0
1.66966e+06	0
1.66976e+06	0
1.66986e+06	0
1.66996e+06	0
1.67006e+06	0
1.67016e+06	0
1.67026e+06	0
1.67036e+06	0
1.67046e+06	0
1.67056e+06	0
1.67066e+06	0
1.67076e+06	0
1.67086e+06	0
1.67096e+06	0
1.67106e+06	0
1.67116e+06	0
1.67126e+06	0
1.67136e+06	0
1.67146e+06	0
1.67156e+06	0
1.67166e+06	0
1.67176e+06	0
1.67186e+06	0
1.67196e+06	0
1.67206e+06	0
1.67216e+06	0
1.67226e+06	0
1.67236e+06	0
1.67246e+06	0
1.67256e+06	0
1.67266e+06	0
1.67276e+06	0
1.67286e+06	0
1.67296e+06	0
1.67306e+06	0
1.67316e+06	0
1.67326e+06	0
1.67336e+06	0
1.67346e+06	0
1.67356e+06	0
1.67366e+06	0
1.67376e+06	0
1.67386e+06	0
1.67396e+06	0
1.67406e+06	0
1.67416e+06	0
1.67426e+06	0
1.67436e+06	0
1.67446e+06	0
1.67456e+06	0
1.67466e+06	0
1.67476e+06	0
1.67486e+06	0
1.67496e+06	0
1.67506e+06	0
1.67516e+06	0
1.67526e+06	0
1.67536e+06	0
1.67546e+06	0
1.67556e+06	0
1.67566e+06	0
1.67576e+06	0
1.67586e+06	0
1.67596e+06	0
1.67606e+06	0
1.67616e+06	0
1.67626e+06	0
1.67636e+06	0
1.67646e+06	0
1.67656e+06	0
1.67666e+06	0
1.67676e+06	0
1.67686e+06	0
1.67696e+06	0
1.67706e+06	0
1.67716e+06	0
1.67726e+06	0
1.67736e+06	0
1.67746e+06	0
1.67756e+06	0
1.67766e+06	0
1.67776e+06	0
1.67786e+06	0
1.67796e+06	0
1.67806e+06	0
1.67816e+06	0
1.67826e+06	0
1.67836e+06	0
1.67846e+06	0
1.67856e+06	0
1.67866e+06	0
1.67876e+06	0
1.67886e+06	0
1.67896e+06	0
1.67906e+06	0
1.67916e+06	0
1.67926e+06	0
1.67936e+06	0
1.67946e+06	0
1.67956e+06	0
1.67966e+06	0
1.67976e+06	0
1.67986e+06	0
1.67996e+06	0
1.68006e+06	0
1.68016e+06	0
1.68026e+06	0
1.68036e+06	0
1.68046e+06	0
1.68056e+06	0
1.68066e+06	0
1.68076e+06	0
1.68086e+06	0
1.68096e+06	0
1.68106e+06	0
1.68116e+06	0
1.68126e+06	0
1.68136e+06	0
1.68146e+06	0
1.68156e+06	0
1.68166e+06	0
1.68176e+06	0
1.68186e+06	0
1.68196e+06	0
1.68206e+06	0
1.68216e+06	0
1.68226e+06	0
1.68236e+06	0
1.68246e+06	0
1.68256e+06	0
1.68266e+06	0
1.68276e+06	0
1.68286e+06	0
1.68296e+06	0
1.68306e+06	0
1.68316e+06	0
1.68326e+06	0
1.68336e+06	0
1.68346e+06	0
1.68356e+06	0
1.68366e+06	0
1.68376e+06	0
1.68386e+06	0
1.68396e+06	0
1.68406e+06	0
1.68416e+06	0
1.68426e+06	0
1.68436e+06	0
1.68446e+06	0
1.68456e+06	0
1.68466e+06	0
1.68476e+06	0
1.68486e+06	0
1.68496e+06	0
1.68506e+06	0
1.68516e+06	0
1.68526e+06	0
1.68536e+06	0
1.68546e+06	0
1.68556e+06	0
1.68566e+06	0
1.68576e+06	0
1.68586e+06	0
1.68596e+06	0
1.68606e+06	0
1.68616e+06	0
1.68626e+06	0
1.68636e+06	0
1.68646e+06	0
1.68656e+06	0
1.68666e+06	0
1.68676e+06	0
1.68686e+06	0
1.68696e+06	0
1.68706e+06	0
1.68716e+06	0
1.68726e+06	0
1.68736e+06	0
1.68746e+06	0
1.68756e+06	0
1.68766e+06	0
1.68776e+06	0
1.68786e+06	0
1.68796e+06	0
1.68806e+06	0
1.68816e+06	0
1.68826e+06	0
1.68836e+06	0
1.68846e+06	0
1.68856e+06	0
1.68866e+06	0
1.68876e+06	0
1.68886e+06	0
1.68896e+06	0
1.68906e+06	0
1.68916e+06	0
1.68926e+06	0
1.68936e+06	0
1.68946e+06	0
1.68956e+06	0
1.68966e+06	0
1.68976e+06	0
1.68986e+06	0
1.68996e+06	0
1.69006e+06	0
1.69016e+06	0
1.69026e+06	0
1.69036e+06	0
1.69046e+06	0
1.69056e+06	0
1.69066e+06	0
1.69076e+06	0
1.69086e+06	0
1.69096e+06	0
1.69106e+06	0
1.69116e+06	0
1.69126e+06	0
1.69136e+06	0
1.69146e+06	0
1.69156e+06	0
1.69166e+06	0
1.69176e+06	0
1.69186e+06	0
1.69196e+06	0
1.69206e+06	0
1.69216e+06	0
1.69226e+06	0
1.69236e+06	0
1.69246e+06	0
1.69256e+06	0
1.69266e+06	0
1.69276e+06	0
1.69286e+06	0
1.69296e+06	0
1.69306e+06	0
1.69316e+06	0
1.69326e+06	0
1.69336e+06	0
1.69346e+06	0
1.69356e+06	0
1.69366e+06	0
1.69376e+06	0
1.69386e+06	0
1.69396e+06	0
1.69406e+06	0
1.69416e+06	0
1.69426e+06	0
1.69436e+06	0
1.69446e+06	0
1.69456e+06	0
1.69466e+06	0
1.69476e+06	0
1.69486e+06	0
1.69496e+06	0
1.69506e+06	0
1.69516e+06	0
1.69526e+06	0
1.69536e+06	0
1.69546e+06	0
1.69556e+06	0
1.69566e+06	0
1.69576e+06	0
1.69586e+06	0
1.69596e+06	0
1.69606e+06	0
1.69616e+06	0
1.69626e+06	0
1.69636e+06	0
1.69646e+06	0
1.69656e+06	0
1.69666e+06	0
1.69676e+06	0
1.69686e+06	0
1.69696e+06	0
1.69706e+06	0
1.69716e+06	0
1.69726e+06	0
1.69736e+06	0
1.69746e+06	0
1.69756e+06	0
1.69766e+06	0
1.69776e+06	0
1.69786e+06	0
1.69796e+06	0
1.69806e+06	0
1.69816e+06	0
1.69826e+06	0
1.69836e+06	0
1.69846e+06	0
1.69856e+06	0
1.69866e+06	0
1.69876e+06	0
1.69886e+06	0
1.69896e+06	0
1.69906e+06	0
1.69916e+06	0
1.69926e+06	0
1.69936e+06	0
1.69946e+06	0
1.69956e+06	0
1.69966e+06	0
1.69976e+06	0
1.69986e+06	0
1.69996e+06	0
1.70006e+06	0
1.70016e+06	0
1.70026e+06	0
1.70036e+06	0
1.70046e+06	0
1.70056e+06	0
1.70066e+06	0
1.70076e+06	0
1.70086e+06	0
1.70096e+06	0
1.70106e+06	0
1.70116e+06	0
1.70126e+06	0
1.70136e+06	0
1.70146e+06	0
1.70156e+06	0
1.70166e+06	0
1.70176e+06	0
1.70186e+06	0
1.70196e+06	0
1.70206e+06	0
1.70216e+06	0
1.70226e+06	0
1.70236e+06	0
1.70246e+06	0
1.70256e+06	0
1.70266e+06	0
1.70276e+06	0
1.70286e+06	0
1.70296e+06	0
1.70306e+06	0
1.70316e+06	0
1.70326e+06	0
1.70336e+06	0
1.70346e+06	0
1.70356e+06	0
1.70366e+06	0
1.70376e+06	0
1.70386e+06	0
1.70396e+06	0
1.70406e+06	0
1.70416e+06	0
1.70426e+06	0
1.70436e+06	0
1.70446e+06	0
1.70456e+06	0
1.70466e+06	0
1.70476e+06	0
1.70486e+06	0
1.70496e+06	0
1.70506e+06	0
1.70516e+06	0
1.70526e+06	0
1.70536e+06	0
1.70546e+06	0
1.70556e+06	0
1.70566e+06	0
1.70576e+06	0
1.70586e+06	0
1.70596e+06	0
1.70606e+06	0
1.70616e+06	0
1.70626e+06	0
1.70636e+06	0
1.70646e+06	0
1.70656e+06	0
1.70666e+06	0
1.70676e+06	0
1.70686e+06	0
1.70696e+06	0
1.70706e+06	0
1.70716e+06	0
1.70726e+06	0
1.70736e+06	0
1.70746e+06	0
1.70756e+06	0
1.70766e+06	0
1.70776e+06	0
1.70786e+06	0
1.70796e+06	0
1.70806e+06	0
1.70816e+06	0
1.70826e+06	0
1.70836e+06	0
1.70846e+06	0
1.70856e+06	0
1.70866e+06	0
1.70876e+06	0
1.70886e+06	0
1.70896e+06	0
1.70906e+06	0
1.70916e+06	0
1.70926e+06	0
1.70936e+06	0
1.70946e+06	0
1.70956e+06	0
1.70966e+06	0
1.70976e+06	0
1.70986e+06	0
1.70996e+06	0
1.71006e+06	0
1.71016e+06	0
1.71026e+06	0
1.71036e+06	0
1.71046e+06	0
1.71056e+06	0
1.71066e+06	0
1.71076e+06	0
1.71086e+06	0
1.71096e+06	0
1.71106e+06	0
1.71116e+06	0
1.71126e+06	0
1.71136e+06	0
1.71146e+06	0
1.71156e+06	0
1.71166e+06	0
1.71176e+06	0
1.71186e+06	0
1.71196e+06	0
1.71206e+06	0
1.71216e+06	0
1.71226e+06	0
1.71236e+06	0
1.71246e+06	0
1.71256e+06	0
1.71266e+06	0
1.71276e+06	0
1.71286e+06	0
1.71296e+06	0
1.71306e+06	0
1.71316e+06	0
1.71326e+06	0
1.71336e+06	0
1.71346e+06	0
1.71356e+06	0
1.71366e+06	0
1.71376e+06	0
1.71386e+06	0
1.71396e+06	0
1.71406e+06	0
1.71416e+06	0
1.71426e+06	0
1.71436e+06	0
1.71446e+06	0
1.71456e+06	0
1.71466e+06	0
1.71476e+06	0
1.71486e+06	0
1.71496e+06	0
1.71506e+06	0
1.71516e+06	0
1.71526e+06	0
1.71536e+06	0
1.71546e+06	0
1.71556e+06	0
1.71566e+06	0
1.71576e+06	0
1.71586e+06	0
1.71596e+06	0
1.71606e+06	0
1.71616e+06	0
1.71626e+06	0
1.71636e+06	0
1.71646e+06	0
1.71656e+06	0
1.71666e+06	0
1.71676e+06	0
1.71686e+06	0
1.71696e+06	0
1.71706e+06	0
1.71716e+06	0
1.71726e+06	0
1.71736e+06	0
1.71746e+06	0
1.71756e+06	0
1.71766e+06	0
1.71776e+06	0
1.71786e+06	0
1.71796e+06	0
1.71806e+06	0
1.71816e+06	0
1.71826e+06	0
1.71836e+06	0
1.71846e+06	0
1.71856e+06	0
1.71866e+06	0
1.71876e+06	0
1.71886e+06	0
1.71896e+06	0
1.71906e+06	0
1.71916e+06	0
1.71926e+06	0
1.71936e+06	0
1.71946e+06	0
1.71956e+06	0
1.71966e+06	0
1.71976e+06	0
1.71986e+06	0
1.71996e+06	0
1.72006e+06	0
1.72016e+06	0
1.72026e+06	0
1.72036e+06	0
1.72046e+06	0
1.72056e+06	0
1.72066e+06	0
1.72076e+06	0
1.72086e+06	0
1.72096e+06	0
1.72106e+06	0
1.72116e+06	0
1.72126e+06	0
1.72136e+06	0
1.72146e+06	0
1.72156e+06	0
1.72166e+06	0
1.72176e+06	0
1.72186e+06	0
1.72196e+06	0
1.72206e+06	0
1.72216e+06	0
1.72226e+06	0
1.72236e+06	0
1.72246e+06	0
1.72256e+06	0
1.72266e+06	0
1.72276e+06	0
1.72286e+06	0
1.72296e+06	0
1.72306e+06	0
1.72316e+06	0
1.72326e+06	0
1.72336e+06	0
1.72346e+06	0
1.72356e+06	0
1.72366e+06	0
1.72376e+06	0
1.72386e+06	0
1.72396e+06	0
1.72406e+06	0
1.72416e+06	0
1.72426e+06	0
1.72436e+06	0
1.72446e+06	0
1.72456e+06	0
1.72466e+06	0
1.72476e+06	0
1.72486e+06	0
1.72496e+06	0
1.72506e+06	0
1.72516e+06	0
1.72526e+06	0
1.72536e+06	0
1.72546e+06	0
1.72556e+06	0
1.72566e+06	0
1.72576e+06	0
1.72586e+06	0
1.72596e+06	0
1.72606e+06	0
1.72616e+06	0
1.72626e+06	0
1.72636e+06	0
1.72646e+06	0
1.72656e+06	0
1.72666e+06	0
1.72676e+06	0
1.72686e+06	0
1.72696e+06	0
1.72706e+06	0
1.72716e+06	0
1.72726e+06	0
1.72736e+06	0
1.72746e+06	0
1.72756e+06	0
1.72766e+06	0
1.72776e+06	0
1.72786e+06	0
1.72796e+06	0
1.72806e+06	0
1.72816e+06	0
1.72826e+06	0
1.72836e+06	0
1.72846e+06	0
1.72856e+06	0
1.72866e+06	0
1.72876e+06	0
1.72886e+06	0
1.72896e+06	0
1.72906e+06	0
1.72916e+06	0
1.72926e+06	0
1.72936e+06	0
1.72946e+06	0
1.72956e+06	0
1.72966e+06	0
1.72976e+06	0
1.72986e+06	0
1.72996e+06	0
1.73006e+06	0
1.73016e+06	0
1.73026e+06	0
1.73036e+06	0
1.73046e+06	0
1.73056e+06	0
1.73066e+06	0
1.73076e+06	0
1.73086e+06	0
1.73096e+06	0
1.73106e+06	0
1.73116e+06	0
1.73126e+06	0
1.73136e+06	0
1.73146e+06	0
1.73156e+06	0
1.73166e+06	0
1.73176e+06	0
1.73186e+06	0
1.73196e+06	0
1.73206e+06	0
1.73216e+06	0
1.73226e+06	0
1.73236e+06	0
1.73246e+06	0
1.73256e+06	0
1.73266e+06	0
1.73276e+06	0
1.73286e+06	0
1.73296e+06	0
1.73306e+06	0
1.73316e+06	0
1.73326e+06	0
1.73336e+06	0
1.73346e+06	0
1.73356e+06	0
1.73366e+06	0
1.73376e+06	0
1.73386e+06	0
1.73396e+06	0
1.73406e+06	0
1.73416e+06	0
1.73426e+06	0
1.73436e+06	0
1.73446e+06	0
1.73456e+06	0
1.73466e+06	0
1.73476e+06	0
1.73486e+06	0
1.73496e+06	0
1.73506e+06	0
1.73516e+06	0
1.73526e+06	0
1.73536e+06	0
1.73546e+06	0
1.73556e+06	0
1.73566e+06	0
1.73576e+06	0
1.73586e+06	0
1.73596e+06	0
1.73606e+06	0
1.73616e+06	0
1.73626e+06	0
1.73636e+06	0
1.73646e+06	0
1.73656e+06	0
1.73666e+06	0
1.73676e+06	0
1.73686e+06	0
1.73696e+06	0
1.73706e+06	0
1.73716e+06	0
1.73726e+06	0
1.73736e+06	0
1.73746e+06	0
1.73756e+06	0
1.73766e+06	0
1.73776e+06	0
1.73786e+06	0
1.73796e+06	0
1.73806e+06	0
1.73816e+06	0
1.73826e+06	0
1.73836e+06	0
1.73846e+06	0
1.73856e+06	0
1.73866e+06	0
1.73876e+06	0
1.73886e+06	0
1.73896e+06	0
1.73906e+06	0
1.73916e+06	0
1.73926e+06	0
1.73936e+06	0
1.73946e+06	0
1.73956e+06	0
1.73966e+06	0
1.73976e+06	0
1.73986e+06	0
1.73996e+06	0
1.74006e+06	0
1.74016e+06	0
1.74026e+06	0
1.74036e+06	0
1.74046e+06	0
1.74056e+06	0
1.74066e+06	0
1.74076e+06	0
1.74086e+06	0
1.74096e+06	0
1.74106e+06	0
1.74116e+06	0
1.74126e+06	0
1.74136e+06	0
1.74146e+06	0
1.74156e+06	0
1.74166e+06	0
1.74176e+06	0
1.74186e+06	0
1.74196e+06	0
1.74206e+06	0
1.74216e+06	0
1.74226e+06	0
1.74236e+06	0
1.74246e+06	0
1.74256e+06	0
1.74266e+06	0
1.74276e+06	0
1.74286e+06	0
1.74296e+06	0
1.74306e+06	0
1.74316e+06	0
1.74326e+06	0
1.74336e+06	0
1.74346e+06	0
1.74356e+06	0
1.74366e+06	0
1.74376e+06	0
1.74386e+06	0
1.74396e+06	0
1.74406e+06	0
1.74416e+06	0
1.74426e+06	0
1.74436e+06	0
1.74446e+06	0
1.74456e+06	0
1.74466e+06	0
1.74476e+06	0
1.74486e+06	0
1.74496e+06	0
1.74506e+06	0
1.74516e+06	0
1.74526e+06	0
1.74536e+06	0
1.74546e+06	0
1.74556e+06	0
1.74566e+06	0
1.74576e+06	0
1.74586e+06	0
1.74596e+06	0
1.74606e+06	0
1.74616e+06	0
1.74626e+06	0
1.74636e+06	0
1.74646e+06	0
1.74656e+06	0
1.74666e+06	0
1.74676e+06	0
1.74686e+06	0
1.74696e+06	0
1.74706e+06	0
1.74716e+06	0
1.74726e+06	0
1.74736e+06	0
1.74746e+06	0
1.74756e+06	0
1.74766e+06	0
1.74776e+06	0
1.74786e+06	0
1.74796e+06	0
1.74806e+06	0
1.74816e+06	0
1.74826e+06	0
1.74836e+06	0
1.74846e+06	0
1.74856e+06	0
1.74866e+06	0
1.74876e+06	0
1.74886e+06	0
1.74896e+06	0
1.74906e+06	0
1.74916e+06	0
1.74926e+06	0
1.74936e+06	0
1.74946e+06	0
1.74956e+06	0
1.74966e+06	0
1.74976e+06	0
1.74986e+06	0
1.74996e+06	0
1.75006e+06	0
1.75016e+06	0
1.75026e+06	0
1.75036e+06	0
1.75046e+06	0
1.75056e+06	0
1.75066e+06	0
1.75076e+06	0
1.75086e+06	0
1.75096e+06	0
1.75106e+06	0
1.75116e+06	0
1.75126e+06	0
1.75136e+06	0
1.75146e+06	0
1.75156e+06	0
1.75166e+06	0
1.75176e+06	0
1.75186e+06	0
1.75196e+06	0
1.75206e+06	0
1.75216e+06	0
1.75226e+06	0
1.75236e+06	0
1.75246e+06	0
1.75256e+06	0
1.75266e+06	0
1.75276e+06	0
1.75286e+06	0
1.75296e+06	0
1.75306e+06	0
1.75316e+06	0
1.75326e+06	0
1.75336e+06	0
1.75346e+06	0
1.75356e+06	0
1.75366e+06	0
1.75376e+06	0
1.75386e+06	0
1.75396e+06	0
1.75406e+06	0
1.75416e+06	0
1.75426e+06	0
1.75436e+06	0
1.75446e+06	0
1.75456e+06	0
1.75466e+06	0
1.75476e+06	0
1.75486e+06	0
1.75496e+06	0
1.75506e+06	0
1.75516e+06	0
1.75526e+06	0
1.75536e+06	0
1.75546e+06	0
1.75556e+06	0
1.75566e+06	0
1.75576e+06	0
1.75586e+06	0
1.75596e+06	0
1.75606e+06	0
1.75616e+06	0
1.75626e+06	0
1.75636e+06	0
1.75646e+06	0
1.75656e+06	0
1.75666e+06	0
1.75676e+06	0
1.75686e+06	0
1.75696e+06	0
1.75706e+06	0
1.75716e+06	0
1.75726e+06	0
1.75736e+06	0
1.75746e+06	0
1.75756e+06	0
1.75766e+06	0
1.75776e+06	0
1.75786e+06	0
1.75796e+06	0
1.75806e+06	0
1.75816e+06	0
1.75826e+06	0
1.75836e+06	0
1.75846e+06	0
1.75856e+06	0
1.75866e+06	0
1.75876e+06	0
1.75886e+06	0
1.75896e+06	0
1.75906e+06	0
1.75916e+06	0
1.75926e+06	0
1.75936e+06	0
1.75946e+06	0
1.75956e+06	0
1.75966e+06	0
1.75976e+06	0
1.75986e+06	0
1.75996e+06	0
1.76006e+06	0
1.76016e+06	0
1.76026e+06	0
1.76036e+06	0
1.76046e+06	0
1.76056e+06	0
1.76066e+06	0
1.76076e+06	0
1.76086e+06	0
1.76096e+06	0
1.76106e+06	0
1.76116e+06	0
1.76126e+06	0
1.76136e+06	0
1.76146e+06	0
1.76156e+06	0
1.76166e+06	0
1.76176e+06	0
1.76186e+06	0
1.76196e+06	0
1.76206e+06	0
1.76216e+06	0
1.76226e+06	0
1.76236e+06	0
1.76246e+06	0
1.76256e+06	0
1.76266e+06	0
1.76276e+06	0
1.76286e+06	0
1.76296e+06	0
1.76306e+06	0
1.76316e+06	0
1.76326e+06	0
1.76336e+06	0
1.76346e+06	0
1.76356e+06	0
1.76366e+06	0
1.76376e+06	0
1.76386e+06	0
1.76396e+06	0
1.76406e+06	0
1.76416e+06	0
1.76426e+06	0
1.76436e+06	0
1.76446e+06	0
1.76456e+06	0
1.76466e+06	0
1.76476e+06	0
1.76486e+06	0
1.76496e+06	0
1.76506e+06	0
1.76516e+06	0
1.76526e+06	0
1.76536e+06	0
1.76546e+06	0
1.76556e+06	0
1.76566e+06	0
1.76576e+06	0
1.76586e+06	0
1.76596e+06	0
1.76606e+06	0
1.76616e+06	0
1.76626e+06	0
1.76636e+06	0
1.76646e+06	0
1.76656e+06	0
1.76666e+06	0
1.76676e+06	0
1.76686e+06	0
1.76696e+06	0
1.76706e+06	0
1.76716e+06	0
1.76726e+06	0
1.76736e+06	0
1.76746e+06	0
1.76756e+06	0
1.76766e+06	0
1.76776e+06	0
1.76786e+06	0
1.76796e+06	0
1.76806e+06	0
1.76816e+06	0
1.76826e+06	0
1.76836e+06	0
1.76846e+06	0
1.76856e+06	0
1.76866e+06	0
1.76876e+06	0
1.76886e+06	0
1.76896e+06	0
1.76906e+06	0
1.76916e+06	0
1.76926e+06	0
1.76936e+06	0
1.76946e+06	0
1.76956e+06	0
1.76966e+06	0
1.76976e+06	0
1.76986e+06	0
1.76996e+06	0
1.77006e+06	0
1.77016e+06	0
1.77026e+06	0
1.77036e+06	0
1.77046e+06	0
1.77056e+06	0
1.77066e+06	0
1.77076e+06	0
1.77086e+06	0
1.77096e+06	0
1.77106e+06	0
1.77116e+06	0
1.77126e+06	0
1.77136e+06	0
1.77146e+06	0
1.77156e+06	0
1.77166e+06	0
1.77176e+06	0
1.77186e+06	0
1.77196e+06	0
1.77206e+06	0
1.77216e+06	0
1.77226e+06	0
1.77236e+06	0
1.77246e+06	0
1.77256e+06	0
1.77266e+06	0
1.77276e+06	0
1.77286e+06	0
1.77296e+06	0
1.77306e+06	0
1.77316e+06	0
1.77326e+06	0
1.77336e+06	0
1.77346e+06	0
1.77356e+06	0
1.77366e+06	0
1.77376e+06	0
1.77386e+06	0
1.77396e+06	0
1.77406e+06	0
1.77416e+06	0
1.77426e+06	0
1.77436e+06	0
1.77446e+06	0
1.77456e+06	0
1.77466e+06	0
1.77476e+06	0
1.77486e+06	0
1.77496e+06	0
1.77506e+06	0
1.77516e+06	0
1.77526e+06	0
1.77536e+06	0
1.77546e+06	0
1.77556e+06	0
1.77566e+06	0
1.77576e+06	0
1.77586e+06	0
1.77596e+06	0
1.77606e+06	0
1.77616e+06	0
1.77626e+06	0
1.77636e+06	0
1.77646e+06	0
1.77656e+06	0
1.77666e+06	0
1.77676e+06	0
1.77686e+06	0
1.77696e+06	0
1.77706e+06	0
1.77716e+06	0
1.77726e+06	0
1.77736e+06	0
1.77746e+06	0
1.77756e+06	0
1.77766e+06	0
1.77776e+06	0
1.77786e+06	0
1.77796e+06	0
1.77806e+06	0
1.77816e+06	0
1.77826e+06	0
1.77836e+06	0
1.77846e+06	0
1.77856e+06	0
1.77866e+06	0
1.77876e+06	0
1.77886e+06	0
1.77896e+06	0
1.77906e+06	0
1.77916e+06	0
1.77926e+06	0
1.77936e+06	0
1.77946e+06	0
1.77956e+06	0
1.77966e+06	0
1.77976e+06	0
1.77986e+06	0
1.77996e+06	0
1.78006e+06	0
1.78016e+06	0
1.78026e+06	0
1.78036e+06	0
1.78046e+06	0
1.78056e+06	0
1.78066e+06	0
1.78076e+06	0
1.78086e+06	0
1.78096e+06	0
1.78106e+06	0
1.78116e+06	0
1.78126e+06	0
1.78136e+06	0
1.78146e+06	0
1.78156e+06	0
1.78166e+06	0
1.78176e+06	0
1.78186e+06	0
1.78196e+06	0
1.78206e+06	0
1.78216e+06	0
1.78226e+06	0
1.78236e+06	0
1.78246e+06	0
1.78256e+06	0
1.78266e+06	0
1.78276e+06	0
1.78286e+06	0
1.78296e+06	0
1.78306e+06	0
1.78316e+06	0
1.78326e+06	0
1.78336e+06	0
1.78346e+06	0
1.78356e+06	0
1.78366e+06	0
1.78376e+06	0
1.78386e+06	0
1.78396e+06	0
1.78406e+06	0
1.78416e+06	0
1.78426e+06	0
1.78436e+06	0
1.78446e+06	0
1.78456e+06	0
1.78466e+06	0
1.78476e+06	0
1.78486e+06	0
1.78496e+06	0
1.78506e+06	0
1.78516e+06	0
1.78526e+06	0
1.78536e+06	0
1.78546e+06	0
1.78556e+06	0
1.78566e+06	0
1.78576e+06	0
1.78586e+06	0
1.78596e+06	0
1.78606e+06	0
1.78616e+06	0
1.78626e+06	0
1.78636e+06	0
1.78646e+06	0
1.78656e+06	0
1.78666e+06	0
1.78676e+06	0
1.78686e+06	0
1.78696e+06	0
1.78706e+06	0
1.78716e+06	0
1.78726e+06	0
1.78736e+06	0
1.78746e+06	0
1.78756e+06	0
1.78766e+06	0
1.78776e+06	0
1.78786e+06	0
1.78796e+06	0
1.78806e+06	0
1.78816e+06	0
1.78826e+06	0
1.78836e+06	0
1.78846e+06	0
1.78856e+06	0
1.78866e+06	0
1.78876e+06	0
1.78886e+06	0
1.78896e+06	0
1.78906e+06	0
1.78916e+06	0
1.78926e+06	0
1.78936e+06	0
1.78946e+06	0
1.78956e+06	0
1.78966e+06	0
1.78976e+06	0
1.78986e+06	0
1.78996e+06	0
1.79006e+06	0
1.79016e+06	0
1.79026e+06	0
1.79036e+06	0
1.79046e+06	0
1.79056e+06	0
1.79066e+06	0
1.79076e+06	0
1.79086e+06	0
1.79096e+06	0
1.79106e+06	0
1.79116e+06	0
1.79126e+06	0
1.79136e+06	0
1.79146e+06	0
1.79156e+06	0
1.79166e+06	0
1.79176e+06	0
1.79186e+06	0
1.79196e+06	0
1.79206e+06	0
1.79216e+06	0
1.79226e+06	0
1.79236e+06	0
1.79246e+06	0
1.79256e+06	0
1.79266e+06	0
1.79276e+06	0
1.79286e+06	0
1.79296e+06	0
1.79306e+06	0
1.79316e+06	0
1.79326e+06	0
1.79336e+06	0
1.79346e+06	0
1.79356e+06	0
1.79366e+06	0
1.79376e+06	0
1.79386e+06	0
1.79396e+06	0
1.79406e+06	0
1.79416e+06	0
1.79426e+06	0
1.79436e+06	0
1.79446e+06	0
1.79456e+06	0
1.79466e+06	0
1.79476e+06	0
1.79486e+06	0
1.79496e+06	0
1.79506e+06	0
1.79516e+06	0
1.79526e+06	0
1.79536e+06	0
1.79546e+06	0
1.79556e+06	0
1.79566e+06	0
1.79576e+06	0
1.79586e+06	0
1.79596e+06	0
1.79606e+06	0
1.79616e+06	0
1.79626e+06	0
1.79636e+06	0
1.79646e+06	0
1.79656e+06	0
1.79666e+06	0
1.79676e+06	0
1.79686e+06	0
1.79696e+06	0
1.79706e+06	0
1.79716e+06	0
1.79726e+06	0
1.79736e+06	0
1.79746e+06	0
1.79756e+06	0
1.79766e+06	0
1.79776e+06	0
1.79786e+06	0
1.79796e+06	0
1.79806e+06	0
1.79816e+06	0
1.79826e+06	0
1.79836e+06	0
1.79846e+06	0
1.79856e+06	0
1.79866e+06	0
1.79876e+06	0
1.79886e+06	0
1.79896e+06	0
1.79906e+06	0
1.79916e+06	0
1.79926e+06	0
1.79936e+06	0
1.79946e+06	0
1.79956e+06	0
1.79966e+06	0
1.79976e+06	0
1.79986e+06	0
1.79996e+06	0
1.80006e+06	0
1.80016e+06	0
1.80026e+06	0
1.80036e+06	0
1.80046e+06	0
1.80056e+06	0
1.80066e+06	0
1.80076e+06	0
1.80086e+06	0
1.80096e+06	0
1.80106e+06	0
1.80116e+06	0
1.80126e+06	0
1.80136e+06	0
1.80146e+06	0
1.80156e+06	0
1.80166e+06	0
1.80176e+06	0
1.80186e+06	0
1.80196e+06	0
1.80206e+06	0
1.80216e+06	0
1.80226e+06	0
1.80236e+06	0
1.80246e+06	0
1.80256e+06	0
1.80266e+06	0
1.80276e+06	0
1.80286e+06	0
1.80296e+06	0
1.80306e+06	0
1.80316e+06	0
1.80326e+06	0
1.80336e+06	0
1.80346e+06	0
1.80356e+06	0
1.80366e+06	0
1.80376e+06	0
1.80386e+06	0
1.80396e+06	0
1.80406e+06	0
1.80416e+06	0
1.80426e+06	0
1.80436e+06	0
1.80446e+06	0
1.80456e+06	0
1.80466e+06	0
1.80476e+06	0
1.80486e+06	0
1.80496e+06	0
1.80506e+06	0
1.80516e+06	0
1.80526e+06	0
1.80536e+06	0
1.80546e+06	0
1.80556e+06	0
1.80566e+06	0
1.80576e+06	0
1.80586e+06	0
1.80596e+06	0
1.80606e+06	0
1.80616e+06	0
1.80626e+06	0
1.80636e+06	0
1.80646e+06	0
1.80656e+06	0
1.80666e+06	0
1.80676e+06	0
1.80686e+06	0
1.80696e+06	0
1.80706e+06	0
1.80716e+06	0
1.80726e+06	0
1.80736e+06	0
1.80746e+06	0
1.80756e+06	0
1.80766e+06	0
1.80776e+06	0
1.80786e+06	0
1.80796e+06	0
1.80806e+06	0
1.80816e+06	0
1.80826e+06	0
1.80836e+06	0
1.80846e+06	0
1.80856e+06	0
1.80866e+06	0
1.80876e+06	0
1.80886e+06	0
1.80896e+06	0
1.80906e+06	0
1.80916e+06	0
1.80926e+06	0
1.80936e+06	0
1.80946e+06	0
1.80956e+06	0
1.80966e+06	0
1.80976e+06	0
1.80986e+06	0
1.80996e+06	0
1.81006e+06	0
1.81016e+06	0
1.81026e+06	0
1.81036e+06	0
1.81046e+06	0
1.81056e+06	0
1.81066e+06	0
1.81076e+06	0
1.81086e+06	0
1.81096e+06	0
1.81106e+06	0
1.81116e+06	0
1.81126e+06	0
1.81136e+06	0
1.81146e+06	0
1.81156e+06	0
1.81166e+06	0
1.81176e+06	0
1.81186e+06	0
1.81196e+06	0
1.81206e+06	0
1.81216e+06	0
1.81226e+06	0
1.81236e+06	0
1.81246e+06	0
1.81256e+06	0
1.81266e+06	0
1.81276e+06	0
1.81286e+06	0
1.81296e+06	0
1.81306e+06	0
1.81316e+06	0
1.81326e+06	0
1.81336e+06	0
1.81346e+06	0
1.81356e+06	0
1.81366e+06	0
1.81376e+06	0
1.81386e+06	0
1.81396e+06	0
1.81406e+06	0
1.81416e+06	0
1.81426e+06	0
1.81436e+06	0
1.81446e+06	0
1.81456e+06	0
1.81466e+06	0
1.81476e+06	0
1.81486e+06	0
1.81496e+06	0
1.81506e+06	0
1.81516e+06	0
1.81526e+06	0
1.81536e+06	0
1.81546e+06	0
1.81556e+06	0
1.81566e+06	0
1.81576e+06	0
1.81586e+06	0
1.81596e+06	0
1.81606e+06	0
1.81616e+06	0
1.81626e+06	0
1.81636e+06	0
1.81646e+06	0
1.81656e+06	0
1.81666e+06	0
1.81676e+06	0
1.81686e+06	0
1.81696e+06	0
1.81706e+06	0
1.81716e+06	0
1.81726e+06	0
1.81736e+06	0
1.81746e+06	0
1.81756e+06	0
1.81766e+06	0
1.81776e+06	0
1.81786e+06	0
1.81796e+06	0
1.81806e+06	0
1.81816e+06	0
1.81826e+06	0
1.81836e+06	0
1.81846e+06	0
1.81856e+06	0
1.81866e+06	0
1.81876e+06	0
1.81886e+06	0
1.81896e+06	0
1.81906e+06	0
1.81916e+06	0
1.81926e+06	0
1.81936e+06	0
1.81946e+06	0
1.81956e+06	0
1.81966e+06	0
1.81976e+06	0
1.81986e+06	0
1.81996e+06	0
1.82006e+06	0
1.82016e+06	0
1.82026e+06	0
1.82036e+06	0
1.82046e+06	0
1.82056e+06	0
1.82066e+06	0
1.82076e+06	0
1.82086e+06	0
1.82096e+06	0
1.82106e+06	0
1.82116e+06	0
1.82126e+06	0
1.82136e+06	0
1.82146e+06	0
1.82156e+06	0
1.82166e+06	0
1.82176e+06	0
1.82186e+06	0
1.82196e+06	0
1.82206e+06	0
1.82216e+06	0
1.82226e+06	0
1.82236e+06	0
1.82246e+06	0
1.82256e+06	0
1.82266e+06	0
1.82276e+06	0
1.82286e+06	0
1.82296e+06	0
1.82306e+06	0
1.82316e+06	0
1.82326e+06	0
1.82336e+06	0
1.82346e+06	0
1.82356e+06	0
1.82366e+06	0
1.82376e+06	0
1.82386e+06	0
1.82396e+06	0
1.82406e+06	0
1.82416e+06	0
1.82426e+06	0
1.82436e+06	0
1.82446e+06	0
1.82456e+06	0
1.82466e+06	0
1.82476e+06	0
1.82486e+06	0
1.82496e+06	0
1.82506e+06	0
1.82516e+06	0
1.82526e+06	0
1.82536e+06	0
1.82546e+06	0
1.82556e+06	0
1.82566e+06	0
1.82576e+06	0
1.82586e+06	0
1.82596e+06	0
1.82606e+06	0
1.82616e+06	0
1.82626e+06	0
1.82636e+06	0
1.82646e+06	0
1.82656e+06	0
1.82666e+06	0
1.82676e+06	0
1.82686e+06	0
1.82696e+06	0
1.82706e+06	0
1.82716e+06	0
1.82726e+06	0
1.82736e+06	0
1.82746e+06	0
1.82756e+06	0
1.82766e+06	0
1.82776e+06	0
1.82786e+06	0
1.82796e+06	0
1.82806e+06	0
1.82816e+06	0
1.82826e+06	0
1.82836e+06	0
1.82846e+06	0
1.82856e+06	0
1.82866e+06	0
1.82876e+06	0
1.82886e+06	0
1.82896e+06	0
1.82906e+06	0
1.82916e+06	0
1.82926e+06	0
1.82936e+06	0
1.82946e+06	0
1.82956e+06	0
1.82966e+06	0
1.82976e+06	0
1.82986e+06	0
1.82996e+06	0
1.83006e+06	0
1.83016e+06	0
1.83026e+06	0
1.83036e+06	0
1.83046e+06	0
1.83056e+06	0
1.83066e+06	0
1.83076e+06	0
1.83086e+06	0
1.83096e+06	0
1.83106e+06	0
1.83116e+06	0
1.83126e+06	0
1.83136e+06	0
1.83146e+06	0
1.83156e+06	0
1.83166e+06	0
1.83176e+06	0
1.83186e+06	0
1.83196e+06	0
1.83206e+06	0
1.83216e+06	0
1.83226e+06	0
1.83236e+06	0
1.83246e+06	0
1.83256e+06	0
1.83266e+06	0
1.83276e+06	0
1.83286e+06	0
1.83296e+06	0
1.83306e+06	0
1.83316e+06	0
1.83326e+06	0
1.83336e+06	0
1.83346e+06	0
1.83356e+06	0
1.83366e+06	0
1.83376e+06	0
1.83386e+06	0
1.83396e+06	0
1.83406e+06	0
1.83416e+06	0
1.83426e+06	0
1.83436e+06	0
1.83446e+06	0
1.83456e+06	0
1.83466e+06	0
1.83476e+06	0
1.83486e+06	0
1.83496e+06	0
1.83506e+06	0
1.83516e+06	0
1.83526e+06	0
1.83536e+06	0
1.83546e+06	0
1.83556e+06	0
1.83566e+06	0
1.83576e+06	0
1.83586e+06	0
1.83596e+06	0
1.83606e+06	0
1.83616e+06	0
1.83626e+06	0
1.83636e+06	0
1.83646e+06	0
1.83656e+06	0
1.83666e+06	0
1.83676e+06	0
1.83686e+06	0
1.83696e+06	0
1.83706e+06	0
1.83716e+06	0
1.83726e+06	0
1.83736e+06	0
1.83746e+06	0
1.83756e+06	0
1.83766e+06	0
1.83776e+06	0
1.83786e+06	0
1.83796e+06	0
1.83806e+06	0
1.83816e+06	0
1.83826e+06	0
1.83836e+06	0
1.83846e+06	0
1.83856e+06	0
1.83866e+06	0
1.83876e+06	0
1.83886e+06	0
1.83896e+06	0
1.83906e+06	0
1.83916e+06	0
1.83926e+06	0
1.83936e+06	0
1.83946e+06	0
1.83956e+06	0
1.83966e+06	0
1.83976e+06	0
1.83986e+06	0
1.83996e+06	0
1.84006e+06	0
1.84016e+06	0
1.84026e+06	0
1.84036e+06	0
1.84046e+06	0
1.84056e+06	0
1.84066e+06	0
1.84076e+06	0
1.84086e+06	0
1.84096e+06	0
1.84106e+06	0
1.84116e+06	0
1.84126e+06	0
1.84136e+06	0
1.84146e+06	0
1.84156e+06	0
1.84166e+06	0
1.84176e+06	0
1.84186e+06	0
1.84196e+06	0
1.84206e+06	0
1.84216e+06	0
1.84226e+06	0
1.84236e+06	0
1.84246e+06	0
1.84256e+06	0
1.84266e+06	0
1.84276e+06	0
1.84286e+06	0
1.84296e+06	0
1.84306e+06	0
1.84316e+06	0
1.84326e+06	0
1.84336e+06	0
1.84346e+06	0
1.84356e+06	0
1.84366e+06	0
1.84376e+06	0
1.84386e+06	0
1.84396e+06	0
1.84406e+06	0
1.84416e+06	0
1.84426e+06	0
1.84436e+06	0
1.84446e+06	0
1.84456e+06	0
1.84466e+06	0
1.84476e+06	0
1.84486e+06	0
1.84496e+06	0
1.84506e+06	0
1.84516e+06	0
1.84526e+06	0
1.84536e+06	0
1.84546e+06	0
1.84556e+06	0
1.84566e+06	0
1.84576e+06	0
1.84586e+06	0
1.84596e+06	0
1.84606e+06	0
1.84616e+06	0
1.84626e+06	0
1.84636e+06	0
1.84646e+06	0
1.84656e+06	0
1.84666e+06	0
1.84676e+06	0
1.84686e+06	0
1.84696e+06	0
1.84706e+06	0
1.84716e+06	0
1.84726e+06	0
1.84736e+06	0
1.84746e+06	0
1.84756e+06	0
1.84766e+06	0
1.84776e+06	0
1.84786e+06	0
1.84796e+06	0
1.84806e+06	0
1.84816e+06	0
1.84826e+06	0
1.84836e+06	0
1.84846e+06	0
1.84856e+06	0
1.84866e+06	0
1.84876e+06	0
1.84886e+06	0
1.84896e+06	0
1.84906e+06	0
1.84916e+06	0
1.84926e+06	0
1.84936e+06	0
1.84946e+06	0
1.84956e+06	0
1.84966e+06	0
1.84976e+06	0
1.84986e+06	0
1.84996e+06	0
1.85006e+06	0
1.85016e+06	0
1.85026e+06	0
1.85036e+06	0
1.85046e+06	0
1.85056e+06	0
1.85066e+06	0
1.85076e+06	0
1.85086e+06	0
1.85096e+06	0
1.85106e+06	0
1.85116e+06	0
1.85126e+06	0
1.85136e+06	0
1.85146e+06	0
1.85156e+06	0
1.85166e+06	0
1.85176e+06	0
1.85186e+06	0
1.85196e+06	0
1.85206e+06	0
1.85216e+06	0
1.85226e+06	0
1.85236e+06	0
1.85246e+06	0
1.85256e+06	0
1.85266e+06	0
1.85276e+06	0
1.85286e+06	0
1.85296e+06	0
1.85306e+06	0
1.85316e+06	0
1.85326e+06	0
1.85336e+06	0
1.85346e+06	0
1.85356e+06	0
1.85366e+06	0
1.85376e+06	0
1.85386e+06	0
1.85396e+06	0
1.85406e+06	0
1.85416e+06	0
1.85426e+06	0
1.85436e+06	0
1.85446e+06	0
1.85456e+06	0
1.85466e+06	0
1.85476e+06	0
1.85486e+06	0
1.85496e+06	0
1.85506e+06	0
1.85516e+06	0
1.85526e+06	0
1.85536e+06	0
1.85546e+06	0
1.85556e+06	0
1.85566e+06	0
1.85576e+06	0
1.85586e+06	0
1.85596e+06	0
1.85606e+06	0
1.85616e+06	0
1.85626e+06	0
1.85636e+06	0
1.85646e+06	0
1.85656e+06	0
1.85666e+06	0
1.85676e+06	0
1.85686e+06	0
1.85696e+06	0
1.85706e+06	0
1.85716e+06	0
1.85726e+06	0
1.85736e+06	0
1.85746e+06	0
1.85756e+06	0
1.85766e+06	0
1.85776e+06	0
1.85786e+06	0
1.85796e+06	0
1.85806e+06	0
1.85816e+06	0
1.85826e+06	0
1.85836e+06	0
1.85846e+06	0
1.85856e+06	0
1.85866e+06	0
1.85876e+06	0
1.85886e+06	0
1.85896e+06	0
1.85906e+06	0
1.85916e+06	0
1.85926e+06	0
1.85936e+06	0
1.85946e+06	0
1.85956e+06	0
1.85966e+06	0
1.85976e+06	0
1.85986e+06	0
1.85996e+06	0
1.86006e+06	2.96439e-323
1.86016e+06	1.41303e-321
1.86026e+06	6.5192e-320
1.86036e+06	2.976e-318
1.86046e+06	1.34502e-316
1.86056e+06	6.01839e-315
1.86066e+06	2.66618e-313
1.86076e+06	1.16938e-311
1.86086e+06	5.07782e-310
1.86096e+06	2.18302e-308
1.86106e+06	9.29169e-307
1.86116e+06	3.91551e-305
1.86126e+06	1.63358e-303
1.86136e+06	6.74758e-302
1.86146e+06	2.75939e-300
1.86156e+06	1.11721e-298
1.86166e+06	4.47832e-297
1.86176e+06	1.77726e-295
1.86186e+06	6.98304e-294
1.86196e+06	2.71641e-292
1.86206e+06	1.04617e-290
1.86216e+06	3.98903e-289
1.86226e+06	1.50588e-287
1.86236e+06	5.62818e-286
1.86246e+06	2.08259e-284
1.86256e+06	7.62951e-283
1.86266e+06	2.76724e-281
1.86276e+06	9.93696e-280
1.86286e+06	3.53279e-278
1.86296e+06	1.24348e-276
1.86306e+06	4.33328e-275
1.86316e+06	1.49504e-273
1.86326e+06	5.10674e-272
1.86336e+06	1.727e-270
1.86346e+06	5.78229e-269
1.86356e+06	1.91674e-267
1.86366e+06	6.29048e-266
1.86376e+06	2.04391e-264
1.86386e+06	6.575e-263
1.86396e+06	2.09405e-261
1.86406e+06	6.60292e-260
1.86416e+06	2.0613e-258
1.86426e+06	6.37096e-257
1.86436e+06	1.94951e-255
1.86446e+06	5.90611e-254
1.86456e+06	1.77148e-252
1.86466e+06	5.26049e-251
1.86476e+06	1.54659e-249
1.86486e+06	4.50173e-248
1.86496e+06	1.2973e-246
1.86506e+06	3.70136e-245
1.86516e+06	1.04553e-243
1.86526e+06	2.92395e-242
1.86536e+06	8.09582e-241
1.86546e+06	2.21926e-239
1.86556e+06	6.023e-238
1.86566e+06	1.61836e-236
1.86576e+06	4.3052e-235
1.86586e+06	1.13388e-233
1.86596e+06	2.95666e-232
1.86606e+06	7.63293e-231
1.86616e+06	1.95091e-229
1.86626e+06	4.93676e-228
1.86636e+06	1.23681e-226
1.86646e+06	3.06776e-225
1.86656e+06	7.53349e-224
1.86666e+06	1.83159e-222
1.86676e+06	4.40877e-221
1.86686e+06	1.05066e-219
1.86696e+06	2.47894e-218
1.86706e+06	5.79065e-217
1.86716e+06	1.3392e-215
1.86726e+06	3.06633e-214
1.86736e+06	6.95105e-213
1.86746e+06	1.56005e-211
1.86756e+06	3.46645e-210
1.86766e+06	7.62583e-209
1.86776e+06	1.66091e-207
1.86786e+06	3.58149e-206
1.86796e+06	7.64606e-205
1.86806e+06	1.6161e-203
1.86816e+06	3.38187e-202
1.86826e+06	7.0065e-201
1.86836e+06	1.43715e-199
1.86846e+06	2.91852e-198
1.86856e+06	5.86785e-197
1.86866e+06	1.16802e-195
1.86876e+06	2.30188e-194
1.86886e+06	4.49127e-193
1.86896e+06	8.67589e-192
1.86906e+06	1.65926e-190
1.86916e+06	3.14177e-189
1.86926e+06	5.88965e-188
1.86936e+06	1.09311e-186
1.86946e+06	2.00859e-185
1.86956e+06	3.65408e-184
1.86966e+06	6.58146e-183
1.86976e+06	1.17361e-181
1.86986e+06	2.07196e-180
1.86996e+06	3.62156e-179
1.87006e+06	6.26712e-178
1.87016e+06	1.07373e-176
1.87026e+06	1.82131e-175
1.87036e+06	3.05862e-174
1.87046e+06	5.08541e-173
1.87056e+06	8.37112e-172
1.87066e+06	1.36426e-170
1.87076e+06	2.20125e-169
1.87086e+06	3.5164e-168
1.87096e+06	5.56139e-167
1.87106e+06	8.70815e-166
1.87116e+06	1.34997e-164
1.87126e+06	2.07196e-163
1.87136e+06	3.14844e-162
1.87146e+06	4.7366e-161
1.87156e+06	7.05496e-160
1.87166e+06	1.04035e-158
1.87176e+06	1.51887e-157
1.87186e+06	2.19543e-156
1.87196e+06	3.14178e-155
1.87206e+06	4.45132e-154
1.87216e+06	6.24395e-153
1.87226e+06	8.67135e-152
1.87236e+06	1.19226e-150
1.87246e+06	1.62298e-149
1.87256e+06	2.18731e-148
1.87266e+06	2.91854e-147
1.87276e+06	3.85548e-146
1.87286e+06	5.04252e-145
1.87296e+06	6.52942e-144
1.87306e+06	8.37063e-143
1.87316e+06	1.06243e-141
1.87326e+06	1.33505e-140
1.87336e+06	1.66093e-139
1.87346e+06	2.0458e-138
1.87356e+06	2.49478e-137
1.87366e+06	3.01202e-136
1.87376e+06	3.60032e-135
1.87386e+06	4.2607e-134
1.87396e+06	4.99205e-133
1.87406e+06	5.79072e-132
1.87416e+06	6.65034e-131
1.87426e+06	7.56158e-130
1.87436e+06	8.51212e-129
1.87446e+06	9.48681e-128
1.87456e+06	1.04679e-126
1.87466e+06	1.14355e-125
1.87476e+06	1.23683e-124
1.87486e+06	1.3244e-123
1.87496e+06	1.40407e-122
1.87506e+06	1.47371e-121
1.87516e+06	1.53142e-120
1.87526e+06	1.57555e-119
1.87536e+06	1.60483e-118
1.87546e+06	1.61839e-117
1.87556e+06	1.61582e-116
1.87566e+06	1.5972e-115
1.87576e+06	1.56309e-114
1.87586e+06	1.51448e-113
1.87596e+06	1.45279e-112
1.87606e+06	1.37974e-111
1.87616e+06	1.29733e-110
1.87626e+06	1.2077e-109
1.87636e+06	1.11308e-108
1.87646e+06	1.01566e-107
1.87656e+06	9.17552e-107
1.87666e+06	8.20669e-106
1.87676e+06	7.26713e-105
1.87686e+06	6.3711e-104
1.87696e+06	5.52998e-103
1.87706e+06	4.75214e-102
1.87716e+06	4.04308e-101
1.87726e+06	3.40559e-100
1.87736e+06	2.84007e-99
1.87746e+06	2.34489e-98
1.87756e+06	1.91679e-97
1.87766e+06	1.55125e-96
1.87776e+06	1.24293e-95
1.87786e+06	9.85985e-95
1.87796e+06	7.74372e-94
1.87806e+06	6.02124e-93
1.87816e+06	4.63532e-92
1.87826e+06	3.53289e-91
1.87836e+06	2.66586e-90
1.87846e+06	1.9916e-89
1.87856e+06	1.47307e-88
1.87866e+06	1.0787e-87
1.87876e+06	7.82057e-87
1.87886e+06	5.61347e-86
1.87896e+06	3.98916e-85
1.87906e+06	2.80665e-84
1.87916e+06	1.95502e-83
1.87926e+06	1.34826e-82
1.87936e+06	9.20558e-82
1.87946e+06	6.22281e-81
1.87956e+06	4.16465e-80
1.87966e+06	2.75948e-79
1.87976e+06	1.81023e-78
1.87986e+06	1.1757e-77
1.87996e+06	7.55994e-77
1.88006e+06	4.81278e-76
1.88016e+06	3.0334e-75
1.88026e+06	1.89287e-74
1.88036e+06	1.16942e-73
1.88046e+06	7.1528e-73
1.88056e+06	4.33151e-72
1.88066e+06	2.59692e-71
1.88076e+06	1.54147e-70
1.88086e+06	9.05878e-70
1.88096e+06	5.27061e-69
1.88106e+06	3.03605e-68
1.88116e+06	1.73147e-67
1.88126e+06	9.77633e-67
1.88136e+06	5.46506e-66
1.88146e+06	3.02462e-65
1.88156e+06	1.65731e-64
1.88166e+06	8.99074e-64
1.88176e+06	4.82884e-63
1.88186e+06	2.56772e-62
1.88196e+06	1.35179e-61
1.88206e+06	7.04575e-61
1.88216e+06	3.63583e-60
1.88226e+06	1.85753e-59
1.88236e+06	9.39562e-59
1.88246e+06	4.70514e-58
1.88256e+06	2.33279e-57
1.88266e+06	1.14508e-56
1.88276e+06	5.56487e-56
1.88286e+06	2.67751e-55
1.88296e+06	1.27545e-54
1.88306e+06	6.01522e-54
1.88316e+06	2.80865e-53
1.88326e+06	1.29838e-52
1.88336e+06	5.94239e-52
1.88346e+06	2.69264e-51
1.88356e+06	1.20796e-50
1.88366e+06	5.36519e-50
1.88376e+06	2.35925e-49
1.88386e+06	1.02712e-48
1.88396e+06	4.42713e-48
1.88406e+06	1.88922e-47
1.88416e+06	7.98175e-47
1.88426e+06	3.33866e-46
1.88436e+06	1.38262e-45
1.88446e+06	5.6688e-45
1.88456e+06	2.3011e-44
1.88466e+06	9.2478e-44
1.88476e+06	3.67957e-43
1.88486e+06	1.44949e-42
1.88496e+06	5.65311e-42
1.88506e+06	2.18282e-41
1.88516e+06	8.34459e-41
1.88526e+06	3.15827e-40
1.88536e+06	1.18345e-39
1.88546e+06	4.39046e-39
1.88556e+06	1.6126e-38
1.88566e+06	5.86406e-38
1.88576e+06	2.11119e-37
1.88586e+06	7.52515e-37
1.88596e+06	2.65558e-36
1.88606e+06	9.27812e-36
1.88616e+06	3.20936e-35
1.88626e+06	1.09909e-34
1.88636e+06	3.72654e-34
1.88646e+06	1.25094e-33
1.88656e+06	4.15741e-33
1.88666e+06	1.36794e-32
1.88676e+06	4.45622e-32
1.88686e+06	1.43723e-31
1.88696e+06	4.58923e-31
1.88706e+06	1.45082e-30
1.88716e+06	4.5409e-30
1.88726e+06	1.40711e-29
1.88736e+06	4.31691e-29
1.88746e+06	1.31121e-28
1.88756e+06	3.94305e-28
1.88766e+06	1.17394e-27
1.88776e+06	3.46035e-27
1.88786e+06	1.00983e-26
1.88796e+06	2.91768e-26
1.88806e+06	8.34608e-26
1.88816e+06	2.36366e-25
1.88826e+06	6.62741e-25
1.88836e+06	1.83976e-24
1.88846e+06	5.05633e-24
1.88856e+06	1.37584e-23
1.88866e+06	3.70644e-23
1.88876e+06	9.88564e-23
1.88886e+06	2.61042e-22
1.88896e+06	6.82453e-22
1.88906e+06	1.76642e-21
1.88916e+06	4.5266e-21
1.88926e+06	1.14844e-20
1.88936e+06	2.88472e-20
1.88946e+06	7.17394e-20
1.88956e+06	1.76632e-19
1.88966e+06	4.30567e-19
1.88976e+06	1.03913e-18
1.88986e+06	2.4829e-18
1.88996e+06	5.87364e-18
1.89006e+06	1.37567e-17
1.89016e+06	3.18994e-17
1.89026e+06	7.32337e-17
1.89036e+06	1.66456e-16
1.89046e+06	3.74584e-16
1.89056e+06	8.34564e-16
1.89066e+06	1.84091e-15
1.89076e+06	4.02038e-15
1.89086e+06	8.69293e-15
1.89096e+06	1.86092e-14
1.89106e+06	3.94416e-14
1.89116e+06	8.27651e-14
1.89126e+06	1.71951e-13
1.89136e+06	3.53698e-13
1.89146e+06	7.20322e-13
1.89156e+06	1.45242e-12
1.89166e+06	2.89953e-12
1.89176e+06	5.73109e-12
1.89186e+06	1.12156e-11
1.89196e+06	2.17312e-11
1.89206e+06	4.16892e-11
1.89216e+06	7.91855e-11
1.89226e+06	1.4892e-10
1.89236e+06	2.77298e-10
1.89246e+06	5.11249e-10
1.89256e+06	9.33283e-10
1.89266e+06	1.68692e-09
1.89276e+06	3.0191e-09
1.89286e+06	5.35021e-09
1.89296e+06	9.38814e-09
1.89306e+06	1.63121e-08
1.89316e+06	2.80653e-08
1.89326e+06	4.78152e-08
1.89336e+06	8.06692e-08
1.89346e+06	1.34774e-07
1.89356e+06	2.22982e-07
1.89366e+06	3.65352e-07
1.89376e+06	5.9285e-07
1.89386e+06	9.52762e-07
1.89396e+06	1.51651e-06
1.89406e+06	2.39082e-06
1.89416e+06	3.73342e-06
1.89426e+06	5.77493e-06
1.89436e+06	8.84889e-06
1.89446e+06	1.34326e-05
1.89456e+06	2.02015e-05
1.89466e+06	3.01018e-05
1.89476e+06	4.44446e-05
1.89486e+06	6.50272e-05
1.89496e+06	9.42886e-05
1.89506e+06	0.000135503
1.89516e+06	0.000193024
1.89526e+06	0.000272574
1.89536e+06	0.000381607
1.89546e+06	0.000529734
1.89556e+06	0.000729218
1.89566e+06	0.000995562
1.89576e+06	0.00134816
1.89586e+06	0.00181107
1.89596e+06	0.00241378
1.89606e+06	0.00319214
1.89616e+06	0.00418931
1.89626e+06	0.00545665
1.89636e+06	0.0070547
1.89646e+06	0.00905403
1.89656e+06	0.0115359
1.89666e+06	0.014593
1.89676e+06	0.018329
1.89686e+06	0.022859
1.89696e+06	0.0283081
1.89706e+06	0.0348099
1.89716e+06	0.042504
1.89726e+06	0.0515324
1.89736e+06	0.0620349
1.89746e+06	0.0741433
1.89756e+06	0.0879746
1.89766e+06	0.103623
1.89776e+06	0.12115
1.89786e+06	0.140578
1.89796e+06	0.161877
1.89806e+06	0.184961
1.89816e+06	0.209675
1.89826e+06	0.235794
1.89836e+06	0.263018
1.89846e+06	0.290971
1.89856e+06	0.319208
1.89866e+06	0.347223
1.89876e+06	0.37446
1.89886e+06	0.400328
1.89896e+06	0.424226
1.89906e+06	0.445561
1.89916e+06	0.463773
1.89926e+06	0.478362
1.89936e+06	0.488905
1.89946e+06	0.495084
1.89956e+06	0.496693
1.89966e+06	0.493659
1.89976e+06	0.486036
1.89986e+06	0.474014
1.89996e+06	0.457903
1.90006e+06	0.438122
1.90016e+06	0.415183
1.90026e+06	0.389664
1.90036e+06	0.362187
1.90046e+06	0.333392
1.90056e+06	0.303909
1.90066e+06	0.274339
1.90076e+06	0.245233
1.90086e+06	0.217073
1.90096e+06	0.190267
1.90106e+06	0.165136
1.90116e+06	0.141917
1.90126e+06	0.120765
1.90136e+06	0.101753
1.90146e+06	0.0848897
1.90156e+06	0.0701226
1.90166e+06	0.0573524
1.90176e+06	0.0464444
1.90186e+06	0.0372392
1.90196e+06	0.029563
1.90206e+06	0.0232368
1.90216e+06	0.0180834
1.90226e+06	0.0139335
1.90236e+06	0.0106295
1.90246e+06	0.00802855
1.90256e+06	0.00600388
1.90266e+06	0.00444524
1.90276e+06	0.00325856
1.90286e+06	0.00236495
1.90296e+06	0.00169936
1.90306e+06	0.00120896
1.90316e+06	0.000851536
1.90326e+06	0.000593823
1.90336e+06	0.000409991
1.90346e+06	0.000280254
1.90356e+06	0.000189667
1.90366e+06	0.000127085
1.90376e+06	8.43054e-05
1.90386e+06	5.53703e-05
1.90396e+06	3.60047e-05
1.90406e+06	2.31793e-05
1.90416e+06	1.47741e-05
1.90426e+06	9.32312e-06
1.90436e+06	5.82479e-06
1.90446e+06	3.60297e-06
1.90456e+06	2.20649e-06
1.90466e+06	1.33787e-06
1.90476e+06	8.03192e-07
1.90486e+06	4.77511e-07
1.90496e+06	2.81255e-07
1.90506e+06	1.64335e-07
1.90516e+06	9.56102e-08
1.90526e+06	5.59798e-08
1.90536e+06	3.39356e-08
1.90546e+06	2.27367e-08
1.90556e+06	1.86592e-08
1.90566e+06	1.99509e-08
1.90576e+06	2.62531e-08
1.90586e+06	3.83407e-08
1.90596e+06	5.80941e-08
1.90606e+06	8.86557e-08
1.90616e+06	1.34756e-07
1.90626e+06	2.03211e-07
1.90636e+06	3.03607e-07
1.90646e+06	4.49201e-07
1.90656e+06	6.58055e-07
1.90666e+06	9.54451e-07
1.90676e+06	1.37058e-06
1.90686e+06	1.94857e-06
1.90696e+06	2.74274e-06
1.90706e+06	3.82218e-06
1.90716e+06	5.27344e-06
1.90726e+06	7.20334e-06
1.90736e+06	9.74161e-06
1.90746e+06	1.30432e-05
1.90756e+06	1.729e-05
1.90766e+06	2.26915e-05
1.90776e+06	2.94842e-05
1.90786e+06	3.7929e-05
1.90796e+06	4.83071e-05
1.90806e+06	6.09126e-05
1.90816e+06	7.60432e-05
1.90826e+06	9.39877e-05
1.90836e+06	0.000115011
1.90846e+06	0.000139336
1.90856e+06	0.000167126
1.90866e+06	0.000198465
1.90876e+06	0.000233335
1.90886e+06	0.000271601
1.90896e+06	0.000312998
1.90906e+06	0.000357116
1.90916e+06	0.000403397
1.90926e+06	0.000451143
1.90936e+06	0.000499519
1.90946e+06	0.000547579
1.90956e+06	0.000594291
1.90966e+06	0.00063857
1.90976e+06	0.00067932
1.90986e+06	0.000715481
1.90996e+06	0.000746068
1.91006e+06	0.000770222
1.91016e+06	0.000787246
1.91026e+06	0.00079664
1.91036e+06	0.000798125
1.91046e+06	0.000791656
1.91056e+06	0.000777426
1.91066e+06	0.000755856
1.91076e+06	0.000727572
1.91086e+06	0.000693377
1.91096e+06	0.000654215
1.91106e+06	0.000611123
1.91116e+06	0.000565189
1.91126e+06	0.000517506
1.91136e+06	0.000469132
1.91146e+06	0.000421048
1.91156e+06	0.000374132
1.91166e+06	0.000329136
1.91176e+06	0.00028667
1.91186e+06	0.000247199
1.91196e+06	0.000211042
1.91206e+06	0.00017838
1.91216e+06	0.000149273
1.91226e+06	0.000123673
1.91236e+06	0.000101444
1.91246e+06	8.23819e-05
1.91256e+06	6.62362e-05
1.91266e+06	5.2725e-05
1.91276e+06	4.15522e-05
1.91286e+06	3.24212e-05
1.91296e+06	2.5045e-05
1.91306e+06	1.91545e-05
1.91316e+06	1.45036e-05
1.91326e+06	1.08728e-05
1.91336e+06	8.06975e-06
1.91346e+06	5.92976e-06
1.91356e+06	4.31392e-06
1.91366e+06	3.10716e-06
1.91376e+06	2.2157e-06
1.91386e+06	1.56429e-06
1.91396e+06	1.0934e-06
1.91406e+06	7.56658e-07
1.91416e+06	5.18414e-07
1.91426e+06	3.5165e-07
1.91436e+06	2.36157e-07
1.91446e+06	1.57018e-07
1.91456e+06	1.0336e-07
1.91466e+06	6.73621e-08
1.91476e+06	4.34645e-08
1.91486e+06	2.77659e-08
1.91496e+06	1.75608e-08
1.91506e+06	1.0996e-08
1.91516e+06	6.81682e-09
1.91526e+06	4.18395e-09
1.91536e+06	2.54242e-09
1.91546e+06	1.52956e-09
1.91556e+06	9.11048e-10
1.91566e+06	5.37247e-10
1.91576e+06	3.13663e-10
1.91586e+06	1.81305e-10
1.91596e+06	1.03756e-10
1.91606e+06	5.87861e-11
1.91616e+06	3.29756e-11
1.91626e+06	1.83133e-11
1.91636e+06	1.00693e-11
1.91646e+06	5.48136e-12
1.91656e+06	2.95416e-12
1.91666e+06	1.57629e-12
1.91676e+06	8.32717e-13
1.91686e+06	4.35527e-13
1.91696e+06	2.25522e-13
1.91706e+06	1.15617e-13
1.91716e+06	5.86825e-14
1.91726e+06	2.94886e-14
1.91736e+06	1.46709e-14
1.91746e+06	7.2263e-15
1.91756e+06	3.52398e-15
1.91766e+06	1.7014e-15
1.91776e+06	8.13275e-16
1.91786e+06	3.8488e-16
1.91796e+06	1.80331e-16
1.91806e+06	8.36511e-17
1.91816e+06	3.84176e-17
1.91826e+06	1.74681e-17
1.91836e+06	7.86357e-18
1.91846e+06	3.50469e-18
1.91856e+06	1.54645e-18
1.91866e+06	6.75587e-19
1.91876e+06	2.92201e-19
1.91886e+06	1.25124e-19
1.91896e+06	5.30464e-20
1.91906e+06	2.22653e-20
1.91916e+06	9.25248e-21
1.91926e+06	3.80666e-21
1.91936e+06	1.55056e-21
1.91946e+06	6.253e-22
1.91956e+06	2.49659e-22
1.91966e+06	9.86873e-23
1.91976e+06	3.86218e-23
1.91986e+06	1.49645e-23
1.91996e+06	5.74048e-24
1.92006e+06	2.18017e-24
1.92016e+06	8.19768e-25
1.92026e+06	3.05174e-25
1.92036e+06	1.12477e-25
1.92046e+06	4.10425e-26
1.92056e+06	1.48273e-26
1.92066e+06	5.30331e-27
1.92076e+06	1.87797e-27
1.92086e+06	6.58398e-28
1.92096e+06	2.28531e-28
1.92106e+06	7.85342e-29
1.92116e+06	2.67196e-29
1.92126e+06	9.0003e-30
1.92136e+06	3.00152e-30
1.92146e+06	9.91022e-31
1.92156e+06	3.23953e-31
1.92166e+06	1.04843e-31
1.92176e+06	3.35932e-32
1.92186e+06	1.06567e-32
1.92196e+06	3.34694e-33
1.92206e+06	1.04072e-33
1.92216e+06	3.20386e-34
1.92226e+06	9.76498e-35
1.92236e+06	2.94664e-35
1.92246e+06	8.80317e-36
1.92256e+06	2.6038e-36
1.92266e+06	7.62491e-37
1.92276e+06	2.21064e-37
1.92286e+06	6.3454e-38
1.92296e+06	1.80325e-38
1.92306e+06	5.07354e-39
1.92316e+06	1.41326e-39
1.92326e+06	3.89755e-40
1.92336e+06	1.06419e-40
1.92346e+06	2.87685e-41
1.92356e+06	7.70382e-42
1.92366e+06	2.05918e-42
1.92376e+06	6.11972e-43
1.92386e+06	4.44009e-43
1.92396e+06	1.23504e-42
1.92406e+06	4.67785e-42
1.92416e+06	1.79969e-41
1.92426e+06	6.86682e-41
1.92436e+06	2.59436e-40
1.92446e+06	9.70461e-40
1.92456e+06	3.59415e-39
1.92466e+06	1.31791e-38
1.92476e+06	4.78461e-38
1.92486e+06	1.71981e-37
1.92496e+06	6.1205e-37
1.92506e+06	2.15659e-36
1.92516e+06	7.5236e-36
1.92526e+06	2.59872e-35
1.92536e+06	8.88732e-35
1.92546e+06	3.00927e-34
1.92556e+06	1.00886e-33
1.92566e+06	3.34876e-33
1.92576e+06	1.10057e-32
1.92586e+06	3.58128e-32
1.92596e+06	1.15384e-31
1.92606e+06	3.68076e-31
1.92616e+06	1.16257e-30
1.92626e+06	3.63575e-30
1.92636e+06	1.1258e-29
1.92646e+06	3.45163e-29
1.92656e+06	1.04781e-28
1.92666e+06	3.14952e-28
1.92676e+06	9.37359e-28
1.92686e+06	2.76231e-27
1.92696e+06	8.06021e-27
1.92706e+06	2.32879e-26
1.92716e+06	6.66235e-26
1.92726e+06	1.8873e-25
1.92736e+06	5.29386e-25
1.92746e+06	1.47037e-24
1.92756e+06	4.04398e-24
1.92766e+06	1.10134e-23
1.92776e+06	2.97006e-23
1.92786e+06	7.93138e-23
1.92796e+06	2.09737e-22
1.92806e+06	5.49219e-22
1.92816e+06	1.42419e-21
1.92826e+06	3.65719e-21
1.92836e+06	9.30011e-21
1.92846e+06	2.34204e-20
1.92856e+06	5.84081e-20
1.92866e+06	1.44254e-19
1.92876e+06	3.52831e-19
1.92886e+06	8.54664e-19
1.92896e+06	2.05031e-18
1.92906e+06	4.8713e-18
1.92916e+06	1.14625e-17
1.92926e+06	2.67134e-17
1.92936e+06	6.16596e-17
1.92946e+06	1.40962e-16
1.92956e+06	3.19185e-16
1.92966e+06	7.15857e-16
1.92976e+06	1.59024e-15
1.92986e+06	3.49913e-15
1.92996e+06	7.6265e-15
1.93006e+06	1.64652e-14
1.93016e+06	3.52122e-14
1.93026e+06	7.45955e-14
1.93036e+06	1.56543e-13
1.93046e+06	3.25433e-13
1.93056e+06	6.70206e-13
1.93066e+06	1.36735e-12
1.93076e+06	2.76367e-12
1.93086e+06	5.53393e-12
1.93096e+06	1.09782e-11
1.93106e+06	2.15767e-11
1.93116e+06	4.20148e-11
1.93126e+06	8.10573e-11
1.93136e+06	1.54939e-10
1.93146e+06	2.93436e-10
1.93156e+06	5.50626e-10
1.93166e+06	1.02376e-09
1.93176e+06	1.88599e-09
1.93186e+06	3.44262e-09
1.93196e+06	6.22658e-09
1.93206e+06	1.1159e-08
1.93216e+06	1.98161e-08
1.93226e+06	3.48684e-08
1.93236e+06	6.0795e-08
1.93246e+06	1.05034e-07
1.93256e+06	1.7981e-07
1.93266e+06	3.05017e-07
1.93276e+06	5.12696e-07
1.93286e+06	8.53924e-07
1.93296e+06	1.40929e-06
1.93306e+06	2.30463e-06
1.93316e+06	3.7344e-06
1.93326e+06	5.99587e-06
1.93336e+06	9.53881e-06
1.93346e+06	1.50363e-05
1.93356e+06	2.34849e-05
1.93366e+06	3.63439e-05
1.93376e+06	5.57268e-05
1.93386e+06	8.46602e-05
1.93396e+06	0.00012743
1.93406e+06	0.000190034
1.93416e+06	0.000280773
1.93426e+06	0.000410993
1.93436e+06	0.00059602
1.93446e+06	0.000856303
1.93456e+06	0.00121878
1.93466e+06	0.00171849
1.93476e+06	0.00240041
1.93486e+06	0.00332147
1.93496e+06	0.00455277
1.93506e+06	0.00618177
1.93516e+06	0.00831444
1.93526e+06	0.0110772
1.93536e+06	0.0146182
1.93546e+06	0.0191081
1.93556e+06	0.0247396
1.93566e+06	0.0317259
1.93576e+06	0.040297
1.93586e+06	0.0506946
1.93596e+06	0.0631647
1.93606e+06	0.0779479
1.93616e+06	0.0952675
1.93626e+06	0.115316
1.93636e+06	0.138239
1.93646e+06	0.164122
1.93656e+06	0.192969
1.93666e+06	0.224694
1.93676e+06	0.259101
1.93686e+06	0.295883
1.93696e+06	0.334608
1.93706e+06	0.374727
1.93716e+06	0.415576
1.93726e+06	0.456395
1.93736e+06	0.496342
1.93746e+06	0.534524
1.93756e+06	0.570029
1.93766e+06	0.601958
1.93776e+06	0.629467
1.93786e+06	0.651799
1.93796e+06	0.668323
1.93806e+06	0.67856
1.93816e+06	0.68221
1.93826e+06	0.679161
1.93836e+06	0.669502
1.93846e+06	0.653511
1.93856e+06	0.631648
1.93866e+06	0.604529
1.93876e+06	0.572899
1.93886e+06	0.537598
1.93896e+06	0.499522
1.93906e+06	0.459588
1.93916e+06	0.418697
1.93926e+06	0.377702
1.93936e+06	0.337377
1.93946e+06	0.2984
1.93956e+06	0.261337
1.93966e+06	0.226633
1.93976e+06	0.194609
1.93986e+06	0.165473
1.93996e+06	0.13932
1.94006e+06	0.116151
1.94016e+06	0.0958868
1.94026e+06	0.0783833
1.94036e+06	0.063448
1.94046e+06	0.0508564
1.94056e+06	0.0403654
1.94066e+06	0.0317258
1.94076e+06	0.024692
1.94086e+06	0.0190304
1.94096e+06	0.0145242
1.94106e+06	0.0109774
1.94116e+06	0.00821638
1.94126e+06	0.00609069
1.94136e+06	0.0044721
1.94146e+06	0.00325338
1.94156e+06	0.00234632
1.94166e+06	0.00167965
1.94176e+06	0.00119676
1.94186e+06	0.000853615
1.94196e+06	0.000616782
1.94206e+06	0.00046174
1.94216e+06	0.000371481
1.94226e+06	0.000335419
1.94236e+06	0.000348622
1.94246e+06	0.00041135
1.94256e+06	0.000528883
1.94266e+06	0.000711612
1.94276e+06	0.000975363
1.94286e+06	0.00134192
1.94296e+06	0.0018397
1.94306e+06	0.00250447
1.94316e+06	0.00338015
1.94326e+06	0.00451944
1.94336e+06	0.0059843
1.94346e+06	0.00784615
1.94356e+06	0.0101855
1.94366e+06	0.0130911
1.94376e+06	0.0166585
1.94386e+06	0.0209871
1.94396e+06	0.0261774
1.94406e+06	0.0323266
1.94416e+06	0.039523
1.94426e+06	0.0478406
1.94436e+06	0.0573325
1.94446e+06	0.068024
1.94456e+06	0.0799062
1.94466e+06	0.09293
1.94476e+06	0.107001
1.94486e+06	0.121977
1.94496e+06	0.137665
1.94506e+06	0.153826
1.94516e+06	0.170172
1.94526e+06	0.186383
1.94536e+06	0.202107
1.94546e+06	0.216977
1.94556e+06	0.230623
1.94566e+06	0.242688
1.94576e+06	0.252844
1.94586e+06	0.260803
1.94596e+06	0.266336
1.94606e+06	0.26928
1.94616e+06	0.269547
1.94626e+06	0.26713
1.94636e+06	0.262101
1.94646e+06	0.254607
1.94656e+06	0.244867
1.94666e+06	0.233156
1.94676e+06	0.219796
1.94686e+06	0.20514
1.94696e+06	0.189557
1.94706e+06	0.173414
1.94716e+06	0.157067
1.94726e+06	0.140846
1.94736e+06	0.125043
1.94746e+06	0.109909
1.94756e+06	0.0956453
1.94766e+06	0.0824045
1.94776e+06	0.0702902
1.94786e+06	0.0593603
1.94796e+06	0.0496312
1.94806e+06	0.0410837
1.94816e+06	0.0336699
1.94826e+06	0.0273194
1.94836e+06	0.0219461
1.94846e+06	0.0174543
1.94856e+06	0.0137437
1.94866e+06	0.0107142
1.94876e+06	0.00826941
1.94886e+06	0.00631897
1.94896e+06	0.00478052
1.94906e+06	0.00358064
1.94916e+06	0.00265524
1.94926e+06	0.00194941
1.94936e+06	0.00141697
1.94946e+06	0.00101971
1.94956e+06	0.000726518
1.94966e+06	0.000512477
1.94976e+06	0.000357899
1.94986e+06	0.000247458
1.94996e+06	0.000169395
1.95006e+06	0.000114804
1.95016e+06	7.70321e-05
1.95026e+06	5.11731e-05
1.95036e+06	3.36566e-05
1.95046e+06	2.19157e-05
1.95056e+06	1.41285e-05
1.95066e+06	9.01768e-06
1.95076e+06	5.69837e-06
1.95086e+06	3.56503e-06
1.95096e+06	2.20818e-06
1.95106e+06	1.35413e-06
1.95116e+06	8.22138e-07
1.95126e+06	4.94181e-07
1.95136e+06	2.94093e-07
1.95146e+06	1.73278e-07
1.95156e+06	1.01079e-07
1.95166e+06	5.83788e-08
1.95176e+06	3.33856e-08
1.95186e+06	1.89102e-08
1.95196e+06	1.06184e-08
1.95206e+06	5.92823e-09
1.95216e+06	3.3217e-09
1.95226e+06	1.92177e-09
1.95236e+06	1.23676e-09
1.95246e+06	1.00998e-09
1.95256e+06	1.13591e-09
1.95266e+06	1.61964e-09
1.95276e+06	2.56702e-09
1.95286e+06	4.19963e-09
1.95296e+06	6.89474e-09
1.95306e+06	1.12542e-08
1.95316e+06	1.82109e-08
1.95326e+06	2.91863e-08
1.95336e+06	4.63168e-08
1.95346e+06	7.27731e-08
1.95356e+06	1.13205e-07
1.95366e+06	1.74349e-07
1.95376e+06	2.65845e-07
1.95386e+06	4.01326e-07
1.95396e+06	5.99821e-07
1.95406e+06	8.87573e-07
1.95416e+06	1.3003e-06
1.95426e+06	1.88599e-06
1.95436e+06	2.70827e-06
1.95446e+06	3.85037e-06
1.95456e+06	5.41963e-06
1.95466e+06	7.55256e-06
1.95476e+06	1.04202e-05
1.95486e+06	1.42336e-05
1.95496e+06	1.92491e-05
1.95506e+06	2.57728e-05
1.95516e+06	3.41643e-05
1.95526e+06	4.48372e-05
1.95536e+06	5.82589e-05
1.95546e+06	7.49451e-05
1.95556e+06	9.54512e-05
1.95566e+06	0.000120358
1.95576e+06	0.000150255
1.95586e+06	0.000185711
1.95596e+06	0.00022725
1.95606e+06	0.000275313
1.95616e+06	0.000330222
1.95626e+06	0.000392142
1.95636e+06	0.00046104
1.95646e+06	0.000536648
1.95656e+06	0.000618441
1.95666e+06	0.000705608
1.95676e+06	0.000797051
1.95686e+06	0.000891386
1.95696e+06	0.000986966
1.95706e+06	0.00108192
1.95716e+06	0.00117421
1.95726e+06	0.0012617
1.95736e+06	0.00134221
1.95746e+06	0.00141365
1.95756e+06	0.00147408
1.95766e+06	0.0015218
1.95776e+06	0.00155543
1.95786e+06	0.00157398
1.95796e+06	0.00157691
1.95806e+06	0.00156412
1.95816e+06	0.001536
1.95826e+06	0.00149338
1.95836e+06	0.00143749
1.95846e+06	0.00136993
1.95856e+06	0.00129255
1.95866e+06	0.00120741
1.95876e+06	0.00111665
1.95886e+06	0.00102244
1.95896e+06	0.000926866
1.95906e+06	0.000831863
1.95916e+06	0.000739169
1.95926e+06	0.000650268
1.95936e+06	0.000566368
1.95946e+06	0.000488384
1.95956e+06	0.000416948
1.95966e+06	0.000352418
1.95976e+06	0.000294912
1.95986e+06	0.000244334
1.95996e+06	0.000200416
1.96006e+06	0.000162756
1.96016e+06	0.000130858
1.96026e+06	0.000104164
1.96036e+06	8.20911e-05
1.96046e+06	6.40516e-05
1.96056e+06	4.94789e-05
1.96066e+06	3.78415e-05
1.96076e+06	2.86532e-05
1.96086e+06	2.148e-05
1.96096e+06	1.59424e-05
1.96106e+06	1.17147e-05
1.96116e+06	8.52241e-06
1.96126e+06	6.13836e-06
1.96136e+06	4.37723e-06
1.96146e+06	3.09032e-06
1.96156e+06	2.16005e-06
1.96166e+06	1.4948e-06
1.96176e+06	1.02414e-06
1.96186e+06	6.94689e-07
1.96196e+06	4.6653e-07
1.96206e+06	3.10189e-07
1.96216e+06	2.04188e-07
1.96226e+06	1.33073e-07
1.96236e+06	8.58634e-08
1.96246e+06	5.48508e-08
1.96256e+06	3.46908e-08
1.96266e+06	2.17222e-08
1.96276e+06	1.34663e-08
1.96286e+06	8.26518e-09
1.96296e+06	5.02241e-09
1.96306e+06	3.02155e-09
1.96316e+06	1.79971e-09
1.96326e+06	1.06129e-09
1.96336e+06	6.19616e-10
1.96346e+06	3.58152e-10
1.96356e+06	2.0496e-10
1.96366e+06	1.16126e-10
1.96376e+06	6.51397e-11
1.96386e+06	3.61759e-11
1.96396e+06	1.98907e-11
1.96406e+06	1.08277e-11
1.96416e+06	5.83555e-12
1.96426e+06	3.11375e-12
1.96436e+06	1.64491e-12
1.96446e+06	8.60316e-13
1.96456e+06	4.45483e-13
1.96466e+06	2.28381e-13
1.96476e+06	1.15917e-13
1.96486e+06	5.82495e-14
1.96496e+06	2.89796e-14
1.96506e+06	1.42742e-14
1.96516e+06	6.96091e-15
1.96526e+06	3.36077e-15
1.96536e+06	1.60645e-15
1.96546e+06	7.60246e-16
1.96556e+06	3.56203e-16
1.96566e+06	1.65233e-16
1.96576e+06	7.58849e-17
1.96586e+06	3.4504e-17
1.96596e+06	1.55325e-17
1.96606e+06	6.92262e-18
1.96616e+06	3.05461e-18
1.96626e+06	1.33444e-18
1.96636e+06	5.77163e-19
1.96646e+06	2.47147e-19
1.96656e+06	1.04778e-19
1.96666e+06	4.39785e-20
1.96676e+06	1.82755e-20
1.96686e+06	7.51889e-21
1.96696e+06	3.06264e-21
1.96706e+06	1.23508e-21
1.96716e+06	4.93118e-22
1.96726e+06	1.94924e-22
1.96736e+06	7.62843e-23
1.96746e+06	2.95571e-23
1.96756e+06	1.13383e-23
1.96766e+06	4.30614e-24
1.96776e+06	1.61915e-24
1.96786e+06	6.02758e-25
1.96796e+06	2.22155e-25
1.96806e+06	8.10635e-26
1.96816e+06	2.92855e-26
1.96826e+06	1.04746e-26
1.96836e+06	3.7092e-27
1.96846e+06	1.3005e-27
1.96856e+06	4.51704e-28
1.96866e+06	1.56201e-28
1.96876e+06	5.62623e-29
1.96886e+06	2.88369e-29
1.96896e+06	4.06404e-29
1.96906e+06	1.09811e-28
1.96916e+06	3.32418e-28
1.96926e+06	1.01066e-27
1.96936e+06	3.04685e-27
1.96946e+06	9.09547e-27
1.96956e+06	2.68822e-26
1.96966e+06	7.86613e-26
1.96976e+06	2.27885e-25
1.96986e+06	6.53621e-25
1.96996e+06	1.85607e-24
1.97006e+06	5.21819e-24
1.97016e+06	1.45245e-23
1.97026e+06	4.0026e-23
1.97036e+06	1.09204e-22
1.97046e+06	2.9498e-22
1.97056e+06	7.88868e-22
1.97066e+06	2.08868e-21
1.97076e+06	5.47518e-21
1.97086e+06	1.42096e-20
1.97096e+06	3.65107e-20
1.97106e+06	9.2879e-20
1.97116e+06	2.33922e-19
1.97126e+06	5.83288e-19
1.97136e+06	1.43996e-18
1.97146e+06	3.51947e-18
1.97156e+06	8.51647e-18
1.97166e+06	2.04032e-17
1.97176e+06	4.83945e-17
1.97186e+06	1.13645e-16
1.97196e+06	2.64218e-16
1.97206e+06	6.08177e-16
1.97216e+06	1.38598e-15
1.97226e+06	3.12708e-15
1.97236e+06	6.98519e-15
1.97246e+06	1.54481e-14
1.97256e+06	3.38244e-14
1.97266e+06	7.33231e-14
1.97276e+06	1.57365e-13
1.97286e+06	3.34376e-13
1.97296e+06	7.03425e-13
1.97306e+06	1.46507e-12
1.97316e+06	3.02103e-12
1.97326e+06	6.16751e-12
1.97336e+06	1.24658e-11
1.97346e+06	2.49454e-11
1.97356e+06	4.94215e-11
1.97366e+06	9.6939e-11
1.97376e+06	1.88252e-10
1.97386e+06	3.6194e-10
1.97396e+06	6.88955e-10
1.97406e+06	1.29838e-09
1.97416e+06	2.42254e-09
1.97426e+06	4.47504e-09
1.97436e+06	8.18428e-09
1.97446e+06	1.48191e-08
1.97456e+06	2.65655e-08
1.97466e+06	4.71491e-08
1.97476e+06	8.28485e-08
1.97486e+06	1.4413e-07
1.97496e+06	2.48245e-07
1.97506e+06	4.23315e-07
1.97516e+06	7.14668e-07
1.97526e+06	1.19454e-06
1.97536e+06	1.97677e-06
1.97546e+06	3.23869e-06
1.97556e+06	5.25338e-06
1.97566e+06	8.43656e-06
1.97576e+06	1.34137e-05
1.97586e+06	2.11149e-05
1.97596e+06	3.2907e-05
1.97606e+06	5.07742e-05
1.97616e+06	7.75632e-05
1.97626e+06	0.000117307
1.97636e+06	0.000175652
1.97646e+06	0.000260398
1.97656e+06	0.000382189
1.97666e+06	0.000555363
1.97676e+06	0.000798974
1.97686e+06	0.00113801
1.97696e+06	0.00160478
1.97706e+06	0.0022405
1.97716e+06	0.00309691
1.97726e+06	0.0042381
1.97736e+06	0.0057421
1.97746e+06	0.00770242
1.97756e+06	0.0102292
1.97766e+06	0.0134497
1.97776e+06	0.0175082
1.97786e+06	0.0225646
1.97796e+06	0.0287919
1.97806e+06	0.0363724
1.97816e+06	0.0454915
1.97826e+06	0.0563308
1.97836e+06	0.0690589
1.97846e+06	0.0838205
1.97856e+06	0.100725
1.97866e+06	0.119835
1.97876e+06	0.141153
1.97886e+06	0.164608
1.97896e+06	0.190051
1.97906e+06	0.217244
1.97916e+06	0.245857
1.97926e+06	0.275471
1.97936e+06	0.305582
1.97946e+06	0.335612
1.97956e+06	0.364927
1.97966e+06	0.392856
1.97976e+06	0.418716
1.97986e+06	0.441839
1.97996e+06	0.461603
1.98006e+06	0.477455
1.98016e+06	0.488941
1.98026e+06	0.495724
1.98036e+06	0.497605
1.98046e+06	0.494527
1.98056e+06	0.486583
1.98066e+06	0.474008
1.98076e+06	0.457169
1.98086e+06	0.436548
1.98096e+06	0.412715
1.98106e+06	0.386308
1.98116e+06	0.358001
1.98126e+06	0.328473
1.98136e+06	0.298391
1.98146e+06	0.268373
1.98156e+06	0.238982
1.98166e+06	0.210699
1.98176e+06	0.183923
1.98186e+06	0.15896
1.98196e+06	0.136025
1.98206e+06	0.115247
1.98216e+06	0.0966781
1.98226e+06	0.0803
1.98236e+06	0.0660384
1.98246e+06	0.0537743
1.98256e+06	0.0433567
1.98266e+06	0.0346135
1.98276e+06	0.0273622
1.98286e+06	0.0214179
1.98296e+06	0.016601
1.98306e+06	0.0127418
1.98316e+06	0.00968445
1.98326e+06	0.00728922
1.98336e+06	0.00543325
1.98346e+06	0.00401075
1.98356e+06	0.0029322
1.98366e+06	0.00212316
1.98376e+06	0.00152269
1.98386e+06	0.00108169
1.98396e+06	0.000761165
1.98406e+06	0.000530599
1.98416e+06	0.000366433
1.98426e+06	0.000250725
1.98436e+06	0.000169984
1.98446e+06	0.0001142
1.98456e+06	7.60349e-05
1.98466e+06	5.01759e-05
1.98476e+06	3.28218e-05
1.98486e+06	2.12846e-05
1.98496e+06	1.36856e-05
1.98506e+06	8.72601e-06
1.98516e+06	5.51804e-06
1.98526e+06	3.46129e-06
1.98536e+06	2.15399e-06
1.98546e+06	1.33006e-06
1.98556e+06	8.15068e-07
1.98566e+06	4.9577e-07
1.98576e+06	2.99366e-07
1.98586e+06	1.79484e-07
1.98596e+06	1.0686e-07
1.98606e+06	6.31878e-08
1.98616e+06	3.71131e-08
1.98626e+06	2.16544e-08
1.98636e+06	1.25523e-08
1.98646e+06	7.22914e-09
