579058	2.89107e-08
579158	4.78482e-08
579258	7.84242e-08
579358	1.27296e-07
579458	2.04629e-07
579558	3.25764e-07
579658	5.13604e-07
579758	8.01949e-07
579858	1.24011e-06
579958	1.89919e-06
580058	2.88056e-06
580158	4.32701e-06
580258	6.43729e-06
580358	9.48473e-06
580458	1.38406e-05
580558	2.00031e-05
580658	2.86321e-05
580758	4.05904e-05
580858	5.69917e-05
580958	7.92536e-05
581058	0.000109156
581158	0.000148901
581258	0.000201174
581358	0.000269198
581458	0.000356778
581558	0.000468331
581658	0.000608886
581758	0.00078406
581858	0.000999983
581958	0.00126319
582058	0.00158043
582158	0.00195845
582258	0.00240372
582358	0.00292205
582458	0.00351823
582558	0.00419558
582658	0.00495556
582758	0.00579727
582858	0.00671716
582958	0.00770864
583058	0.00876191
583158	0.00986388
583258	0.0109982
583358	0.0121458
583458	0.0132847
583558	0.0143913
583658	0.0154408
583758	0.0164081
583858	0.0172689
583958	0.0180006
584058	0.0185833
584158	0.0190007
584258	0.0192409
584358	0.019297
584458	0.0191671
584558	0.0188551
584658	0.0183695
584758	0.0177242
584858	0.0169367
584958	0.0160282
585058	0.015022
585158	0.0139431
585258	0.0128167
585358	0.0116674
585458	0.0105184
585558	0.00939081
585658	0.0083029
585758	0.00726987
585858	0.00630365
585958	0.00541281
586058	0.00460274
586158	0.00387588
586258	0.00323207
586358	0.00266899
586458	0.00218255
586558	0.00176739
586658	0.00141725
586758	0.0011254
586858	0.000884927
586958	0.000689047
587058	0.000531284
587158	0.000405639
587258	0.00030668
587358	0.000229595
587458	0.000170203
587558	0.000124939
587658	9.08136e-05
587758	6.53622e-05
587858	4.65824e-05
587958	3.28727e-05
588058	2.29702e-05
588158	1.5893e-05
588258	1.08883e-05
588358	7.38628e-06
588458	4.96134e-06
588558	3.29974e-06
588658	2.17302e-06
588758	1.41694e-06
588858	9.14835e-07
588958	5.84835e-07
589058	3.70188e-07
589158	2.32011e-07
589258	1.43977e-07
589358	8.84646e-08
589458	5.38195e-08
589558	3.24192e-08
589658	1.93355e-08
589758	1.14182e-08
589858	6.67622e-09
589958	3.865e-09
590058	2.21541e-09
590158	1.25732e-09
590258	7.0651e-10
590358	3.93075e-10
590458	2.16529e-10
590558	1.18096e-10
590658	6.37731e-11
590758	3.40972e-11
590858	1.805e-11
590958	9.46053e-12
591058	4.90942e-12
591158	2.52244e-12
591258	1.28318e-12
591358	6.46293e-13
591458	3.22289e-13
591558	1.59124e-13
591658	7.77854e-14
591758	3.76472e-14
591858	1.80401e-14
591958	8.5589e-15
592058	4.02038e-15
592158	1.86976e-15
592258	8.60945e-16
592358	3.92494e-16
592458	1.77158e-16
592558	7.91691e-17
592658	3.50283e-17
592758	1.53444e-17
592858	6.655e-18
592958	2.85767e-18
593058	1.21491e-18
593158	5.11376e-19
593258	2.1311e-19
593358	8.79287e-20
593458	3.59189e-20
593558	1.45272e-20
593658	5.81705e-21
593758	2.30616e-21
593858	9.05189e-22
593958	3.51765e-22
594058	1.35341e-22
594158	5.15548e-23
594258	1.94434e-23
594358	7.26001e-24
594458	2.68389e-24
594558	9.82325e-25
594658	3.55965e-25
594758	1.27709e-25
594858	4.53624e-26
594958	1.59527e-26
595058	5.55433e-27
595158	1.91466e-27
595258	6.53448e-28
595358	2.20796e-28
595458	7.38641e-29
595558	2.44645e-29
595658	8.02229e-30
595758	2.60448e-30
595858	8.37152e-31
595958	2.66408e-31
596058	8.39363e-32
596158	2.61826e-32
596258	8.08602e-33
596358	2.47239e-33
596458	7.48442e-34
596558	2.24315e-34
596658	6.65608e-35
596758	1.95541e-35
596858	5.68743e-36
596958	1.63777e-36
597058	4.66928e-37
597158	1.31797e-37
597258	3.68315e-38
597358	1.01904e-38
597458	2.79141e-39
597558	7.5703e-40
597658	2.03265e-40
597758	5.40342e-41
597858	1.42211e-41
597958	3.7056e-42
598058	9.55962e-43
598158	2.44164e-43
598258	6.17419e-44
598358	1.54574e-44
598458	3.83135e-45
598558	9.4021e-46
598658	2.28432e-46
598758	5.49472e-47
598858	1.30856e-47
598958	3.0853e-48
599058	7.20213e-49
599158	1.66449e-49
599258	3.80856e-50
599358	8.62774e-51
599458	1.93505e-51
599558	4.29679e-52
599658	9.44612e-53
599758	2.05599e-53
599858	4.43044e-54
599958	9.45212e-55
600058	1.9965e-55
600158	4.17511e-56
600258	8.64418e-57
600358	1.77189e-57
600458	3.5959e-58
600558	7.22497e-59
600658	1.43722e-59
600758	2.83051e-60
600858	5.51907e-61
600958	1.06543e-61
601058	2.03629e-62
601158	3.85312e-63
601258	7.21844e-64
601358	1.33885e-64
601458	2.45854e-65
601558	4.46971e-66
601658	8.04525e-67
601758	1.43369e-67
601858	2.52948e-68
601958	4.41838e-69
602058	7.64105e-70
602158	1.30828e-70
602258	2.2177e-71
602358	3.7219e-72
602458	6.18419e-73
602558	1.01732e-73
602658	1.65688e-74
602758	2.67166e-75
602858	4.2651e-76
602958	6.74115e-77
603058	1.05486e-77
603158	1.63424e-78
603258	2.50664e-79
603358	3.80649e-80
603458	5.7229e-81
603558	8.51852e-82
603658	1.25536e-82
603758	1.8316e-83
603858	2.64576e-84
603958	3.7838e-85
604058	5.35749e-86
604158	7.51022e-87
604258	1.04232e-87
604358	1.43221e-88
604458	1.94836e-89
604558	2.62415e-90
604658	3.49917e-91
604758	4.61954e-92
604858	6.03796e-93
604958	7.81337e-94
605058	1.00102e-94
605158	1.26972e-95
605258	1.59451e-96
605358	1.98245e-97
605458	2.44026e-98
605558	2.97391e-99
605658	3.58819e-100
605758	4.28628e-101
605858	5.06924e-102
605958	5.93557e-103
606058	6.8808e-104
606158	7.89719e-105
606258	8.97353e-106
606358	1.00951e-106
606458	1.12439e-107
606558	1.23988e-108
606658	1.35362e-109
606758	1.4631e-110
606858	1.56569e-111
606958	1.65881e-112
607058	1.73998e-113
607158	1.80696e-114
607258	1.85785e-115
607358	1.89117e-116
607458	1.90592e-117
607558	1.90169e-118
607658	1.87858e-119
607758	1.83728e-120
607858	1.77902e-121
607958	1.70546e-122
608058	1.61867e-123
608158	1.52102e-124
608258	1.41504e-125
608358	1.30334e-126
608458	1.18851e-127
608558	1.07302e-128
608658	9.59109e-130
608758	8.48762e-131
608858	7.43637e-132
608958	6.45049e-133
609058	5.53964e-134
609158	4.71008e-135
609258	3.96489e-136
609358	3.30439e-137
609458	2.72652e-138
609558	2.22732e-139
609658	1.80142e-140
609758	1.44246e-141
609858	1.14353e-142
609958	8.97535e-144
610058	6.97447e-145
610158	5.36572e-146
610258	4.08697e-147
610358	3.082e-148
610458	2.30102e-149
610558	1.70085e-150
610658	1.24471e-151
610758	9.01835e-153
610858	6.46909e-154
610958	4.59427e-155
611058	3.23033e-156
611158	2.24872e-157
611258	1.54981e-158
611358	1.0575e-159
611458	7.14396e-161
611558	4.7781e-162
611658	3.16393e-163
611758	2.07423e-164
611858	1.34631e-165
611958	8.65143e-167
612058	5.50414e-168
612158	3.46695e-169
612258	2.16203e-170
612358	1.33486e-171
612458	8.1595e-173
612558	4.93799e-174
612658	2.95865e-175
612758	1.75507e-176
612858	1.03074e-177
612958	5.99329e-179
613058	3.45014e-180
613158	1.96637e-181
613258	1.10956e-182
613358	6.19861e-184
613458	3.42842e-185
613558	1.87737e-186
613658	1.01781e-187
613758	5.46306e-189
613858	2.90311e-190
613958	1.52739e-191
614058	7.95593e-193
614158	4.10289e-194
614258	2.09482e-195
614358	1.05891e-196
614458	5.29944e-198
614558	2.62578e-199
614658	1.28808e-200
614758	6.25581e-202
614858	3.00803e-203
614958	1.43209e-204
615058	6.96846e-206
615158	4.98461e-206
615258	9.84654e-205
615358	2.05499e-203
615458	4.24675e-202
615558	8.68882e-201
615658	1.76004e-199
615758	3.52972e-198
615858	7.00835e-197
615958	1.37768e-195
616058	2.68125e-194
616158	5.16635e-193
616258	9.85571e-192
616358	1.86144e-190
616458	3.4807e-189
616558	6.44378e-188
616658	1.18106e-186
616758	2.14319e-185
616858	3.85041e-184
616958	6.84873e-183
617058	1.20606e-181
617158	2.10275e-180
617258	3.62962e-179
617358	6.20287e-178
617458	1.0495e-176
617558	1.75803e-175
617658	2.9156e-174
617758	4.78727e-173
617858	7.78224e-172
617958	1.2525e-170
618058	1.99576e-169
618158	3.14844e-168
618258	4.91746e-167
618358	7.60401e-166
618458	1.16413e-164
618558	1.76448e-163
618658	2.64783e-162
618758	3.93387e-161
618858	5.78638e-160
618958	8.42657e-159
619058	1.21493e-157
619158	1.73424e-156
619258	2.4509e-155
619358	3.42924e-154
619458	4.75037e-153
619558	6.51499e-152
619658	8.8462e-151
619758	1.18921e-149
619858	1.58276e-148
619958	2.08559e-147
620058	2.72083e-146
620158	3.51423e-145
620258	4.49382e-144
620358	5.6893e-143
620458	7.13113e-142
620558	8.84943e-141
620658	1.08725e-139
620758	1.32251e-138
620858	1.59268e-137
620958	1.89895e-136
621058	2.24159e-135
621158	2.61972e-134
621258	3.03118e-133
621358	3.47236e-132
621458	3.93818e-131
621558	4.42204e-130
621658	4.91595e-129
621758	5.41064e-128
621858	5.89587e-127
621958	6.36068e-126
622058	6.79385e-125
622158	7.18432e-124
622258	7.52164e-123
622358	7.79645e-122
622458	8.00088e-121
622558	8.12898e-120
622658	8.17694e-119
622758	8.14335e-118
622858	8.0292e-117
622958	7.83788e-116
623058	7.57499e-115
623158	7.24807e-114
623258	6.86625e-113
623358	6.43983e-112
623458	5.97979e-111
623558	5.49736e-110
623658	5.00357e-109
623758	4.50882e-108
623858	4.02256e-107
623958	3.55303e-106
624058	3.10708e-105
624158	2.69007e-104
624258	2.30585e-103
624358	1.95685e-102
624458	1.64414e-101
624558	1.36766e-100
624658	1.12635e-99
624758	9.18391e-99
624858	7.41375e-98
624958	5.92523e-97
625058	4.68846e-96
625158	3.67292e-95
625258	2.84872e-94
625358	2.18749e-93
625458	1.66302e-92
625558	1.25172e-91
625658	9.3277e-91
625758	6.88174e-90
625858	5.02666e-89
625958	3.63511e-88
626058	2.60263e-87
626158	1.84486e-86
626258	1.29471e-85
626358	8.99579e-85
626458	6.18817e-84
626558	4.21447e-83
626658	2.84171e-82
626758	1.89703e-81
626858	1.25379e-80
626958	8.20416e-80
627058	5.31496e-79
627158	3.40896e-78
627258	2.16472e-77
627358	1.36094e-76
627458	8.47096e-76
627558	5.22015e-75
627658	3.18487e-74
627758	1.92378e-73
627858	1.15048e-72
627958	6.81173e-72
628058	3.99294e-71
628158	2.31732e-70
628258	1.33149e-69
628358	7.57432e-69
628458	4.26587e-68
628558	2.37864e-67
628658	1.31313e-66
628758	7.17701e-66
628858	3.88361e-65
628958	2.08058e-64
629058	1.10355e-63
629158	5.79503e-63
629258	3.01284e-62
629358	1.55079e-61
629458	7.90295e-61
629558	3.98732e-60
629658	1.99173e-59
629758	9.84999e-59
629858	4.8228e-58
629958	2.33786e-57
630058	1.12201e-56
630158	5.33127e-56
630258	2.50797e-55
630358	1.16807e-54
630458	5.38612e-54
630558	2.45888e-53
630658	1.11137e-52
630758	4.97318e-52
630858	2.20327e-51
630958	9.66404e-51
631058	4.19668e-50
631158	1.80431e-49
631258	7.68021e-49
631358	3.23662e-48
631458	1.35042e-47
631558	5.57829e-47
631658	2.28134e-46
631758	9.23715e-46
631858	3.7029e-45
631958	1.46961e-44
632058	5.7746e-44
632158	2.24645e-43
632258	8.65226e-43
632358	3.29928e-42
632458	1.24556e-41
632558	4.65553e-41
632658	1.72278e-40
632758	6.31171e-40
632858	2.2894e-39
632958	8.22155e-39
633058	2.92309e-38
633158	1.02894e-37
633258	3.58584e-37
633358	1.23723e-36
633458	4.22638e-36
633558	1.42936e-35
633658	4.78601e-35
633758	1.58658e-34
633858	5.20724e-34
633958	1.69204e-33
634058	5.44338e-33
634158	1.73375e-32
634258	5.46712e-32
634358	1.70683e-31
634458	5.27566e-31
634558	1.61444e-30
634658	4.89129e-30
634758	1.46718e-29
634858	4.35711e-29
634958	1.28106e-28
635058	3.72907e-28
635158	1.0747e-27
635258	3.06642e-27
635358	8.6623e-27
635458	2.42265e-26
635558	6.70821e-26
635658	1.83899e-25
635758	4.99123e-25
635858	1.3412e-24
635958	3.56811e-24
636058	9.39806e-24
636158	2.45073e-23
636258	6.32718e-23
636358	1.61727e-22
636458	4.09271e-22
636558	1.02541e-21
636658	2.54355e-21
636758	6.24654e-21
636858	1.51878e-20
636958	3.65603e-20
637058	8.71327e-20
637158	2.05594e-19
637258	4.8028e-19
637358	1.1108e-18
637458	2.54353e-18
637558	5.76624e-18
637658	1.29421e-17
637758	2.87592e-17
637858	6.32708e-17
637958	1.37812e-16
638058	2.97187e-16
638158	6.34495e-16
638258	1.34117e-15
638358	2.80671e-15
638458	5.81523e-15
638558	1.19287e-14
638658	2.42258e-14
638758	4.871e-14
638858	9.69653e-14
638958	1.91105e-13
639058	3.72893e-13
639158	7.20366e-13
639258	1.37778e-12
639358	2.60893e-12
639458	4.89106e-12
639558	9.07821e-12
639658	1.66823e-11
639758	3.03505e-11
639858	5.46682e-11
639958	9.74901e-11
640058	1.72125e-10
640158	3.00873e-10
640258	5.20691e-10
640358	8.92142e-10
640458	1.51337e-09
640558	2.54163e-09
640658	4.22608e-09
640758	6.95697e-09
640858	1.13386e-08
640958	1.8296e-08
641058	2.92287e-08
641158	4.62296e-08
641258	7.23916e-08
641358	1.12231e-07
641458	1.72264e-07
641558	2.61779e-07
641658	3.93851e-07
641758	5.86661e-07
641858	8.65166e-07
641958	1.26319e-06
642058	1.82599e-06
642158	2.61327e-06
642258	3.7028e-06
642358	5.19441e-06
642458	7.21444e-06
642558	9.92042e-06
642658	1.35058e-05
642758	1.82044e-05
642858	2.4294e-05
642958	3.2099e-05
643058	4.19914e-05
643158	5.43888e-05
643258	6.97505e-05
643358	8.85693e-05
643458	0.00011136
643558	0.000138646
643658	0.000170936
643758	0.000208711
643858	0.000252392
643958	0.000302329
644058	0.000358778
644158	0.000421892
644258	0.000491727
644358	0.000568255
644458	0.000651408
644558	0.000741146
644658	0.00083755
644758	0.00094096
644858	0.00105215
644958	0.00117252
645058	0.00130436
645158	0.00145114
645258	0.00161779
645358	0.001811
645458	0.00203956
645558	0.00231465
645658	0.00264999
645758	0.00306206
645858	0.00357007
645958	0.00419581
646058	0.0049634
646158	0.00589866
646258	0.0070284
646358	0.00837939
646458	0.00997709
646558	0.0118442
646658	0.0139989
646758	0.0164534
646858	0.0192119
646958	0.022269
647058	0.0256083
647158	0.0292015
647258	0.0330075
647358	0.0369724
647458	0.0410304
647558	0.0451051
647658	0.049111
647758	0.0529572
647858	0.0565497
647958	0.0597959
648058	0.062608
648158	0.0649069
648258	0.066626
648358	0.0677144
648458	0.0681392
648558	0.0678871
648658	0.0669653
648758	0.0654007
648858	0.0632391
648958	0.0605427
649058	0.0573873
649158	0.0538588
649258	0.0500495
649358	0.0460541
649458	0.0419665
649558	0.0378765
649658	0.0338667
649758	0.0300111
649858	0.0263733
649958	0.0230064
650058	0.0199532
650158	0.0172465
650258	0.0149109
650358	0.0129642
650458	0.0114192
650558	0.0102854
650658	0.00957103
650758	0.00928397
650858	0.00943301
650958	0.0100283
651058	0.0110811
651158	0.0126036
651258	0.0146072
651358	0.0171012
651458	0.0200907
651558	0.0235737
651658	0.0275396
651758	0.0319658
651858	0.036816
651958	0.0420387
652058	0.0475658
652158	0.0533128
652258	0.0591794
652358	0.0650514
652458	0.0708036
652558	0.0763038
652658	0.081417
652758	0.0860112
652858	0.0899621
652958	0.0931594
653058	0.0955111
653158	0.0969483
653258	0.0974283
653358	0.0969366
653458	0.0954878
653558	0.0931249
653658	0.089917
653758	0.0859559
653858	0.081352
653958	0.076229
654058	0.0707186
654158	0.0649547
654258	0.0590686
654358	0.0531837
654458	0.0474121
654558	0.0418514
654658	0.0365827
654758	0.0316697
654858	0.027159
654958	0.0230805
655058	0.0194493
655158	0.0162679
655258	0.0135284
655358	0.011215
655458	0.00930699
655558	0.00778075
655658	0.00661204
655758	0.00577777
655858	0.00525731
655958	0.00503344
656058	0.00509279
656158	0.00542587
656258	0.0060267
656358	0.00689206
656458	0.00802047
656558	0.00941087
656658	0.0110612
656758	0.0129669
656858	0.0151194
656958	0.0175046
657058	0.0201023
657158	0.0228845
657258	0.0258158
657358	0.0288531
657458	0.0319466
657558	0.0350405
657658	0.0380752
657758	0.0409894
657858	0.0437226
657958	0.0462183
658058	0.0484266
658158	0.050307
658258	0.0518313
658358	0.0529852
658458	0.0537698
658558	0.0542024
658658	0.0543157
658758	0.0541567
658858	0.0537847
658958	0.0532683
659058	0.0526815
659158	0.0521001
659258	0.0515971
659358	0.0512386
659458	0.0510798
659558	0.0511619
659658	0.0515089
659758	0.0521269
659858	0.0530027
659958	0.0541047
660058	0.0553847
660158	0.0567807
660258	0.0582203
660358	0.0596249
660458	0.0609152
660558	0.0620152
660658	0.0628578
660758	0.0633887
660858	0.0635702
660958	0.0633843
661058	0.0628344
661158	0.0619456
661258	0.0607646
661358	0.0593579
661458	0.0578088
661558	0.0562137
661658	0.0546779
661758	0.0533105
661858	0.0522191
661958	0.0515041
662058	0.0512542
662158	0.0515413
662258	0.0524166
662358	0.0539068
662458	0.0560126
662558	0.0587071
662658	0.0619355
662758	0.065617
662858	0.0696469
662958	0.0739001
663058	0.0782362
663158	0.0825047
663258	0.086551
663358	0.0902234
663458	0.0933793
663558	0.0958912
663658	0.0976526
663758	0.0985823
663858	0.0986281
663958	0.0977686
664058	0.0960135
664158	0.0934034
664258	0.0900068
664358	0.0859168
664458	0.0812469
664558	0.0761257
664658	0.0706915
664758	0.0650871
664858	0.0594548
664958	0.0539317
665058	0.0486464
665158	0.0437158
665258	0.0392438
665358	0.0353195
665458	0.0320177
665558	0.0293985
665658	0.0275086
665758	0.0263814
665858	0.0260387
665958	0.0264906
666058	0.0277363
666158	0.029764
666258	0.0325503
666358	0.03606
666458	0.040245
666558	0.0450433
666658	0.0503785
666758	0.0561593
666858	0.0622797
666958	0.0686198
667058	0.0750474
667158	0.0814206
667258	0.0875913
667358	0.0934089
667458	0.0987254
667558	0.103401
667658	0.107307
667758	0.110334
667858	0.112395
667958	0.113429
668058	0.113404
668158	0.112316
668258	0.110194
668358	0.107094
668458	0.1031
668558	0.0983164
668658	0.0928672
668758	0.086888
668858	0.0805213
668958	0.073911
669058	0.0671967
669158	0.0605092
669258	0.0539664
669358	0.0476704
669458	0.0417055
669558	0.0361371
669658	0.0310117
669758	0.0263579
669858	0.0221876
669958	0.0184982
670058	0.0152749
670158	0.0124932
670258	0.0101215
670358	0.00812322
670458	0.00645939
670558	0.00509009
670658	0.00397615
670758	0.00308033
670858	0.00236813
670958	0.00180835
671058	0.00137333
671158	0.00103907
671258	0.000785079
671358	0.000594168
671458	0.000452161
671558	0.000347542
671658	0.000271102
671758	0.000215592
671858	0.000175391
671958	0.000146219
672058	0.000124872
672158	0.000109011
672258	9.69738e-05
672358	8.76366e-05
672458	8.02995e-05
672558	7.46071e-05
672658	7.04965e-05
672758	6.81714e-05
672858	6.81016e-05
672958	7.1048e-05
673058	7.81117e-05
673158	9.08099e-05
673258	0.000111178
673358	0.000141896
673458	0.000186449
673558	0.0002493
673658	0.00033609
673758	0.000453855
673858	0.000611231
673958	0.00081866
674058	0.00108856
674158	0.00143542
674258	0.00187587
674358	0.00242856
674458	0.00311395
674558	0.00395393
674658	0.00497121
674758	0.00618853
674858	0.00762768
674958	0.00930825
675058	0.0112463
675158	0.0134528
675258	0.0159323
675358	0.0186812
675458	0.0216865
675558	0.0249249
675658	0.028362
675758	0.0319521
675858	0.0356386
675958	0.039355
676058	0.0430267
676158	0.0465732
676258	0.0499106
676358	0.0529552
676458	0.0556268
676558	0.057852
676658	0.0595679
676758	0.0607247
676858	0.0612884
676958	0.0612422
677058	0.0605875
677158	0.0593438
677258	0.0575477
677358	0.055251
677458	0.0525186
677558	0.049425
677658	0.0460511
677758	0.042481
677858	0.038798
677958	0.0350822
678058	0.0314068
678158	0.027837
678258	0.0244277
678358	0.0212229
678458	0.0182553
678558	0.0155466
678658	0.0131082
678758	0.0109425
678858	0.00904377
678958	0.00740025
679058	0.00599524
679158	0.00480873
679258	0.00381872
679358	0.0030024
679458	0.00233714
679558	0.00180122
679658	0.00137439
679758	0.0010383
679858	0.000776602
679958	0.000575097
680058	0.000421648
680158	0.000306073
680258	0.000219972
680358	0.000156523
680458	0.00011027
680558	7.69136e-05
680658	5.31152e-05
680758	3.63165e-05
680858	2.45843e-05
680958	1.64772e-05
681058	1.0934e-05
681158	7.18368e-06
681258	4.6729e-06
681358	3.00953e-06
681458	1.91904e-06
681558	1.21156e-06
681658	7.57319e-07
681758	4.68693e-07
681858	2.87193e-07
681958	1.74236e-07
682058	1.04659e-07
682158	6.22437e-08
682258	3.66516e-08
