1.56724e+06	1.78253e-07
1.56734e+06	2.92573e-07
1.56744e+06	4.75461e-07
1.56754e+06	7.65038e-07
1.56764e+06	1.21882e-06
1.56774e+06	1.92262e-06
1.56784e+06	3.00291e-06
1.56794e+06	4.64404e-06
1.56804e+06	7.11144e-06
1.56814e+06	1.07829e-05
1.56824e+06	1.61894e-05
1.56834e+06	2.4069e-05
1.56844e+06	3.54341e-05
1.56854e+06	5.16572e-05
1.56864e+06	7.45757e-05
1.56874e+06	0.000106618
1.56884e+06	0.000150955
1.56894e+06	0.000211669
1.56904e+06	0.000293952
1.56914e+06	0.000404319
1.56924e+06	0.00055083
1.56934e+06	0.000743323
1.56944e+06	0.000993638
1.56954e+06	0.00131581
1.56964e+06	0.00172624
1.56974e+06	0.00224379
1.56984e+06	0.0028898
1.56994e+06	0.00368803
1.57004e+06	0.00466443
1.57014e+06	0.00584687
1.57024e+06	0.00726461
1.57034e+06	0.00894772
1.57044e+06	0.0109263
1.57054e+06	0.0132296
1.57064e+06	0.015885
1.57074e+06	0.0189171
1.57084e+06	0.0223462
1.57094e+06	0.0261877
1.57104e+06	0.0304504
1.57114e+06	0.0351359
1.57124e+06	0.0402375
1.57134e+06	0.0457391
1.57144e+06	0.0516151
1.57154e+06	0.057829
1.57164e+06	0.0643337
1.57174e+06	0.0710714
1.57184e+06	0.0779731
1.57194e+06	0.0849596
1.57204e+06	0.0919418
1.57214e+06	0.0988219
1.57224e+06	0.105495
1.57234e+06	0.11185
1.57244e+06	0.117774
1.57254e+06	0.123152
1.57264e+06	0.127874
1.57274e+06	0.131834
1.57284e+06	0.134937
1.57294e+06	0.137102
1.57304e+06	0.138264
1.57314e+06	0.138378
1.57324e+06	0.137424
1.57334e+06	0.135405
1.57344e+06	0.132349
1.57354e+06	0.128311
1.57364e+06	0.12337
1.57374e+06	0.117624
1.57384e+06	0.111191
1.57394e+06	0.104204
1.57404e+06	0.0968023
1.57414e+06	0.0891317
1.57424e+06	0.0813355
1.57434e+06	0.073551
1.57444e+06	0.0659055
1.57454e+06	0.0585119
1.57464e+06	0.0514667
1.57474e+06	0.0448475
1.57484e+06	0.0387126
1.57494e+06	0.0331015
1.57504e+06	0.0280349
1.57514e+06	0.0235173
1.57524e+06	0.0195388
1.57534e+06	0.0160771
1.57544e+06	0.0131011
1.57554e+06	0.0105726
1.57564e+06	0.0084493
1.57574e+06	0.00668667
1.57584e+06	0.00524012
1.57594e+06	0.00406636
1.57604e+06	0.00312461
1.57614e+06	0.00237741
1.57624e+06	0.00179111
1.57634e+06	0.00133613
1.57644e+06	0.000986906
1.57654e+06	0.00072177
1.57664e+06	0.000522653
1.57674e+06	0.000374729
1.57684e+06	0.000266015
1.57694e+06	0.000186972
1.57704e+06	0.000130115
1.57714e+06	8.96509e-05
1.57724e+06	6.11585e-05
1.57734e+06	4.13078e-05
1.57744e+06	2.76236e-05
1.57754e+06	1.82893e-05
1.57764e+06	1.1989e-05
1.57774e+06	7.78098e-06
1.57784e+06	4.9998e-06
1.57794e+06	3.1808e-06
1.57804e+06	2.00348e-06
1.57814e+06	1.24939e-06
1.57824e+06	7.71386e-07
1.57834e+06	4.7153e-07
1.57844e+06	2.8537e-07
1.57854e+06	1.70989e-07
1.57864e+06	1.01435e-07
1.57874e+06	5.95757e-08
1.57884e+06	3.46426e-08
1.57894e+06	1.9944e-08
1.57904e+06	1.13677e-08
1.57914e+06	6.41492e-09
1.57924e+06	3.58401e-09
1.57934e+06	1.98247e-09
1.57944e+06	1.08568e-09
1.57954e+06	5.88649e-10
1.57964e+06	3.15986e-10
1.57974e+06	1.67934e-10
1.57984e+06	8.83624e-11
1.57994e+06	4.60313e-11
1.58004e+06	2.37409e-11
1.58014e+06	1.21227e-11
1.58024e+06	6.12857e-12
1.58034e+06	3.06744e-12
1.58044e+06	1.52003e-12
1.58054e+06	7.45733e-13
1.58064e+06	3.62221e-13
1.58074e+06	1.74189e-13
1.58084e+06	8.29325e-14
1.58094e+06	3.90919e-14
1.58104e+06	1.82434e-14
1.58114e+06	8.42911e-15
1.58124e+06	3.85581e-15
1.58134e+06	1.74625e-15
1.58144e+06	7.82986e-16
1.58154e+06	3.47584e-16
1.58164e+06	1.52764e-16
1.58174e+06	6.64724e-17
1.58184e+06	2.86364e-17
1.58194e+06	1.22138e-17
1.58204e+06	5.15755e-18
1.58214e+06	2.15621e-18
1.58224e+06	8.92476e-19
1.58234e+06	3.65729e-19
1.58244e+06	1.48381e-19
1.58254e+06	5.96012e-20
1.58264e+06	2.37022e-20
1.58274e+06	9.3321e-21
1.58284e+06	3.6377e-21
1.58294e+06	1.40389e-21
1.58304e+06	5.36407e-22
1.58314e+06	2.02915e-22
1.58324e+06	7.59958e-23
1.58334e+06	2.81788e-23
1.58344e+06	1.03446e-23
1.58354e+06	3.75976e-24
1.58364e+06	1.3529e-24
1.58374e+06	4.81977e-25
1.58384e+06	1.69998e-25
1.58394e+06	5.93637e-26
1.58404e+06	2.05236e-26
1.58414e+06	7.02495e-27
1.58424e+06	2.38062e-27
1.58434e+06	7.98719e-28
1.58444e+06	2.65311e-28
1.58454e+06	8.72515e-29
1.58464e+06	2.84085e-29
1.58474e+06	9.15757e-30
1.58484e+06	2.9226e-30
1.58494e+06	9.23455e-31
1.58504e+06	2.88881e-31
1.58514e+06	8.94704e-32
1.58524e+06	2.74345e-32
1.58534e+06	8.32858e-33
1.58544e+06	2.50324e-33
1.58554e+06	7.44889e-34
1.58564e+06	2.19451e-34
1.58574e+06	6.40088e-35
1.58584e+06	1.84842e-35
1.58594e+06	5.28465e-36
1.58604e+06	1.49586e-36
1.58614e+06	4.192e-37
1.58624e+06	1.16308e-37
1.58634e+06	3.19488e-38
1.58644e+06	8.68873e-39
1.58654e+06	2.33946e-39
1.58664e+06	6.23637e-40
1.58674e+06	1.64591e-40
1.58684e+06	4.30066e-41
1.58694e+06	1.11256e-41
1.58704e+06	2.84949e-42
1.58714e+06	7.22551e-43
1.58724e+06	1.81396e-43
1.58734e+06	4.50861e-44
1.58744e+06	1.10947e-44
1.58754e+06	2.70299e-45
1.58764e+06	6.51976e-46
1.58774e+06	1.55695e-46
1.58784e+06	3.68109e-47
1.58794e+06	8.61657e-48
1.58804e+06	1.99687e-48
1.58814e+06	4.58165e-49
1.58824e+06	1.04076e-49
1.58834e+06	2.34065e-50
1.58844e+06	5.21171e-51
1.58854e+06	1.1489e-51
1.58864e+06	2.50748e-52
1.58874e+06	5.41816e-53
1.58884e+06	1.15911e-53
1.58894e+06	2.455e-54
1.58904e+06	5.14799e-55
1.58914e+06	1.06876e-55
1.58924e+06	2.19675e-56
1.58934e+06	4.4703e-57
1.58944e+06	9.00638e-58
1.58954e+06	1.79647e-58
1.58964e+06	3.54772e-59
1.58974e+06	6.9364e-60
1.58984e+06	1.34269e-60
1.58994e+06	2.57321e-61
1.59004e+06	4.88237e-62
1.59014e+06	9.17158e-63
1.59024e+06	1.70575e-63
1.59034e+06	3.14081e-64
1.59044e+06	5.72567e-65
1.59054e+06	1.0334e-65
1.59064e+06	1.84657e-66
1.59074e+06	3.26679e-67
1.59084e+06	5.72182e-68
1.59094e+06	9.9221e-69
1.59104e+06	1.70345e-69
1.59114e+06	2.89544e-70
1.59124e+06	4.87253e-71
1.59134e+06	8.11806e-72
1.59144e+06	1.33908e-72
1.59154e+06	2.18685e-73
1.59164e+06	3.5358e-74
1.59174e+06	5.65997e-75
1.59184e+06	8.9701e-76
1.59194e+06	1.40746e-76
1.59204e+06	2.18643e-77
1.59214e+06	3.36271e-78
1.59224e+06	5.12036e-79
1.59234e+06	7.71913e-80
1.59244e+06	1.15211e-80
1.59254e+06	1.70246e-81
1.59264e+06	2.49067e-82
1.59274e+06	3.60755e-83
1.59284e+06	5.17328e-84
1.59294e+06	7.34475e-85
1.59304e+06	1.03239e-85
1.59314e+06	1.43671e-86
1.59324e+06	1.97948e-87
1.59334e+06	2.70017e-88
1.59344e+06	3.64658e-89
1.59354e+06	4.87573e-90
1.59364e+06	6.4543e-91
1.59374e+06	8.45895e-92
1.59384e+06	1.09759e-92
1.59394e+06	1.41001e-93
1.59404e+06	1.79333e-94
1.59414e+06	2.25817e-95
1.59424e+06	2.81519e-96
1.59434e+06	3.4747e-97
1.59444e+06	4.24604e-98
1.59454e+06	5.13698e-99
1.59464e+06	6.15302e-100
1.59474e+06	7.29669e-101
1.59484e+06	8.56684e-102
1.59494e+06	9.95801e-103
1.59504e+06	1.14599e-103
1.59514e+06	1.30571e-104
1.59524e+06	1.47289e-105
1.59534e+06	1.64494e-106
1.59544e+06	1.81881e-107
1.59554e+06	1.99105e-108
1.59564e+06	2.15791e-109
1.59574e+06	2.31548e-110
1.59584e+06	2.45984e-111
1.59594e+06	2.58719e-112
1.59604e+06	2.69406e-113
1.59614e+06	2.77744e-114
1.59624e+06	2.8349e-115
1.59634e+06	2.86476e-116
1.59644e+06	2.86613e-117
1.59654e+06	2.83897e-118
1.59664e+06	2.78409e-119
1.59674e+06	2.7031e-120
1.59684e+06	2.59835e-121
1.59694e+06	2.47281e-122
1.59704e+06	2.32992e-123
1.59714e+06	2.17344e-124
1.59724e+06	2.0073e-125
1.59734e+06	1.83541e-126
1.59744e+06	1.66154e-127
1.59754e+06	1.48918e-128
1.59764e+06	1.32141e-129
1.59774e+06	1.16088e-130
1.59784e+06	1.0097e-131
1.59794e+06	8.69475e-133
1.59804e+06	7.41272e-134
1.59814e+06	6.25685e-135
1.59824e+06	5.22866e-136
1.59834e+06	4.32595e-137
1.59844e+06	3.54348e-138
1.59854e+06	2.87367e-139
1.59864e+06	2.30727e-140
1.59874e+06	1.83408e-141
1.59884e+06	1.44343e-142
1.59894e+06	1.12468e-143
1.59904e+06	8.67603e-145
1.59914e+06	6.62627e-146
1.59924e+06	5.01042e-147
1.59934e+06	3.75091e-148
1.59944e+06	2.78007e-149
1.59954e+06	2.04001e-150
1.59964e+06	1.48206e-151
1.59974e+06	1.066e-152
1.59984e+06	7.59108e-154
1.59994e+06	5.3519e-155
1.60004e+06	3.73568e-156
1.60014e+06	2.5816e-157
1.60024e+06	1.7663e-158
1.60034e+06	1.19646e-159
1.60044e+06	8.02392e-161
1.60054e+06	5.32762e-162
1.60064e+06	3.50217e-163
1.60074e+06	2.27928e-164
1.60084e+06	1.46864e-165
1.60094e+06	9.36897e-167
1.60104e+06	5.9173e-168
1.60114e+06	3.7001e-169
1.60124e+06	2.29065e-170
1.60134e+06	1.40399e-171
1.60144e+06	8.51968e-173
1.60154e+06	5.11847e-174
1.60164e+06	3.04449e-175
1.60174e+06	1.79286e-176
1.60184e+06	1.04529e-177
1.60194e+06	6.03366e-179
1.60204e+06	3.44813e-180
1.60214e+06	1.95094e-181
1.60224e+06	1.09285e-182
1.60234e+06	6.06086e-184
1.60244e+06	3.32786e-185
1.60254e+06	1.80906e-186
1.60264e+06	9.73639e-188
1.60274e+06	5.188e-189
1.60284e+06	2.7369e-190
1.60294e+06	1.42947e-191
1.60304e+06	7.39178e-193
1.60314e+06	3.78424e-194
1.60324e+06	1.91808e-195
1.60334e+06	9.62523e-197
1.60344e+06	4.78203e-198
1.60354e+06	2.35218e-199
1.60364e+06	1.14548e-200
1.60374e+06	5.5228e-202
1.60384e+06	2.63626e-203
1.60394e+06	1.24588e-204
1.60404e+06	5.82934e-206
1.60414e+06	2.70035e-207
1.60424e+06	1.23845e-208
1.60434e+06	5.62333e-210
1.60444e+06	2.52793e-211
1.60454e+06	1.12511e-212
1.60464e+06	4.95771e-214
1.60474e+06	2.16284e-215
1.60484e+06	9.34166e-217
1.60494e+06	3.99468e-218
1.60504e+06	1.6912e-219
1.60514e+06	7.08871e-221
1.60524e+06	2.94168e-222
1.60534e+06	1.2086e-223
1.60544e+06	4.91614e-225
1.60554e+06	1.97981e-226
1.60564e+06	7.8937e-228
1.60574e+06	3.11598e-229
1.60584e+06	1.21777e-230
1.60594e+06	4.71186e-232
1.60604e+06	1.805e-233
1.60614e+06	6.84573e-235
1.60624e+06	2.57051e-236
1.60634e+06	9.55597e-238
1.60644e+06	3.51713e-239
1.60654e+06	1.28162e-240
1.60664e+06	4.62366e-242
1.60674e+06	1.65147e-243
1.60684e+06	5.83998e-245
1.60694e+06	2.04461e-246
1.60704e+06	7.08704e-248
1.60714e+06	2.43208e-249
1.60724e+06	8.26318e-251
1.60734e+06	2.77955e-252
1.60744e+06	9.25673e-254
1.60754e+06	3.0521e-255
1.60764e+06	9.96314e-257
1.60774e+06	3.21996e-258
1.60784e+06	1.0303e-259
1.60794e+06	3.26386e-261
1.60804e+06	1.02367e-262
1.60814e+06	3.17864e-264
1.60824e+06	9.77195e-266
1.60834e+06	2.97426e-267
1.60844e+06	8.96257e-269
1.60854e+06	2.67389e-270
1.60864e+06	7.89791e-272
1.60874e+06	2.3096e-273
1.60884e+06	6.68683e-275
1.60894e+06	1.91672e-276
1.60904e+06	5.43947e-278
1.60914e+06	1.5283e-279
1.60924e+06	4.25129e-281
1.60934e+06	1.17082e-282
1.60944e+06	3.19237e-284
1.60954e+06	8.61777e-286
1.60964e+06	2.30321e-287
1.60974e+06	6.09438e-289
1.60984e+06	1.59655e-290
1.60994e+06	4.14088e-292
1.61004e+06	1.06331e-293
1.61014e+06	2.70324e-295
1.61024e+06	6.80402e-297
1.61034e+06	1.69552e-298
1.61044e+06	4.18311e-300
1.61054e+06	1.02177e-301
1.61064e+06	2.47093e-303
1.61074e+06	5.91599e-305
1.61084e+06	1.40233e-306
1.61094e+06	3.29103e-308
1.61104e+06	7.64662e-310
1.61114e+06	1.75899e-311
1.61124e+06	4.00605e-313
1.61134e+06	9.03285e-315
1.61144e+06	2.01647e-316
1.61154e+06	4.4567e-318
1.61164e+06	9.75187e-320
1.61174e+06	2.1146e-321
1.61184e+06	4.44659e-323
1.61194e+06	0
1.61204e+06	0
1.61214e+06	0
1.61224e+06	0
1.61234e+06	0
1.61244e+06	0
1.61254e+06	0
1.61264e+06	0
1.61274e+06	0
1.61284e+06	0
1.61294e+06	0
1.61304e+06	0
1.61314e+06	0
1.61324e+06	0
1.61334e+06	0
1.61344e+06	0
1.61354e+06	0
1.61364e+06	0
1.61374e+06	0
1.61384e+06	0
1.61394e+06	0
1.61404e+06	0
1.61414e+06	0
1.61424e+06	0
1.61434e+06	0
1.61444e+06	0
1.61454e+06	0
1.61464e+06	0
1.61474e+06	0
1.61484e+06	0
1.61494e+06	0
1.61504e+06	0
1.61514e+06	0
1.61524e+06	0
1.61534e+06	0
1.61544e+06	0
1.61554e+06	0
1.61564e+06	0
1.61574e+06	0
1.61584e+06	0
1.61594e+06	0
1.61604e+06	0
1.61614e+06	0
1.61624e+06	0
1.61634e+06	0
1.61644e+06	0
1.61654e+06	0
1.61664e+06	0
1.61674e+06	0
1.61684e+06	0
1.61694e+06	0
1.61704e+06	0
1.61714e+06	0
1.61724e+06	0
1.61734e+06	0
1.61744e+06	0
1.61754e+06	0
1.61764e+06	0
1.61774e+06	0
1.61784e+06	0
1.61794e+06	0
1.61804e+06	0
1.61814e+06	0
1.61824e+06	0
1.61834e+06	0
1.61844e+06	0
1.61854e+06	0
1.61864e+06	0
1.61874e+06	0
1.61884e+06	0
1.61894e+06	0
1.61904e+06	0
1.61914e+06	0
1.61924e+06	0
1.61934e+06	0
1.61944e+06	0
1.61954e+06	0
1.61964e+06	0
1.61974e+06	0
1.61984e+06	0
1.61994e+06	0
1.62004e+06	0
1.62014e+06	0
1.62024e+06	0
1.62034e+06	0
1.62044e+06	0
1.62054e+06	0
1.62064e+06	0
1.62074e+06	0
1.62084e+06	0
1.62094e+06	0
1.62104e+06	0
1.62114e+06	0
1.62124e+06	0
1.62134e+06	0
1.62144e+06	0
1.62154e+06	0
1.62164e+06	0
1.62174e+06	0
1.62184e+06	0
1.62194e+06	0
1.62204e+06	0
1.62214e+06	0
1.62224e+06	0
1.62234e+06	0
1.62244e+06	0
1.62254e+06	0
1.62264e+06	0
1.62274e+06	0
1.62284e+06	0
1.62294e+06	0
1.62304e+06	0
1.62314e+06	0
1.62324e+06	0
1.62334e+06	0
1.62344e+06	0
1.62354e+06	0
1.62364e+06	0
1.62374e+06	0
1.62384e+06	0
1.62394e+06	0
1.62404e+06	0
1.62414e+06	0
1.62424e+06	0
1.62434e+06	0
1.62444e+06	0
1.62454e+06	0
1.62464e+06	0
1.62474e+06	0
1.62484e+06	0
1.62494e+06	0
1.62504e+06	0
1.62514e+06	0
1.62524e+06	0
1.62534e+06	0
1.62544e+06	0
1.62554e+06	0
1.62564e+06	0
1.62574e+06	0
1.62584e+06	0
1.62594e+06	0
1.62604e+06	0
1.62614e+06	0
1.62624e+06	0
1.62634e+06	0
1.62644e+06	0
1.62654e+06	0
1.62664e+06	0
1.62674e+06	0
1.62684e+06	0
1.62694e+06	0
1.62704e+06	0
1.62714e+06	0
1.62724e+06	0
1.62734e+06	0
1.62744e+06	0
1.62754e+06	0
1.62764e+06	0
1.62774e+06	0
1.62784e+06	0
1.62794e+06	0
1.62804e+06	0
1.62814e+06	0
1.62824e+06	0
1.62834e+06	0
1.62844e+06	0
1.62854e+06	0
1.62864e+06	0
1.62874e+06	0
1.62884e+06	0
1.62894e+06	0
1.62904e+06	0
1.62914e+06	0
1.62924e+06	0
1.62934e+06	0
1.62944e+06	0
1.62954e+06	0
1.62964e+06	0
1.62974e+06	0
1.62984e+06	0
1.62994e+06	0
1.63004e+06	0
1.63014e+06	0
1.63024e+06	0
1.63034e+06	0
1.63044e+06	0
1.63054e+06	0
1.63064e+06	0
1.63074e+06	0
1.63084e+06	0
1.63094e+06	0
1.63104e+06	0
1.63114e+06	0
1.63124e+06	0
1.63134e+06	0
1.63144e+06	0
1.63154e+06	0
1.63164e+06	0
1.63174e+06	0
1.63184e+06	0
1.63194e+06	0
1.63204e+06	0
1.63214e+06	0
1.63224e+06	0
1.63234e+06	0
1.63244e+06	0
1.63254e+06	0
1.63264e+06	0
1.63274e+06	0
1.63284e+06	0
1.63294e+06	0
1.63304e+06	0
1.63314e+06	0
1.63324e+06	0
1.63334e+06	0
1.63344e+06	0
1.63354e+06	0
1.63364e+06	0
1.63374e+06	0
1.63384e+06	0
1.63394e+06	0
1.63404e+06	0
1.63414e+06	0
1.63424e+06	0
1.63434e+06	0
1.63444e+06	0
1.63454e+06	0
1.63464e+06	0
1.63474e+06	0
1.63484e+06	0
1.63494e+06	0
1.63504e+06	0
1.63514e+06	0
1.63524e+06	0
1.63534e+06	0
1.63544e+06	0
1.63554e+06	0
1.63564e+06	0
1.63574e+06	0
1.63584e+06	0
1.63594e+06	0
1.63604e+06	0
1.63614e+06	0
1.63624e+06	0
1.63634e+06	0
1.63644e+06	0
1.63654e+06	0
1.63664e+06	0
1.63674e+06	0
1.63684e+06	0
1.63694e+06	0
1.63704e+06	0
1.63714e+06	0
1.63724e+06	0
1.63734e+06	0
1.63744e+06	0
1.63754e+06	0
1.63764e+06	0
1.63774e+06	0
1.63784e+06	0
1.63794e+06	0
1.63804e+06	0
1.63814e+06	0
1.63824e+06	0
1.63834e+06	0
1.63844e+06	0
1.63854e+06	0
1.63864e+06	0
1.63874e+06	0
1.63884e+06	0
1.63894e+06	0
1.63904e+06	0
1.63914e+06	0
1.63924e+06	0
1.63934e+06	0
1.63944e+06	0
1.63954e+06	0
1.63964e+06	0
1.63974e+06	0
1.63984e+06	0
1.63994e+06	0
1.64004e+06	0
1.64014e+06	0
1.64024e+06	0
1.64034e+06	0
1.64044e+06	0
1.64054e+06	0
1.64064e+06	0
1.64074e+06	0
1.64084e+06	0
1.64094e+06	0
1.64104e+06	0
1.64114e+06	0
1.64124e+06	0
1.64134e+06	0
1.64144e+06	0
1.64154e+06	0
1.64164e+06	0
1.64174e+06	0
1.64184e+06	0
1.64194e+06	0
1.64204e+06	0
1.64214e+06	0
1.64224e+06	0
1.64234e+06	0
1.64244e+06	0
1.64254e+06	0
1.64264e+06	0
1.64274e+06	0
1.64284e+06	0
1.64294e+06	0
1.64304e+06	0
1.64314e+06	0
1.64324e+06	0
1.64334e+06	0
1.64344e+06	0
1.64354e+06	0
1.64364e+06	0
1.64374e+06	0
1.64384e+06	0
1.64394e+06	0
1.64404e+06	0
1.64414e+06	0
1.64424e+06	0
1.64434e+06	0
1.64444e+06	0
1.64454e+06	0
1.64464e+06	0
1.64474e+06	0
1.64484e+06	0
1.64494e+06	0
1.64504e+06	0
1.64514e+06	0
1.64524e+06	0
1.64534e+06	0
1.64544e+06	0
1.64554e+06	0
1.64564e+06	0
1.64574e+06	0
1.64584e+06	0
1.64594e+06	0
1.64604e+06	0
1.64614e+06	0
1.64624e+06	0
1.64634e+06	0
1.64644e+06	0
1.64654e+06	0
1.64664e+06	0
1.64674e+06	0
1.64684e+06	0
1.64694e+06	0
1.64704e+06	0
1.64714e+06	0
1.64724e+06	0
1.64734e+06	0
1.64744e+06	0
1.64754e+06	0
1.64764e+06	0
1.64774e+06	0
1.64784e+06	0
1.64794e+06	0
1.64804e+06	0
1.64814e+06	0
1.64824e+06	0
1.64834e+06	0
1.64844e+06	0
1.64854e+06	0
1.64864e+06	0
1.64874e+06	0
1.64884e+06	0
1.64894e+06	0
1.64904e+06	0
1.64914e+06	0
1.64924e+06	0
1.64934e+06	0
1.64944e+06	0
1.64954e+06	0
1.64964e+06	0
1.64974e+06	0
1.64984e+06	0
1.64994e+06	0
1.65004e+06	0
1.65014e+06	0
1.65024e+06	0
1.65034e+06	0
1.65044e+06	0
1.65054e+06	0
1.65064e+06	0
1.65074e+06	0
1.65084e+06	0
1.65094e+06	0
1.65104e+06	0
1.65114e+06	0
1.65124e+06	0
1.65134e+06	0
1.65144e+06	0
1.65154e+06	0
1.65164e+06	0
1.65174e+06	0
1.65184e+06	0
1.65194e+06	0
1.65204e+06	0
1.65214e+06	0
1.65224e+06	0
1.65234e+06	0
1.65244e+06	0
1.65254e+06	0
1.65264e+06	0
1.65274e+06	0
1.65284e+06	0
1.65294e+06	0
1.65304e+06	0
1.65314e+06	0
1.65324e+06	0
1.65334e+06	0
1.65344e+06	0
1.65354e+06	0
1.65364e+06	0
1.65374e+06	0
1.65384e+06	0
1.65394e+06	0
1.65404e+06	0
1.65414e+06	0
1.65424e+06	0
1.65434e+06	0
1.65444e+06	0
1.65454e+06	0
1.65464e+06	0
1.65474e+06	0
1.65484e+06	0
1.65494e+06	0
1.65504e+06	0
1.65514e+06	0
1.65524e+06	0
1.65534e+06	0
1.65544e+06	0
1.65554e+06	0
1.65564e+06	0
1.65574e+06	0
1.65584e+06	0
1.65594e+06	0
1.65604e+06	0
1.65614e+06	0
1.65624e+06	0
1.65634e+06	0
1.65644e+06	0
1.65654e+06	0
1.65664e+06	0
1.65674e+06	0
1.65684e+06	0
1.65694e+06	0
1.65704e+06	0
1.65714e+06	0
1.65724e+06	0
1.65734e+06	0
1.65744e+06	0
1.65754e+06	0
1.65764e+06	0
1.65774e+06	0
1.65784e+06	0
1.65794e+06	0
1.65804e+06	0
1.65814e+06	0
1.65824e+06	0
1.65834e+06	0
1.65844e+06	0
1.65854e+06	0
1.65864e+06	0
1.65874e+06	0
1.65884e+06	0
1.65894e+06	0
1.65904e+06	0
1.65914e+06	0
1.65924e+06	0
1.65934e+06	0
1.65944e+06	0
1.65954e+06	0
1.65964e+06	0
1.65974e+06	0
1.65984e+06	0
1.65994e+06	0
1.66004e+06	0
1.66014e+06	0
1.66024e+06	0
1.66034e+06	0
1.66044e+06	0
1.66054e+06	0
1.66064e+06	0
1.66074e+06	0
1.66084e+06	0
1.66094e+06	0
1.66104e+06	0
1.66114e+06	0
1.66124e+06	0
1.66134e+06	0
1.66144e+06	0
1.66154e+06	0
1.66164e+06	0
1.66174e+06	0
1.66184e+06	0
1.66194e+06	0
1.66204e+06	0
1.66214e+06	0
1.66224e+06	0
1.66234e+06	0
1.66244e+06	0
1.66254e+06	0
1.66264e+06	0
1.66274e+06	0
1.66284e+06	0
1.66294e+06	0
1.66304e+06	0
1.66314e+06	0
1.66324e+06	0
1.66334e+06	0
1.66344e+06	0
1.66354e+06	0
1.66364e+06	0
1.66374e+06	0
1.66384e+06	0
1.66394e+06	0
1.66404e+06	0
1.66414e+06	0
1.66424e+06	0
1.66434e+06	0
1.66444e+06	0
1.66454e+06	0
1.66464e+06	0
1.66474e+06	0
1.66484e+06	0
1.66494e+06	0
1.66504e+06	0
1.66514e+06	0
1.66524e+06	0
1.66534e+06	0
1.66544e+06	0
1.66554e+06	0
1.66564e+06	0
1.66574e+06	0
1.66584e+06	0
1.66594e+06	0
1.66604e+06	0
1.66614e+06	0
1.66624e+06	0
1.66634e+06	0
1.66644e+06	0
1.66654e+06	0
1.66664e+06	0
1.66674e+06	0
1.66684e+06	0
1.66694e+06	0
1.66704e+06	0
1.66714e+06	0
1.66724e+06	0
1.66734e+06	0
1.66744e+06	0
1.66754e+06	0
1.66764e+06	0
1.66774e+06	0
1.66784e+06	0
1.66794e+06	0
1.66804e+06	0
1.66814e+06	0
1.66824e+06	0
1.66834e+06	0
1.66844e+06	0
1.66854e+06	0
1.66864e+06	0
1.66874e+06	0
1.66884e+06	0
1.66894e+06	0
1.66904e+06	0
1.66914e+06	0
1.66924e+06	0
1.66934e+06	0
1.66944e+06	0
1.66954e+06	0
1.66964e+06	0
1.66974e+06	0
1.66984e+06	0
1.66994e+06	0
1.67004e+06	0
1.67014e+06	0
1.67024e+06	0
1.67034e+06	0
1.67044e+06	0
1.67054e+06	0
1.67064e+06	0
1.67074e+06	0
1.67084e+06	0
1.67094e+06	0
1.67104e+06	0
1.67114e+06	0
1.67124e+06	0
1.67134e+06	0
1.67144e+06	0
1.67154e+06	0
1.67164e+06	0
1.67174e+06	0
1.67184e+06	0
1.67194e+06	0
1.67204e+06	0
1.67214e+06	0
1.67224e+06	0
1.67234e+06	0
1.67244e+06	0
1.67254e+06	0
1.67264e+06	0
1.67274e+06	0
1.67284e+06	0
1.67294e+06	0
1.67304e+06	0
1.67314e+06	0
1.67324e+06	0
1.67334e+06	0
1.67344e+06	0
1.67354e+06	0
1.67364e+06	0
1.67374e+06	0
1.67384e+06	0
1.67394e+06	0
1.67404e+06	0
1.67414e+06	0
1.67424e+06	0
1.67434e+06	0
1.67444e+06	0
1.67454e+06	0
1.67464e+06	0
1.67474e+06	0
1.67484e+06	0
1.67494e+06	0
1.67504e+06	0
1.67514e+06	0
1.67524e+06	0
1.67534e+06	0
1.67544e+06	0
1.67554e+06	0
1.67564e+06	0
1.67574e+06	0
1.67584e+06	0
1.67594e+06	0
1.67604e+06	0
1.67614e+06	0
1.67624e+06	0
1.67634e+06	0
1.67644e+06	0
1.67654e+06	0
1.67664e+06	0
1.67674e+06	0
1.67684e+06	0
1.67694e+06	0
1.67704e+06	0
1.67714e+06	0
1.67724e+06	0
1.67734e+06	0
1.67744e+06	0
1.67754e+06	0
1.67764e+06	0
1.67774e+06	0
1.67784e+06	0
1.67794e+06	0
1.67804e+06	0
1.67814e+06	0
1.67824e+06	0
1.67834e+06	0
1.67844e+06	0
1.67854e+06	0
1.67864e+06	0
1.67874e+06	0
1.67884e+06	0
1.67894e+06	0
1.67904e+06	0
1.67914e+06	0
1.67924e+06	0
1.67934e+06	0
1.67944e+06	0
1.67954e+06	0
1.67964e+06	0
1.67974e+06	0
1.67984e+06	0
1.67994e+06	0
1.68004e+06	0
1.68014e+06	0
1.68024e+06	0
1.68034e+06	0
1.68044e+06	0
1.68054e+06	0
1.68064e+06	0
1.68074e+06	0
1.68084e+06	0
1.68094e+06	0
1.68104e+06	0
1.68114e+06	0
1.68124e+06	0
1.68134e+06	0
1.68144e+06	0
1.68154e+06	0
1.68164e+06	0
1.68174e+06	0
1.68184e+06	0
1.68194e+06	0
1.68204e+06	0
1.68214e+06	0
1.68224e+06	0
1.68234e+06	0
1.68244e+06	0
1.68254e+06	0
1.68264e+06	0
1.68274e+06	0
1.68284e+06	0
1.68294e+06	0
1.68304e+06	0
1.68314e+06	0
1.68324e+06	0
1.68334e+06	0
1.68344e+06	0
1.68354e+06	0
1.68364e+06	0
1.68374e+06	0
1.68384e+06	0
1.68394e+06	0
1.68404e+06	0
1.68414e+06	0
1.68424e+06	0
1.68434e+06	0
1.68444e+06	0
1.68454e+06	0
1.68464e+06	0
1.68474e+06	0
1.68484e+06	0
1.68494e+06	0
1.68504e+06	0
1.68514e+06	0
1.68524e+06	0
1.68534e+06	0
1.68544e+06	0
1.68554e+06	0
1.68564e+06	0
1.68574e+06	0
1.68584e+06	0
1.68594e+06	0
1.68604e+06	0
1.68614e+06	0
1.68624e+06	0
1.68634e+06	0
1.68644e+06	0
1.68654e+06	0
1.68664e+06	0
1.68674e+06	0
1.68684e+06	0
1.68694e+06	0
1.68704e+06	0
1.68714e+06	0
1.68724e+06	0
1.68734e+06	0
1.68744e+06	0
1.68754e+06	0
1.68764e+06	0
1.68774e+06	0
1.68784e+06	0
1.68794e+06	0
1.68804e+06	0
1.68814e+06	0
1.68824e+06	0
1.68834e+06	0
1.68844e+06	0
1.68854e+06	0
1.68864e+06	0
1.68874e+06	0
1.68884e+06	0
1.68894e+06	0
1.68904e+06	0
1.68914e+06	0
1.68924e+06	0
1.68934e+06	0
1.68944e+06	0
1.68954e+06	0
1.68964e+06	0
1.68974e+06	0
1.68984e+06	0
1.68994e+06	0
1.69004e+06	0
1.69014e+06	0
1.69024e+06	0
1.69034e+06	0
1.69044e+06	0
1.69054e+06	0
1.69064e+06	0
1.69074e+06	0
1.69084e+06	0
1.69094e+06	0
1.69104e+06	0
1.69114e+06	0
1.69124e+06	0
1.69134e+06	0
1.69144e+06	0
1.69154e+06	0
1.69164e+06	0
1.69174e+06	0
1.69184e+06	0
1.69194e+06	0
1.69204e+06	0
1.69214e+06	0
1.69224e+06	0
1.69234e+06	0
1.69244e+06	0
1.69254e+06	0
1.69264e+06	0
1.69274e+06	0
1.69284e+06	0
1.69294e+06	0
1.69304e+06	0
1.69314e+06	0
1.69324e+06	0
1.69334e+06	0
1.69344e+06	0
1.69354e+06	0
1.69364e+06	0
1.69374e+06	0
1.69384e+06	0
1.69394e+06	0
1.69404e+06	0
1.69414e+06	0
1.69424e+06	0
1.69434e+06	0
1.69444e+06	0
1.69454e+06	0
1.69464e+06	0
1.69474e+06	0
1.69484e+06	0
1.69494e+06	0
1.69504e+06	0
1.69514e+06	0
1.69524e+06	0
1.69534e+06	0
1.69544e+06	0
1.69554e+06	0
1.69564e+06	0
1.69574e+06	0
1.69584e+06	0
1.69594e+06	0
1.69604e+06	0
1.69614e+06	0
1.69624e+06	0
1.69634e+06	0
1.69644e+06	0
1.69654e+06	0
1.69664e+06	0
1.69674e+06	0
1.69684e+06	0
1.69694e+06	0
1.69704e+06	0
1.69714e+06	0
1.69724e+06	0
1.69734e+06	0
1.69744e+06	0
1.69754e+06	0
1.69764e+06	0
1.69774e+06	0
1.69784e+06	0
1.69794e+06	0
1.69804e+06	0
1.69814e+06	0
1.69824e+06	0
1.69834e+06	0
1.69844e+06	0
1.69854e+06	0
1.69864e+06	0
1.69874e+06	0
1.69884e+06	0
1.69894e+06	0
1.69904e+06	0
1.69914e+06	0
1.69924e+06	0
1.69934e+06	0
1.69944e+06	0
1.69954e+06	0
1.69964e+06	0
1.69974e+06	0
1.69984e+06	0
1.69994e+06	0
1.70004e+06	0
1.70014e+06	0
1.70024e+06	0
1.70034e+06	0
1.70044e+06	0
1.70054e+06	0
1.70064e+06	0
1.70074e+06	0
1.70084e+06	0
1.70094e+06	0
1.70104e+06	0
1.70114e+06	0
1.70124e+06	0
1.70134e+06	0
1.70144e+06	0
1.70154e+06	0
1.70164e+06	0
1.70174e+06	0
1.70184e+06	0
1.70194e+06	0
1.70204e+06	0
1.70214e+06	0
1.70224e+06	0
1.70234e+06	0
1.70244e+06	0
1.70254e+06	0
1.70264e+06	0
1.70274e+06	0
1.70284e+06	0
1.70294e+06	0
1.70304e+06	0
1.70314e+06	0
1.70324e+06	0
1.70334e+06	0
1.70344e+06	0
1.70354e+06	0
1.70364e+06	0
1.70374e+06	0
1.70384e+06	0
1.70394e+06	0
1.70404e+06	0
1.70414e+06	0
1.70424e+06	0
1.70434e+06	0
1.70444e+06	0
1.70454e+06	0
1.70464e+06	0
1.70474e+06	0
1.70484e+06	0
1.70494e+06	0
1.70504e+06	0
1.70514e+06	0
1.70524e+06	0
1.70534e+06	0
1.70544e+06	0
1.70554e+06	0
1.70564e+06	0
1.70574e+06	0
1.70584e+06	0
1.70594e+06	0
1.70604e+06	0
1.70614e+06	0
1.70624e+06	0
1.70634e+06	0
1.70644e+06	0
1.70654e+06	0
1.70664e+06	0
1.70674e+06	0
1.70684e+06	0
1.70694e+06	0
1.70704e+06	0
1.70714e+06	0
1.70724e+06	0
1.70734e+06	0
1.70744e+06	0
1.70754e+06	0
1.70764e+06	0
1.70774e+06	0
1.70784e+06	0
1.70794e+06	0
1.70804e+06	0
1.70814e+06	0
1.70824e+06	0
1.70834e+06	0
1.70844e+06	0
1.70854e+06	0
1.70864e+06	0
1.70874e+06	0
1.70884e+06	0
1.70894e+06	0
1.70904e+06	0
1.70914e+06	0
1.70924e+06	0
1.70934e+06	0
1.70944e+06	0
1.70954e+06	0
1.70964e+06	0
1.70974e+06	0
1.70984e+06	0
1.70994e+06	0
1.71004e+06	0
1.71014e+06	0
1.71024e+06	0
1.71034e+06	0
1.71044e+06	0
1.71054e+06	0
1.71064e+06	0
1.71074e+06	0
1.71084e+06	0
1.71094e+06	0
1.71104e+06	0
1.71114e+06	0
1.71124e+06	0
1.71134e+06	0
1.71144e+06	0
1.71154e+06	0
1.71164e+06	0
1.71174e+06	0
1.71184e+06	0
1.71194e+06	0
1.71204e+06	0
1.71214e+06	0
1.71224e+06	0
1.71234e+06	0
1.71244e+06	0
1.71254e+06	0
1.71264e+06	0
1.71274e+06	0
1.71284e+06	0
1.71294e+06	0
1.71304e+06	0
1.71314e+06	0
1.71324e+06	0
1.71334e+06	0
1.71344e+06	0
1.71354e+06	0
1.71364e+06	0
1.71374e+06	0
1.71384e+06	0
1.71394e+06	0
1.71404e+06	0
1.71414e+06	0
1.71424e+06	0
1.71434e+06	0
1.71444e+06	0
1.71454e+06	0
1.71464e+06	0
1.71474e+06	0
1.71484e+06	0
1.71494e+06	0
1.71504e+06	0
1.71514e+06	0
1.71524e+06	0
1.71534e+06	0
1.71544e+06	0
1.71554e+06	0
1.71564e+06	0
1.71574e+06	0
1.71584e+06	0
1.71594e+06	0
1.71604e+06	0
1.71614e+06	0
1.71624e+06	0
1.71634e+06	0
1.71644e+06	0
1.71654e+06	0
1.71664e+06	0
1.71674e+06	0
1.71684e+06	0
1.71694e+06	0
1.71704e+06	0
1.71714e+06	0
1.71724e+06	0
1.71734e+06	0
1.71744e+06	0
1.71754e+06	0
1.71764e+06	0
1.71774e+06	0
1.71784e+06	0
1.71794e+06	0
1.71804e+06	0
1.71814e+06	0
1.71824e+06	0
1.71834e+06	0
1.71844e+06	0
1.71854e+06	0
1.71864e+06	0
1.71874e+06	0
1.71884e+06	0
1.71894e+06	0
1.71904e+06	0
1.71914e+06	0
1.71924e+06	0
1.71934e+06	0
1.71944e+06	0
1.71954e+06	0
1.71964e+06	0
1.71974e+06	0
1.71984e+06	0
1.71994e+06	0
1.72004e+06	0
1.72014e+06	0
1.72024e+06	0
1.72034e+06	0
1.72044e+06	0
1.72054e+06	0
1.72064e+06	0
1.72074e+06	0
1.72084e+06	0
1.72094e+06	0
1.72104e+06	0
1.72114e+06	0
1.72124e+06	0
1.72134e+06	0
1.72144e+06	0
1.72154e+06	0
1.72164e+06	0
1.72174e+06	0
1.72184e+06	0
1.72194e+06	0
1.72204e+06	0
1.72214e+06	0
1.72224e+06	0
1.72234e+06	0
1.72244e+06	0
1.72254e+06	0
1.72264e+06	0
1.72274e+06	0
1.72284e+06	0
1.72294e+06	0
1.72304e+06	0
1.72314e+06	0
1.72324e+06	0
1.72334e+06	0
1.72344e+06	0
1.72354e+06	0
1.72364e+06	0
1.72374e+06	0
1.72384e+06	0
1.72394e+06	0
1.72404e+06	0
1.72414e+06	0
1.72424e+06	0
1.72434e+06	0
1.72444e+06	0
1.72454e+06	0
1.72464e+06	0
1.72474e+06	0
1.72484e+06	0
1.72494e+06	0
1.72504e+06	0
1.72514e+06	0
1.72524e+06	0
1.72534e+06	0
1.72544e+06	0
1.72554e+06	0
1.72564e+06	0
1.72574e+06	0
1.72584e+06	0
1.72594e+06	0
1.72604e+06	0
1.72614e+06	0
1.72624e+06	0
1.72634e+06	0
1.72644e+06	0
1.72654e+06	0
1.72664e+06	0
1.72674e+06	0
1.72684e+06	0
1.72694e+06	0
1.72704e+06	0
1.72714e+06	0
1.72724e+06	0
1.72734e+06	0
1.72744e+06	0
1.72754e+06	0
1.72764e+06	0
1.72774e+06	0
1.72784e+06	0
1.72794e+06	0
1.72804e+06	0
1.72814e+06	0
1.72824e+06	0
1.72834e+06	0
1.72844e+06	0
1.72854e+06	0
1.72864e+06	0
1.72874e+06	0
1.72884e+06	0
1.72894e+06	0
1.72904e+06	0
1.72914e+06	0
1.72924e+06	0
1.72934e+06	0
1.72944e+06	0
1.72954e+06	0
1.72964e+06	0
1.72974e+06	0
1.72984e+06	0
1.72994e+06	0
1.73004e+06	0
1.73014e+06	0
1.73024e+06	0
1.73034e+06	0
1.73044e+06	0
1.73054e+06	0
1.73064e+06	0
1.73074e+06	0
1.73084e+06	0
1.73094e+06	0
1.73104e+06	0
1.73114e+06	0
1.73124e+06	0
1.73134e+06	0
1.73144e+06	0
1.73154e+06	0
1.73164e+06	0
1.73174e+06	0
1.73184e+06	0
1.73194e+06	0
1.73204e+06	0
1.73214e+06	0
1.73224e+06	0
1.73234e+06	0
1.73244e+06	0
1.73254e+06	0
1.73264e+06	0
1.73274e+06	0
1.73284e+06	0
1.73294e+06	0
1.73304e+06	0
1.73314e+06	0
1.73324e+06	0
1.73334e+06	0
1.73344e+06	0
1.73354e+06	0
1.73364e+06	0
1.73374e+06	0
1.73384e+06	0
1.73394e+06	0
1.73404e+06	0
1.73414e+06	0
1.73424e+06	0
1.73434e+06	0
1.73444e+06	0
1.73454e+06	0
1.73464e+06	0
1.73474e+06	0
1.73484e+06	0
1.73494e+06	0
1.73504e+06	0
1.73514e+06	0
1.73524e+06	0
1.73534e+06	0
1.73544e+06	0
1.73554e+06	0
1.73564e+06	0
1.73574e+06	0
1.73584e+06	0
1.73594e+06	0
1.73604e+06	0
1.73614e+06	0
1.73624e+06	0
1.73634e+06	0
1.73644e+06	0
1.73654e+06	0
1.73664e+06	0
1.73674e+06	0
1.73684e+06	0
1.73694e+06	0
1.73704e+06	0
1.73714e+06	0
1.73724e+06	0
1.73734e+06	0
1.73744e+06	0
1.73754e+06	0
1.73764e+06	0
1.73774e+06	0
1.73784e+06	0
1.73794e+06	0
1.73804e+06	0
1.73814e+06	0
1.73824e+06	0
1.73834e+06	0
1.73844e+06	0
1.73854e+06	0
1.73864e+06	0
1.73874e+06	0
1.73884e+06	0
1.73894e+06	0
1.73904e+06	0
1.73914e+06	0
1.73924e+06	0
1.73934e+06	0
1.73944e+06	0
1.73954e+06	0
1.73964e+06	0
1.73974e+06	0
1.73984e+06	0
1.73994e+06	0
1.74004e+06	0
1.74014e+06	0
1.74024e+06	0
1.74034e+06	0
1.74044e+06	0
1.74054e+06	0
1.74064e+06	0
1.74074e+06	0
1.74084e+06	0
1.74094e+06	0
1.74104e+06	0
1.74114e+06	0
1.74124e+06	0
1.74134e+06	0
1.74144e+06	0
1.74154e+06	0
1.74164e+06	0
1.74174e+06	0
1.74184e+06	0
1.74194e+06	0
1.74204e+06	0
1.74214e+06	0
1.74224e+06	0
1.74234e+06	0
1.74244e+06	0
1.74254e+06	0
1.74264e+06	0
1.74274e+06	0
1.74284e+06	0
1.74294e+06	0
1.74304e+06	0
1.74314e+06	0
1.74324e+06	0
1.74334e+06	0
1.74344e+06	0
1.74354e+06	0
1.74364e+06	0
1.74374e+06	0
1.74384e+06	0
1.74394e+06	0
1.74404e+06	0
1.74414e+06	0
1.74424e+06	0
1.74434e+06	0
1.74444e+06	0
1.74454e+06	0
1.74464e+06	0
1.74474e+06	0
1.74484e+06	0
1.74494e+06	0
1.74504e+06	0
1.74514e+06	0
1.74524e+06	0
1.74534e+06	0
1.74544e+06	0
1.74554e+06	0
1.74564e+06	0
1.74574e+06	0
1.74584e+06	0
1.74594e+06	0
1.74604e+06	0
1.74614e+06	0
1.74624e+06	0
1.74634e+06	0
1.74644e+06	0
1.74654e+06	0
1.74664e+06	0
1.74674e+06	0
1.74684e+06	0
1.74694e+06	0
1.74704e+06	0
1.74714e+06	0
1.74724e+06	0
1.74734e+06	0
1.74744e+06	0
1.74754e+06	0
1.74764e+06	0
1.74774e+06	0
1.74784e+06	0
1.74794e+06	0
1.74804e+06	0
1.74814e+06	0
1.74824e+06	0
1.74834e+06	0
1.74844e+06	0
1.74854e+06	0
1.74864e+06	0
1.74874e+06	0
1.74884e+06	0
1.74894e+06	0
1.74904e+06	0
1.74914e+06	0
1.74924e+06	0
1.74934e+06	0
1.74944e+06	0
1.74954e+06	0
1.74964e+06	0
1.74974e+06	0
1.74984e+06	0
1.74994e+06	0
1.75004e+06	0
1.75014e+06	0
1.75024e+06	0
1.75034e+06	0
1.75044e+06	0
1.75054e+06	0
1.75064e+06	0
1.75074e+06	0
1.75084e+06	0
1.75094e+06	0
1.75104e+06	0
1.75114e+06	0
1.75124e+06	0
1.75134e+06	0
1.75144e+06	0
1.75154e+06	0
1.75164e+06	0
1.75174e+06	0
1.75184e+06	0
1.75194e+06	0
1.75204e+06	0
1.75214e+06	0
1.75224e+06	0
1.75234e+06	0
1.75244e+06	0
1.75254e+06	0
1.75264e+06	0
1.75274e+06	0
1.75284e+06	0
1.75294e+06	0
1.75304e+06	0
1.75314e+06	0
1.75324e+06	0
1.75334e+06	0
1.75344e+06	0
1.75354e+06	0
1.75364e+06	0
1.75374e+06	0
1.75384e+06	0
1.75394e+06	0
1.75404e+06	0
1.75414e+06	0
1.75424e+06	0
1.75434e+06	0
1.75444e+06	0
1.75454e+06	0
1.75464e+06	0
1.75474e+06	0
1.75484e+06	0
1.75494e+06	0
1.75504e+06	0
1.75514e+06	0
1.75524e+06	0
1.75534e+06	0
1.75544e+06	0
1.75554e+06	0
1.75564e+06	0
1.75574e+06	0
1.75584e+06	0
1.75594e+06	0
1.75604e+06	0
1.75614e+06	0
1.75624e+06	0
1.75634e+06	0
1.75644e+06	0
1.75654e+06	0
1.75664e+06	0
1.75674e+06	0
1.75684e+06	0
1.75694e+06	0
1.75704e+06	0
1.75714e+06	0
1.75724e+06	0
1.75734e+06	0
1.75744e+06	0
1.75754e+06	0
1.75764e+06	0
1.75774e+06	0
1.75784e+06	0
1.75794e+06	0
1.75804e+06	0
1.75814e+06	0
1.75824e+06	0
1.75834e+06	0
1.75844e+06	0
1.75854e+06	0
1.75864e+06	0
1.75874e+06	0
1.75884e+06	0
1.75894e+06	0
1.75904e+06	0
1.75914e+06	0
1.75924e+06	0
1.75934e+06	0
1.75944e+06	0
1.75954e+06	0
1.75964e+06	0
1.75974e+06	0
1.75984e+06	0
1.75994e+06	0
1.76004e+06	0
1.76014e+06	0
1.76024e+06	0
1.76034e+06	0
1.76044e+06	0
1.76054e+06	0
1.76064e+06	0
1.76074e+06	0
1.76084e+06	0
1.76094e+06	0
1.76104e+06	0
1.76114e+06	0
1.76124e+06	0
1.76134e+06	0
1.76144e+06	0
1.76154e+06	0
1.76164e+06	0
1.76174e+06	0
1.76184e+06	0
1.76194e+06	0
1.76204e+06	0
1.76214e+06	0
1.76224e+06	0
1.76234e+06	0
1.76244e+06	0
1.76254e+06	0
1.76264e+06	0
1.76274e+06	0
1.76284e+06	0
1.76294e+06	0
1.76304e+06	0
1.76314e+06	0
1.76324e+06	0
1.76334e+06	0
1.76344e+06	0
1.76354e+06	0
1.76364e+06	0
1.76374e+06	0
1.76384e+06	0
1.76394e+06	0
1.76404e+06	0
1.76414e+06	0
1.76424e+06	0
1.76434e+06	0
1.76444e+06	0
1.76454e+06	0
1.76464e+06	0
1.76474e+06	0
1.76484e+06	0
1.76494e+06	0
1.76504e+06	0
1.76514e+06	0
1.76524e+06	0
1.76534e+06	0
1.76544e+06	0
1.76554e+06	0
1.76564e+06	0
1.76574e+06	0
1.76584e+06	0
1.76594e+06	0
1.76604e+06	0
1.76614e+06	0
1.76624e+06	0
1.76634e+06	0
1.76644e+06	0
1.76654e+06	0
1.76664e+06	0
1.76674e+06	0
1.76684e+06	0
1.76694e+06	0
1.76704e+06	0
1.76714e+06	0
1.76724e+06	0
1.76734e+06	0
1.76744e+06	0
1.76754e+06	0
1.76764e+06	0
1.76774e+06	0
1.76784e+06	0
1.76794e+06	0
1.76804e+06	0
1.76814e+06	0
1.76824e+06	0
1.76834e+06	0
1.76844e+06	0
1.76854e+06	0
1.76864e+06	0
1.76874e+06	0
1.76884e+06	0
1.76894e+06	0
1.76904e+06	0
1.76914e+06	0
1.76924e+06	0
1.76934e+06	0
1.76944e+06	0
1.76954e+06	0
1.76964e+06	0
1.76974e+06	0
1.76984e+06	0
1.76994e+06	0
1.77004e+06	0
1.77014e+06	0
1.77024e+06	0
1.77034e+06	0
1.77044e+06	0
1.77054e+06	0
1.77064e+06	0
1.77074e+06	0
1.77084e+06	0
1.77094e+06	0
1.77104e+06	0
1.77114e+06	0
1.77124e+06	0
1.77134e+06	0
1.77144e+06	0
1.77154e+06	0
1.77164e+06	0
1.77174e+06	0
1.77184e+06	0
1.77194e+06	0
1.77204e+06	0
1.77214e+06	0
1.77224e+06	0
1.77234e+06	0
1.77244e+06	0
1.77254e+06	0
1.77264e+06	0
1.77274e+06	0
1.77284e+06	0
1.77294e+06	0
1.77304e+06	0
1.77314e+06	0
1.77324e+06	0
1.77334e+06	0
1.77344e+06	0
1.77354e+06	0
1.77364e+06	0
1.77374e+06	0
1.77384e+06	0
1.77394e+06	0
1.77404e+06	0
1.77414e+06	0
1.77424e+06	0
1.77434e+06	0
1.77444e+06	0
1.77454e+06	0
1.77464e+06	0
1.77474e+06	0
1.77484e+06	0
1.77494e+06	0
1.77504e+06	0
1.77514e+06	0
1.77524e+06	0
1.77534e+06	0
1.77544e+06	0
1.77554e+06	0
1.77564e+06	0
1.77574e+06	0
1.77584e+06	0
1.77594e+06	0
1.77604e+06	0
1.77614e+06	0
1.77624e+06	0
1.77634e+06	0
1.77644e+06	0
1.77654e+06	0
1.77664e+06	0
1.77674e+06	0
1.77684e+06	0
1.77694e+06	0
1.77704e+06	0
1.77714e+06	0
1.77724e+06	0
1.77734e+06	0
1.77744e+06	0
1.77754e+06	0
1.77764e+06	0
1.77774e+06	0
1.77784e+06	0
1.77794e+06	0
1.77804e+06	0
1.77814e+06	0
1.77824e+06	0
1.77834e+06	0
1.77844e+06	0
1.77854e+06	0
1.77864e+06	0
1.77874e+06	0
1.77884e+06	0
1.77894e+06	0
1.77904e+06	0
1.77914e+06	0
1.77924e+06	0
1.77934e+06	0
1.77944e+06	0
1.77954e+06	0
1.77964e+06	0
1.77974e+06	0
1.77984e+06	0
1.77994e+06	0
1.78004e+06	0
1.78014e+06	0
1.78024e+06	0
1.78034e+06	0
1.78044e+06	0
1.78054e+06	0
1.78064e+06	0
1.78074e+06	0
1.78084e+06	0
1.78094e+06	0
1.78104e+06	0
1.78114e+06	0
1.78124e+06	0
1.78134e+06	0
1.78144e+06	0
1.78154e+06	0
1.78164e+06	0
1.78174e+06	0
1.78184e+06	0
1.78194e+06	0
1.78204e+06	0
1.78214e+06	0
1.78224e+06	0
1.78234e+06	0
1.78244e+06	0
1.78254e+06	0
1.78264e+06	0
1.78274e+06	0
1.78284e+06	0
1.78294e+06	0
1.78304e+06	0
1.78314e+06	0
1.78324e+06	0
1.78334e+06	0
1.78344e+06	0
1.78354e+06	0
1.78364e+06	0
1.78374e+06	0
1.78384e+06	0
1.78394e+06	0
1.78404e+06	0
1.78414e+06	0
1.78424e+06	0
1.78434e+06	0
1.78444e+06	0
1.78454e+06	0
1.78464e+06	0
1.78474e+06	0
1.78484e+06	0
1.78494e+06	0
1.78504e+06	0
1.78514e+06	0
1.78524e+06	0
1.78534e+06	0
1.78544e+06	0
1.78554e+06	0
1.78564e+06	0
1.78574e+06	0
1.78584e+06	0
1.78594e+06	0
1.78604e+06	0
1.78614e+06	0
1.78624e+06	0
1.78634e+06	0
1.78644e+06	0
1.78654e+06	0
1.78664e+06	0
1.78674e+06	0
1.78684e+06	0
1.78694e+06	0
1.78704e+06	0
1.78714e+06	0
1.78724e+06	0
1.78734e+06	0
1.78744e+06	0
1.78754e+06	0
1.78764e+06	0
1.78774e+06	0
1.78784e+06	0
1.78794e+06	0
1.78804e+06	0
1.78814e+06	0
1.78824e+06	0
1.78834e+06	0
1.78844e+06	0
1.78854e+06	0
1.78864e+06	0
1.78874e+06	0
1.78884e+06	0
1.78894e+06	0
1.78904e+06	0
1.78914e+06	0
1.78924e+06	0
1.78934e+06	0
1.78944e+06	0
1.78954e+06	0
1.78964e+06	0
1.78974e+06	0
1.78984e+06	0
1.78994e+06	0
1.79004e+06	0
1.79014e+06	0
1.79024e+06	0
1.79034e+06	0
1.79044e+06	0
1.79054e+06	0
1.79064e+06	0
1.79074e+06	0
1.79084e+06	0
1.79094e+06	0
1.79104e+06	0
1.79114e+06	0
1.79124e+06	0
1.79134e+06	0
1.79144e+06	0
1.79154e+06	0
1.79164e+06	0
1.79174e+06	0
1.79184e+06	0
1.79194e+06	0
1.79204e+06	0
1.79214e+06	0
1.79224e+06	0
1.79234e+06	0
1.79244e+06	0
1.79254e+06	0
1.79264e+06	0
1.79274e+06	0
1.79284e+06	0
1.79294e+06	0
1.79304e+06	0
1.79314e+06	0
1.79324e+06	0
1.79334e+06	0
1.79344e+06	0
1.79354e+06	0
1.79364e+06	0
1.79374e+06	0
1.79384e+06	0
1.79394e+06	0
1.79404e+06	0
1.79414e+06	0
1.79424e+06	0
1.79434e+06	0
1.79444e+06	0
1.79454e+06	0
1.79464e+06	0
1.79474e+06	0
1.79484e+06	0
1.79494e+06	0
1.79504e+06	0
1.79514e+06	0
1.79524e+06	0
1.79534e+06	0
1.79544e+06	0
1.79554e+06	0
1.79564e+06	0
1.79574e+06	0
1.79584e+06	0
1.79594e+06	0
1.79604e+06	0
1.79614e+06	0
1.79624e+06	0
1.79634e+06	0
1.79644e+06	0
1.79654e+06	0
1.79664e+06	0
1.79674e+06	0
1.79684e+06	0
1.79694e+06	0
1.79704e+06	0
1.79714e+06	0
1.79724e+06	0
1.79734e+06	0
1.79744e+06	0
1.79754e+06	0
1.79764e+06	0
1.79774e+06	0
1.79784e+06	0
1.79794e+06	0
1.79804e+06	0
1.79814e+06	0
1.79824e+06	0
1.79834e+06	0
1.79844e+06	0
1.79854e+06	0
1.79864e+06	0
1.79874e+06	0
1.79884e+06	0
1.79894e+06	0
1.79904e+06	0
1.79914e+06	0
1.79924e+06	0
1.79934e+06	0
1.79944e+06	0
1.79954e+06	0
1.79964e+06	0
1.79974e+06	0
1.79984e+06	0
1.79994e+06	0
1.80004e+06	0
1.80014e+06	0
1.80024e+06	0
1.80034e+06	0
1.80044e+06	0
1.80054e+06	0
1.80064e+06	0
1.80074e+06	0
1.80084e+06	0
1.80094e+06	0
1.80104e+06	0
1.80114e+06	0
1.80124e+06	0
1.80134e+06	0
1.80144e+06	0
1.80154e+06	0
1.80164e+06	0
1.80174e+06	0
1.80184e+06	0
1.80194e+06	0
1.80204e+06	0
1.80214e+06	0
1.80224e+06	0
1.80234e+06	0
1.80244e+06	0
1.80254e+06	0
1.80264e+06	0
1.80274e+06	0
1.80284e+06	0
1.80294e+06	0
1.80304e+06	0
1.80314e+06	0
1.80324e+06	0
1.80334e+06	0
1.80344e+06	0
1.80354e+06	0
1.80364e+06	0
1.80374e+06	0
1.80384e+06	0
1.80394e+06	0
1.80404e+06	0
1.80414e+06	0
1.80424e+06	0
1.80434e+06	0
1.80444e+06	0
1.80454e+06	0
1.80464e+06	0
1.80474e+06	0
1.80484e+06	0
1.80494e+06	0
1.80504e+06	0
1.80514e+06	0
1.80524e+06	0
1.80534e+06	0
1.80544e+06	0
1.80554e+06	0
1.80564e+06	0
1.80574e+06	0
1.80584e+06	0
1.80594e+06	0
1.80604e+06	0
1.80614e+06	0
1.80624e+06	0
1.80634e+06	0
1.80644e+06	0
1.80654e+06	0
1.80664e+06	0
1.80674e+06	0
1.80684e+06	0
1.80694e+06	0
1.80704e+06	0
1.80714e+06	0
1.80724e+06	0
1.80734e+06	0
1.80744e+06	0
1.80754e+06	0
1.80764e+06	0
1.80774e+06	0
1.80784e+06	0
1.80794e+06	0
1.80804e+06	0
1.80814e+06	0
1.80824e+06	0
1.80834e+06	0
1.80844e+06	0
1.80854e+06	0
1.80864e+06	0
1.80874e+06	0
1.80884e+06	0
1.80894e+06	0
1.80904e+06	0
1.80914e+06	0
1.80924e+06	0
1.80934e+06	0
1.80944e+06	0
1.80954e+06	0
1.80964e+06	0
1.80974e+06	0
1.80984e+06	0
1.80994e+06	0
1.81004e+06	0
1.81014e+06	0
1.81024e+06	0
1.81034e+06	0
1.81044e+06	0
1.81054e+06	0
1.81064e+06	0
1.81074e+06	0
1.81084e+06	0
1.81094e+06	0
1.81104e+06	0
1.81114e+06	0
1.81124e+06	0
1.81134e+06	0
1.81144e+06	0
1.81154e+06	0
1.81164e+06	0
1.81174e+06	0
1.81184e+06	0
1.81194e+06	0
1.81204e+06	0
1.81214e+06	0
1.81224e+06	0
1.81234e+06	0
1.81244e+06	0
1.81254e+06	0
1.81264e+06	0
1.81274e+06	0
1.81284e+06	0
1.81294e+06	0
1.81304e+06	0
1.81314e+06	0
1.81324e+06	0
1.81334e+06	0
1.81344e+06	0
1.81354e+06	0
1.81364e+06	0
1.81374e+06	0
1.81384e+06	0
1.81394e+06	0
1.81404e+06	0
1.81414e+06	0
1.81424e+06	0
1.81434e+06	0
1.81444e+06	0
1.81454e+06	0
1.81464e+06	0
1.81474e+06	0
1.81484e+06	0
1.81494e+06	0
1.81504e+06	0
1.81514e+06	0
1.81524e+06	0
1.81534e+06	0
1.81544e+06	0
1.81554e+06	0
1.81564e+06	0
1.81574e+06	0
1.81584e+06	0
1.81594e+06	0
1.81604e+06	0
1.81614e+06	0
1.81624e+06	0
1.81634e+06	0
1.81644e+06	0
1.81654e+06	0
1.81664e+06	0
1.81674e+06	0
1.81684e+06	0
1.81694e+06	0
1.81704e+06	0
1.81714e+06	0
1.81724e+06	0
1.81734e+06	0
1.81744e+06	0
1.81754e+06	0
1.81764e+06	0
1.81774e+06	0
1.81784e+06	0
1.81794e+06	0
1.81804e+06	0
1.81814e+06	0
1.81824e+06	0
1.81834e+06	0
1.81844e+06	0
1.81854e+06	0
1.81864e+06	0
1.81874e+06	0
1.81884e+06	0
1.81894e+06	0
1.81904e+06	0
1.81914e+06	0
1.81924e+06	0
1.81934e+06	0
1.81944e+06	0
1.81954e+06	0
1.81964e+06	0
1.81974e+06	0
1.81984e+06	0
1.81994e+06	0
1.82004e+06	0
1.82014e+06	0
1.82024e+06	0
1.82034e+06	0
1.82044e+06	0
1.82054e+06	0
1.82064e+06	0
1.82074e+06	0
1.82084e+06	0
1.82094e+06	0
1.82104e+06	0
1.82114e+06	0
1.82124e+06	0
1.82134e+06	0
1.82144e+06	0
1.82154e+06	0
1.82164e+06	0
1.82174e+06	0
1.82184e+06	0
1.82194e+06	0
1.82204e+06	0
1.82214e+06	0
1.82224e+06	0
1.82234e+06	0
1.82244e+06	0
1.82254e+06	0
1.82264e+06	0
1.82274e+06	0
1.82284e+06	0
1.82294e+06	0
1.82304e+06	0
1.82314e+06	0
1.82324e+06	0
1.82334e+06	0
1.82344e+06	0
1.82354e+06	0
1.82364e+06	0
1.82374e+06	0
1.82384e+06	0
1.82394e+06	0
1.82404e+06	0
1.82414e+06	0
1.82424e+06	0
1.82434e+06	0
1.82444e+06	0
1.82454e+06	0
1.82464e+06	0
1.82474e+06	0
1.82484e+06	0
1.82494e+06	0
1.82504e+06	0
1.82514e+06	0
1.82524e+06	0
1.82534e+06	0
1.82544e+06	0
1.82554e+06	0
1.82564e+06	0
1.82574e+06	0
1.82584e+06	0
1.82594e+06	0
1.82604e+06	0
1.82614e+06	0
1.82624e+06	0
1.82634e+06	0
1.82644e+06	0
1.82654e+06	0
1.82664e+06	0
1.82674e+06	0
1.82684e+06	0
1.82694e+06	0
1.82704e+06	0
1.82714e+06	0
1.82724e+06	0
1.82734e+06	0
1.82744e+06	0
1.82754e+06	0
1.82764e+06	0
1.82774e+06	0
1.82784e+06	0
1.82794e+06	0
1.82804e+06	0
1.82814e+06	0
1.82824e+06	0
1.82834e+06	0
1.82844e+06	0
1.82854e+06	0
1.82864e+06	0
1.82874e+06	0
1.82884e+06	0
1.82894e+06	0
1.82904e+06	0
1.82914e+06	0
1.82924e+06	0
1.82934e+06	0
1.82944e+06	0
1.82954e+06	0
1.82964e+06	0
1.82974e+06	0
1.82984e+06	0
1.82994e+06	0
1.83004e+06	0
1.83014e+06	0
1.83024e+06	0
1.83034e+06	0
1.83044e+06	0
1.83054e+06	0
1.83064e+06	0
1.83074e+06	0
1.83084e+06	0
1.83094e+06	0
1.83104e+06	0
1.83114e+06	0
1.83124e+06	0
1.83134e+06	0
1.83144e+06	0
1.83154e+06	0
1.83164e+06	0
1.83174e+06	0
1.83184e+06	0
1.83194e+06	0
1.83204e+06	0
1.83214e+06	0
1.83224e+06	0
1.83234e+06	0
1.83244e+06	0
1.83254e+06	0
1.83264e+06	0
1.83274e+06	0
1.83284e+06	0
1.83294e+06	0
1.83304e+06	0
1.83314e+06	0
1.83324e+06	0
1.83334e+06	0
1.83344e+06	0
1.83354e+06	0
1.83364e+06	0
1.83374e+06	0
1.83384e+06	0
1.83394e+06	0
1.83404e+06	0
1.83414e+06	0
1.83424e+06	0
1.83434e+06	0
1.83444e+06	0
1.83454e+06	0
1.83464e+06	0
1.83474e+06	0
1.83484e+06	0
1.83494e+06	0
1.83504e+06	0
1.83514e+06	0
1.83524e+06	0
1.83534e+06	0
1.83544e+06	0
1.83554e+06	0
1.83564e+06	0
1.83574e+06	0
1.83584e+06	0
1.83594e+06	0
1.83604e+06	0
1.83614e+06	0
1.83624e+06	0
1.83634e+06	0
1.83644e+06	0
1.83654e+06	0
1.83664e+06	0
1.83674e+06	0
1.83684e+06	0
1.83694e+06	0
1.83704e+06	0
1.83714e+06	0
1.83724e+06	0
1.83734e+06	0
1.83744e+06	0
1.83754e+06	0
1.83764e+06	0
1.83774e+06	0
1.83784e+06	0
1.83794e+06	0
1.83804e+06	0
1.83814e+06	0
1.83824e+06	0
1.83834e+06	0
1.83844e+06	0
1.83854e+06	0
1.83864e+06	0
1.83874e+06	0
1.83884e+06	0
1.83894e+06	0
1.83904e+06	0
1.83914e+06	0
1.83924e+06	0
1.83934e+06	0
1.83944e+06	0
1.83954e+06	0
1.83964e+06	0
1.83974e+06	0
1.83984e+06	0
1.83994e+06	0
1.84004e+06	0
1.84014e+06	0
1.84024e+06	0
1.84034e+06	0
1.84044e+06	0
1.84054e+06	0
1.84064e+06	0
1.84074e+06	0
1.84084e+06	0
1.84094e+06	0
1.84104e+06	0
1.84114e+06	0
1.84124e+06	0
1.84134e+06	0
1.84144e+06	0
1.84154e+06	0
1.84164e+06	0
1.84174e+06	0
1.84184e+06	0
1.84194e+06	0
1.84204e+06	0
1.84214e+06	0
1.84224e+06	0
1.84234e+06	0
1.84244e+06	0
1.84254e+06	0
1.84264e+06	0
1.84274e+06	0
1.84284e+06	0
1.84294e+06	0
1.84304e+06	0
1.84314e+06	0
1.84324e+06	0
1.84334e+06	0
1.84344e+06	0
1.84354e+06	0
1.84364e+06	0
1.84374e+06	0
1.84384e+06	0
1.84394e+06	0
1.84404e+06	0
1.84414e+06	0
1.84424e+06	0
1.84434e+06	0
1.84444e+06	0
1.84454e+06	0
1.84464e+06	0
1.84474e+06	0
1.84484e+06	0
1.84494e+06	0
1.84504e+06	0
1.84514e+06	0
1.84524e+06	0
1.84534e+06	0
1.84544e+06	0
1.84554e+06	0
1.84564e+06	0
1.84574e+06	0
1.84584e+06	0
1.84594e+06	0
1.84604e+06	0
1.84614e+06	0
1.84624e+06	0
1.84634e+06	0
1.84644e+06	0
1.84654e+06	0
1.84664e+06	0
1.84674e+06	0
1.84684e+06	0
1.84694e+06	0
1.84704e+06	0
1.84714e+06	0
1.84724e+06	0
1.84734e+06	0
1.84744e+06	0
1.84754e+06	0
1.84764e+06	0
1.84774e+06	0
1.84784e+06	0
1.84794e+06	0
1.84804e+06	0
1.84814e+06	0
1.84824e+06	0
1.84834e+06	0
1.84844e+06	0
1.84854e+06	0
1.84864e+06	0
1.84874e+06	0
1.84884e+06	0
1.84894e+06	0
1.84904e+06	0
1.84914e+06	0
1.84924e+06	0
1.84934e+06	0
1.84944e+06	0
1.84954e+06	0
1.84964e+06	0
1.84974e+06	0
1.84984e+06	0
1.84994e+06	0
1.85004e+06	0
1.85014e+06	0
1.85024e+06	0
1.85034e+06	0
1.85044e+06	0
1.85054e+06	0
1.85064e+06	0
1.85074e+06	0
1.85084e+06	0
1.85094e+06	0
1.85104e+06	0
1.85114e+06	0
1.85124e+06	0
1.85134e+06	0
1.85144e+06	0
1.85154e+06	0
1.85164e+06	0
1.85174e+06	0
1.85184e+06	0
1.85194e+06	0
1.85204e+06	0
1.85214e+06	0
1.85224e+06	0
1.85234e+06	0
1.85244e+06	0
1.85254e+06	0
1.85264e+06	0
1.85274e+06	0
1.85284e+06	0
1.85294e+06	0
1.85304e+06	0
1.85314e+06	0
1.85324e+06	0
1.85334e+06	0
1.85344e+06	0
1.85354e+06	0
1.85364e+06	0
1.85374e+06	0
1.85384e+06	0
1.85394e+06	0
1.85404e+06	0
1.85414e+06	0
1.85424e+06	0
1.85434e+06	0
1.85444e+06	0
1.85454e+06	0
1.85464e+06	0
1.85474e+06	0
1.85484e+06	0
1.85494e+06	0
1.85504e+06	0
1.85514e+06	0
1.85524e+06	0
1.85534e+06	0
1.85544e+06	0
1.85554e+06	0
1.85564e+06	0
1.85574e+06	0
1.85584e+06	0
1.85594e+06	0
1.85604e+06	0
1.85614e+06	0
1.85624e+06	0
1.85634e+06	0
1.85644e+06	0
1.85654e+06	0
1.85664e+06	0
1.85674e+06	0
1.85684e+06	0
1.85694e+06	0
1.85704e+06	0
1.85714e+06	0
1.85724e+06	0
1.85734e+06	0
1.85744e+06	0
1.85754e+06	0
1.85764e+06	0
1.85774e+06	0
1.85784e+06	0
1.85794e+06	0
1.85804e+06	0
1.85814e+06	0
1.85824e+06	0
1.85834e+06	0
1.85844e+06	0
1.85854e+06	0
1.85864e+06	0
1.85874e+06	0
1.85884e+06	0
1.85894e+06	0
1.85904e+06	0
1.85914e+06	0
1.85924e+06	0
1.85934e+06	0
1.85944e+06	0
1.85954e+06	0
1.85964e+06	4.94066e-324
1.85974e+06	1.67982e-322
1.85984e+06	7.81118e-321
1.85994e+06	3.58489e-319
1.86004e+06	1.62921e-317
1.86014e+06	7.3305e-316
1.86024e+06	3.26549e-314
1.86034e+06	1.44019e-312
1.86044e+06	6.28853e-311
1.86054e+06	2.71854e-309
1.86064e+06	1.16353e-307
1.86074e+06	4.93036e-306
1.86084e+06	2.06841e-304
1.86094e+06	8.59112e-303
1.86104e+06	3.53282e-301
1.86114e+06	1.4383e-299
1.86124e+06	5.79742e-298
1.86134e+06	2.31354e-296
1.86144e+06	9.14065e-295
1.86154e+06	3.57547e-293
1.86164e+06	1.38467e-291
1.86174e+06	5.30906e-290
1.86184e+06	2.01533e-288
1.86194e+06	7.57409e-287
1.86204e+06	2.8182e-285
1.86214e+06	1.03818e-283
1.86224e+06	3.7864e-282
1.86234e+06	1.36722e-280
1.86244e+06	4.88776e-279
1.86254e+06	1.72996e-277
1.86264e+06	6.06207e-276
1.86274e+06	2.10311e-274
1.86284e+06	7.22372e-273
1.86294e+06	2.4565e-271
1.86304e+06	8.27044e-270
1.86314e+06	2.75675e-268
1.86324e+06	9.09755e-267
1.86334e+06	2.9724e-265
1.86344e+06	9.61498e-264
1.86354e+06	3.07926e-262
1.86364e+06	9.7634e-261
1.86374e+06	3.06487e-259
1.86384e+06	9.52536e-258
1.86394e+06	2.93094e-256
1.86404e+06	8.92874e-255
1.86414e+06	2.69296e-253
1.86424e+06	8.04132e-252
1.86434e+06	2.37729e-250
1.86444e+06	6.95813e-249
1.86454e+06	2.01633e-247
1.86464e+06	5.78477e-246
1.86474e+06	1.64312e-244
1.86484e+06	4.6207e-243
1.86494e+06	1.28648e-241
1.86504e+06	3.54616e-240
1.86514e+06	9.67761e-239
1.86524e+06	2.61478e-237
1.86534e+06	6.99456e-236
1.86544e+06	1.85243e-234
1.86554e+06	4.85714e-233
1.86564e+06	1.26089e-231
1.86574e+06	3.24063e-230
1.86584e+06	8.24593e-229
1.86594e+06	2.07734e-227
1.86604e+06	5.1812e-226
1.86614e+06	1.27942e-224
1.86624e+06	3.12788e-223
1.86634e+06	7.57086e-222
1.86644e+06	1.81425e-220
1.86654e+06	4.30434e-219
1.86664e+06	1.01105e-217
1.86674e+06	2.35124e-216
1.86684e+06	5.41348e-215
1.86694e+06	1.234e-213
1.86704e+06	2.7849e-212
1.86714e+06	6.22244e-211
1.86724e+06	1.37648e-209
1.86734e+06	3.01464e-208
1.86744e+06	6.53669e-207
1.86754e+06	1.40326e-205
1.86764e+06	2.98246e-204
1.86774e+06	6.27579e-203
1.86784e+06	1.30743e-201
1.86794e+06	2.69667e-200
1.86804e+06	5.50672e-199
1.86814e+06	1.11331e-197
1.86824e+06	2.22841e-196
1.86834e+06	4.41602e-195
1.86844e+06	8.66411e-194
1.86854e+06	1.68296e-192
1.86864e+06	3.23655e-191
1.86874e+06	6.16235e-190
1.86884e+06	1.16163e-188
1.86894e+06	2.16794e-187
1.86904e+06	4.00574e-186
1.86914e+06	7.32783e-185
1.86924e+06	1.32717e-183
1.86934e+06	2.37975e-182
1.86944e+06	4.2247e-181
1.86954e+06	7.42535e-180
1.86964e+06	1.2921e-178
1.86974e+06	2.22602e-177
1.86984e+06	3.79684e-176
1.86994e+06	6.41167e-175
1.87004e+06	1.07196e-173
1.87014e+06	1.77436e-172
1.87024e+06	2.90778e-171
1.87034e+06	4.71779e-170
1.87044e+06	7.57832e-169
1.87054e+06	1.20521e-167
1.87064e+06	1.89764e-166
1.87074e+06	2.95814e-165
1.87084e+06	4.56543e-164
1.87094e+06	6.97591e-163
1.87104e+06	1.0553e-161
1.87114e+06	1.58056e-160
1.87124e+06	2.3437e-159
1.87134e+06	3.44073e-158
1.87144e+06	5.00099e-157
1.87154e+06	7.19644e-156
1.87164e+06	1.02527e-154
1.87174e+06	1.44615e-153
1.87184e+06	2.01951e-152
1.87194e+06	2.79214e-151
1.87204e+06	3.82194e-150
1.87214e+06	5.17951e-149
1.87224e+06	6.94944e-148
1.87234e+06	9.23142e-147
1.87244e+06	1.21407e-145
1.87254e+06	1.5808e-144
1.87264e+06	2.03782e-143
1.87274e+06	2.60084e-142
1.87284e+06	3.28637e-141
1.87294e+06	4.11128e-140
1.87304e+06	5.09208e-139
1.87314e+06	6.24411e-138
1.87324e+06	7.58058e-137
1.87334e+06	9.11153e-136
1.87344e+06	1.08427e-134
1.87354e+06	1.27744e-133
1.87364e+06	1.49005e-132
1.87374e+06	1.72075e-131
1.87384e+06	1.9674e-130
1.87394e+06	2.22702e-129
1.87404e+06	2.49582e-128
1.87414e+06	2.76922e-127
1.87424e+06	3.04201e-126
1.87434e+06	3.30842e-125
1.87444e+06	3.56235e-124
1.87454e+06	3.79761e-123
1.87464e+06	4.00813e-122
1.87474e+06	4.18822e-121
1.87484e+06	4.33285e-120
1.87494e+06	4.43789e-119
1.87504e+06	4.50023e-118
1.87514e+06	4.51805e-117
1.87524e+06	4.49081e-116
1.87534e+06	4.41931e-115
1.87544e+06	4.30568e-114
1.87554e+06	4.15323e-113
1.87564e+06	3.96632e-112
1.87574e+06	3.75012e-111
1.87584e+06	3.51044e-110
1.87594e+06	3.25337e-109
1.87604e+06	2.98513e-108
1.87614e+06	2.71175e-107
1.87624e+06	2.4389e-106
1.87634e+06	2.17167e-105
1.87644e+06	1.91448e-104
1.87654e+06	1.67096e-103
1.87664e+06	1.44391e-102
1.87674e+06	1.23529e-101
1.87684e+06	1.04629e-100
1.87694e+06	8.77398e-100
1.87704e+06	7.28445e-99
1.87714e+06	5.98762e-98
1.87724e+06	4.87268e-97
1.87734e+06	3.9259e-96
1.87744e+06	3.13161e-95
1.87754e+06	2.47317e-94
1.87764e+06	1.93373e-93
1.87774e+06	1.49691e-92
1.87784e+06	1.14723e-91
1.87794e+06	8.70493e-91
1.87804e+06	6.53937e-90
1.87814e+06	4.86366e-89
1.87824e+06	3.58136e-88
1.87834e+06	2.6109e-87
1.87844e+06	1.88447e-86
1.87854e+06	1.34662e-85
1.87864e+06	9.52704e-85
1.87874e+06	6.67311e-84
1.87884e+06	4.62759e-83
1.87894e+06	3.17716e-82
1.87904e+06	2.15964e-81
1.87914e+06	1.45338e-80
1.87924e+06	9.68354e-80
1.87934e+06	6.38773e-79
1.87944e+06	4.17173e-78
1.87954e+06	2.69738e-77
1.87964e+06	1.72674e-76
1.87974e+06	1.09438e-75
1.87984e+06	6.86695e-75
1.87994e+06	4.26598e-74
1.88004e+06	2.6238e-73
1.88014e+06	1.59772e-72
1.88024e+06	9.6322e-72
1.88034e+06	5.74921e-71
1.88044e+06	3.39741e-70
1.88054e+06	1.98767e-69
1.88064e+06	1.15133e-68
1.88074e+06	6.60253e-68
1.88084e+06	3.74868e-67
1.88094e+06	2.10719e-66
1.88104e+06	1.1727e-65
1.88114e+06	6.46139e-65
1.88124e+06	3.5247e-64
1.88134e+06	1.9036e-63
1.88144e+06	1.01786e-62
1.88154e+06	5.38832e-62
1.88164e+06	2.82409e-61
1.88174e+06	1.46541e-60
1.88184e+06	7.52833e-60
1.88194e+06	3.82908e-59
1.88204e+06	1.92818e-58
1.88214e+06	9.61297e-58
1.88224e+06	4.74487e-57
1.88234e+06	2.31872e-56
1.88244e+06	1.12184e-55
1.88254e+06	5.37363e-55
1.88264e+06	2.54837e-54
1.88274e+06	1.19651e-53
1.88284e+06	5.56192e-53
1.88294e+06	2.55971e-52
1.88304e+06	1.16631e-51
1.88314e+06	5.26132e-51
1.88324e+06	2.34981e-50
1.88334e+06	1.03903e-49
1.88344e+06	4.54861e-49
1.88354e+06	1.97146e-48
1.88364e+06	8.45967e-48
1.88374e+06	3.59398e-47
1.88384e+06	1.51167e-46
1.88394e+06	6.29496e-46
1.88404e+06	2.5953e-45
1.88414e+06	1.05935e-44
1.88424e+06	4.28101e-44
1.88434e+06	1.71282e-43
1.88444e+06	6.78475e-43
1.88454e+06	2.6608e-42
1.88464e+06	1.03312e-41
1.88474e+06	3.97139e-41
1.88484e+06	1.51145e-40
1.88494e+06	5.6951e-40
1.88504e+06	2.12454e-39
1.88514e+06	7.84671e-39
1.88524e+06	2.86924e-38
1.88534e+06	1.03873e-37
1.88544e+06	3.72302e-37
1.88554e+06	1.32113e-36
1.88564e+06	4.64144e-36
1.88574e+06	1.61442e-35
1.88584e+06	5.55953e-35
1.88594e+06	1.89547e-34
1.88604e+06	6.39811e-34
1.88614e+06	2.13818e-33
1.88624e+06	7.07448e-33
1.88634e+06	2.3174e-32
1.88644e+06	7.51563e-32
1.88654e+06	2.41316e-31
1.88664e+06	7.67123e-31
1.88674e+06	2.41435e-30
1.88684e+06	7.52303e-30
1.88694e+06	2.32083e-29
1.88704e+06	7.08843e-29
1.88714e+06	2.14345e-28
1.88724e+06	6.41705e-28
1.88734e+06	1.90202e-27
1.88744e+06	5.58149e-27
1.88754e+06	1.6216e-26
1.88764e+06	4.66438e-26
1.88774e+06	1.32832e-25
1.88784e+06	3.74514e-25
1.88794e+06	1.04542e-24
1.88804e+06	2.88915e-24
1.88814e+06	7.90512e-24
1.88824e+06	2.14143e-23
1.88834e+06	5.74324e-23
1.88844e+06	1.52499e-22
1.88854e+06	4.009e-22
1.88864e+06	1.04343e-21
1.88874e+06	2.68873e-21
1.88884e+06	6.85945e-21
1.88894e+06	1.73257e-20
1.88904e+06	4.3326e-20
1.88914e+06	1.07267e-19
1.88924e+06	2.62931e-19
1.88934e+06	6.38083e-19
1.88944e+06	1.5331e-18
1.88954e+06	3.6469e-18
1.88964e+06	8.58888e-18
1.88974e+06	2.00267e-17
1.88984e+06	4.62318e-17
1.88994e+06	1.05666e-16
1.89004e+06	2.39104e-16
1.89014e+06	5.35675e-16
1.89024e+06	1.18817e-15
1.89034e+06	2.60925e-15
1.89044e+06	5.67307e-15
1.89054e+06	1.22119e-14
1.89064e+06	2.60262e-14
1.89074e+06	5.49168e-14
1.89084e+06	1.14727e-13
1.89094e+06	2.37297e-13
1.89104e+06	4.85944e-13
1.89114e+06	9.8526e-13
1.89124e+06	1.97781e-12
1.89134e+06	3.9309e-12
1.89144e+06	7.73523e-12
1.89154e+06	1.50706e-11
1.89164e+06	2.90713e-11
1.89174e+06	5.55239e-11
1.89184e+06	1.04997e-10
1.89194e+06	1.96591e-10
1.89204e+06	3.64449e-10
1.89214e+06	6.68965e-10
1.89224e+06	1.21581e-09
1.89234e+06	2.18792e-09
1.89244e+06	3.89856e-09
1.89254e+06	6.87841e-09
1.89264e+06	1.20168e-08
1.89274e+06	2.07882e-08
1.89284e+06	3.56104e-08
1.89294e+06	6.04056e-08
1.89304e+06	1.01468e-07
1.89314e+06	1.68787e-07
1.89324e+06	2.7805e-07
1.89334e+06	4.53618e-07
1.89344e+06	7.3292e-07
1.89354e+06	1.17283e-06
1.89364e+06	1.85885e-06
1.89374e+06	2.91811e-06
1.89384e+06	4.53761e-06
1.89394e+06	6.98945e-06
1.89404e+06	1.06653e-05
1.89414e+06	1.61229e-05
1.89424e+06	2.4148e-05
1.89434e+06	3.5836e-05
1.89444e+06	5.26973e-05
1.89454e+06	7.67937e-05
1.89464e+06	0.000110909
1.89474e+06	0.000158766
1.89484e+06	0.000225286
1.89494e+06	0.000316917
1.89504e+06	0.000442016
1.89514e+06	0.000611311
1.89524e+06	0.000838434
1.89534e+06	0.00114054
1.89544e+06	0.001539
1.89554e+06	0.0020602
1.89564e+06	0.00273637
1.89574e+06	0.0036065
1.89584e+06	0.0047173
1.89594e+06	0.00612413
1.89604e+06	0.00789194
1.89614e+06	0.010096
1.89624e+06	0.0128227
1.89634e+06	0.0161695
1.89644e+06	0.0202455
1.89654e+06	0.0251703
1.89664e+06	0.031073
1.89674e+06	0.0380903
1.89684e+06	0.0463634
1.89694e+06	0.0560339
1.89704e+06	0.0672386
1.89714e+06	0.0801037
1.89724e+06	0.0947366
1.89734e+06	0.111218
1.89744e+06	0.129593
1.89754e+06	0.149861
1.89764e+06	0.171969
1.89774e+06	0.195799
1.89784e+06	0.221165
1.89794e+06	0.247809
1.89804e+06	0.275397
1.89814e+06	0.303521
1.89824e+06	0.331707
1.89834e+06	0.359424
1.89844e+06	0.3861
1.89854e+06	0.411136
1.89864e+06	0.433933
1.89874e+06	0.453909
1.89884e+06	0.470529
1.89894e+06	0.483326
1.89904e+06	0.491922
1.89914e+06	0.496049
1.89924e+06	0.495559
1.89934e+06	0.490437
1.89944e+06	0.480799
1.89954e+06	0.46689
1.89964e+06	0.449072
1.89974e+06	0.427808
1.89984e+06	0.403643
1.89994e+06	0.377177
1.90004e+06	0.349043
1.90014e+06	0.319879
1.90024e+06	0.290305
1.90034e+06	0.260901
1.90044e+06	0.232187
1.90054e+06	0.204613
1.90064e+06	0.178548
1.90074e+06	0.154275
1.90084e+06	0.131992
1.90094e+06	0.111817
1.90104e+06	0.0937928
1.90114e+06	0.0778985
1.90124e+06	0.0640593
1.90134e+06	0.0521585
1.90144e+06	0.0420488
1.90154e+06	0.0335634
1.90164e+06	0.0265252
1.90174e+06	0.0207554
1.90184e+06	0.0160797
1.90194e+06	0.0123339
1.90204e+06	0.00936686
1.90214e+06	0.00704303
1.90224e+06	0.00524317
1.90234e+06	0.00386453
1.90244e+06	0.00282011
1.90254e+06	0.00203752
1.90264e+06	0.00145748
1.90274e+06	0.00103221
1.90284e+06	0.000723762
1.90294e+06	0.000502443
1.90304e+06	0.000345335
1.90314e+06	0.000234994
1.90324e+06	0.000158319
1.90334e+06	0.000105601
1.90344e+06	6.97377e-05
1.90354e+06	4.55959e-05
1.90364e+06	2.95151e-05
1.90374e+06	1.89156e-05
1.90384e+06	1.20021e-05
1.90394e+06	7.53968e-06
1.90404e+06	4.68931e-06
1.90414e+06	2.88752e-06
1.90424e+06	1.76037e-06
1.90434e+06	1.06258e-06
1.90444e+06	6.35076e-07
1.90454e+06	3.75921e-07
1.90464e+06	2.20525e-07
1.90474e+06	1.28452e-07
1.90484e+06	7.47029e-08
1.90494e+06	4.40502e-08
1.90504e+06	2.74056e-08
1.90514e+06	1.95371e-08
1.90524e+06	1.76712e-08
1.90534e+06	2.06773e-08
1.90544e+06	2.86408e-08
1.90554e+06	4.27058e-08
1.90564e+06	6.51223e-08
1.90574e+06	9.94636e-08
1.90584e+06	1.51009e-07
1.90594e+06	2.27299e-07
1.90604e+06	3.38888e-07
1.90614e+06	5.00312e-07
1.90624e+06	7.31319e-07
1.90634e+06	1.05837e-06
1.90644e+06	1.51645e-06
1.90654e+06	2.15118e-06
1.90664e+06	3.02123e-06
1.90674e+06	4.20095e-06
1.90684e+06	5.7832e-06
1.90694e+06	7.88217e-06
1.90704e+06	1.06361e-05
1.90714e+06	1.42093e-05
1.90724e+06	1.87941e-05
1.90734e+06	2.46109e-05
1.90744e+06	3.19073e-05
1.90754e+06	4.09553e-05
1.90764e+06	5.2046e-05
1.90774e+06	6.54819e-05
1.90784e+06	8.15666e-05
1.90794e+06	0.000100591
1.90804e+06	0.000122819
1.90814e+06	0.000148466
1.90824e+06	0.000177684
1.90834e+06	0.000210535
1.90844e+06	0.000246978
1.90854e+06	0.000286846
1.90864e+06	0.000329834
1.90874e+06	0.000375492
1.90884e+06	0.000423216
1.90894e+06	0.00047226
1.90904e+06	0.000521743
1.90914e+06	0.000570676
1.90924e+06	0.000617987
1.90934e+06	0.000662562
1.90944e+06	0.000703284
1.90954e+06	0.000739081
1.90964e+06	0.000768971
1.90974e+06	0.00079211
1.90984e+06	0.000807825
1.90994e+06	0.000815656
1.91004e+06	0.000815367
1.91014e+06	0.000806969
1.91024e+06	0.00079071
1.91034e+06	0.00076707
1.91044e+06	0.000736732
1.91054e+06	0.000700553
1.91064e+06	0.000659523
1.91074e+06	0.000614717
1.91084e+06	0.000567255
1.91094e+06	0.000518249
1.91104e+06	0.000468765
1.91114e+06	0.000419787
1.91124e+06	0.000372186
1.91134e+06	0.000326699
1.91144e+06	0.000283918
1.91154e+06	0.000244284
1.91164e+06	0.000208092
1.91174e+06	0.000175498
1.91184e+06	0.000146536
1.91194e+06	0.000121137
1.91204e+06	9.91431e-05
1.91214e+06	8.03354e-05
1.91224e+06	6.44479e-05
1.91234e+06	5.11879e-05
1.91244e+06	4.02516e-05
1.91254e+06	3.13369e-05
1.91264e+06	2.41538e-05
1.91274e+06	1.8432e-05
1.91284e+06	1.39257e-05
1.91294e+06	1.04164e-05
1.91304e+06	7.71393e-06
1.91314e+06	5.65576e-06
1.91324e+06	4.10547e-06
1.91334e+06	2.95048e-06
1.91344e+06	2.09932e-06
1.91354e+06	1.47884e-06
1.91364e+06	1.03139e-06
1.91374e+06	7.12163e-07
1.91384e+06	4.86849e-07
1.91394e+06	3.29508e-07
1.91404e+06	2.20798e-07
1.91414e+06	1.46481e-07
1.91424e+06	9.62105e-08
1.91434e+06	6.25637e-08
1.91444e+06	4.0279e-08
1.91454e+06	2.5674e-08
1.91464e+06	1.62018e-08
1.91474e+06	1.01226e-08
1.91484e+06	6.26148e-09
1.91494e+06	3.83459e-09
1.91504e+06	2.32497e-09
1.91514e+06	1.39564e-09
1.91524e+06	8.29445e-10
1.91534e+06	4.88043e-10
1.91544e+06	2.84306e-10
1.91554e+06	1.63972e-10
1.91564e+06	9.36292e-11
1.91574e+06	5.2931e-11
1.91584e+06	2.96255e-11
1.91594e+06	1.64164e-11
1.91604e+06	9.00633e-12
1.91614e+06	4.89187e-12
1.91624e+06	2.63062e-12
1.91634e+06	1.40055e-12
1.91644e+06	7.38239e-13
1.91654e+06	3.85258e-13
1.91664e+06	1.99051e-13
1.91674e+06	1.0182e-13
1.91684e+06	5.15655e-14
1.91694e+06	2.58549e-14
1.91704e+06	1.28346e-14
1.91714e+06	6.30783e-15
1.91724e+06	3.06927e-15
1.91734e+06	1.47858e-15
1.91744e+06	7.05203e-16
1.91754e+06	3.32997e-16
1.91764e+06	1.55676e-16
1.91774e+06	7.20547e-17
1.91784e+06	3.30186e-17
1.91794e+06	1.498e-17
1.91804e+06	6.72858e-18
1.91814e+06	2.9922e-18
1.91824e+06	1.3174e-18
1.91834e+06	5.74246e-19
1.91844e+06	2.4782e-19
1.91854e+06	1.05885e-19
1.91864e+06	4.47906e-20
1.91874e+06	1.87584e-20
1.91884e+06	7.77793e-21
1.91894e+06	3.19292e-21
1.91904e+06	1.29769e-21
1.91914e+06	5.22165e-22
1.91924e+06	2.08019e-22
1.91934e+06	8.20457e-23
1.91944e+06	3.2038e-23
1.91954e+06	1.2386e-23
1.91964e+06	4.74085e-24
1.91974e+06	1.79654e-24
1.91984e+06	6.74022e-25
1.91994e+06	2.50362e-25
1.92004e+06	9.20706e-26
1.92014e+06	3.3522e-26
1.92024e+06	1.20836e-26
1.92034e+06	4.3124e-27
1.92044e+06	1.5237e-27
1.92054e+06	5.33011e-28
1.92064e+06	1.846e-28
1.92074e+06	6.32968e-29
1.92084e+06	2.14877e-29
1.92094e+06	7.22197e-30
1.92104e+06	2.40314e-30
1.92114e+06	7.91695e-31
1.92124e+06	2.58223e-31
1.92134e+06	8.3385e-32
1.92144e+06	2.66587e-32
1.92154e+06	8.43813e-33
1.92164e+06	2.6443e-33
1.92174e+06	8.20414e-34
1.92184e+06	2.52007e-34
1.92194e+06	7.66387e-35
1.92204e+06	2.3075e-35
1.92214e+06	6.87846e-36
1.92224e+06	2.03001e-36
1.92234e+06	5.93147e-37
1.92244e+06	1.71587e-37
1.92254e+06	4.9143e-38
1.92264e+06	1.39347e-38
1.92274e+06	3.91192e-39
1.92284e+06	1.08727e-39
1.92294e+06	2.99189e-40
1.92304e+06	8.15097e-41
1.92314e+06	2.19852e-41
1.92324e+06	5.87099e-42
1.92334e+06	1.55241e-42
1.92344e+06	4.07221e-43
1.92354e+06	1.09111e-43
1.92364e+06	4.25233e-44
1.92374e+06	6.9167e-44
1.92384e+06	2.49535e-43
1.92394e+06	9.76273e-43
1.92404e+06	3.8047e-42
1.92414e+06	1.46861e-41
1.92424e+06	5.61265e-41
1.92434e+06	2.12374e-40
1.92444e+06	7.95615e-40
1.92454e+06	2.95104e-39
1.92464e+06	1.08372e-38
1.92474e+06	3.94033e-38
1.92484e+06	1.41847e-37
1.92494e+06	5.05568e-37
1.92504e+06	1.78408e-36
1.92514e+06	6.23339e-36
1.92524e+06	2.15631e-35
1.92534e+06	7.38542e-35
1.92544e+06	2.50448e-34
1.92554e+06	8.40893e-34
1.92564e+06	2.79541e-33
1.92574e+06	9.20094e-33
1.92584e+06	2.99849e-32
1.92594e+06	9.67521e-32
1.92604e+06	3.09104e-31
1.92614e+06	9.77774e-31
1.92624e+06	3.06241e-30
1.92634e+06	9.49687e-30
1.92644e+06	2.91604e-29
1.92654e+06	8.8655e-29
1.92664e+06	2.66878e-28
1.92674e+06	7.95469e-28
1.92684e+06	2.34768e-27
1.92694e+06	6.86057e-27
1.92704e+06	1.98514e-26
1.92714e+06	5.6877e-26
1.92724e+06	1.6136e-25
1.92734e+06	4.53289e-25
1.92744e+06	1.26089e-24
1.92754e+06	3.47298e-24
1.92764e+06	9.47237e-24
1.92774e+06	2.55828e-23
1.92784e+06	6.84186e-23
1.92794e+06	1.81193e-22
1.92804e+06	4.75178e-22
1.92814e+06	1.23402e-21
1.92824e+06	3.17352e-21
1.92834e+06	8.08204e-21
1.92844e+06	2.03829e-20
1.92854e+06	5.09077e-20
1.92864e+06	1.25915e-19
1.92874e+06	3.08426e-19
1.92884e+06	7.48196e-19
1.92894e+06	1.79752e-18
1.92904e+06	4.27694e-18
1.92914e+06	1.00786e-17
1.92924e+06	2.35224e-17
1.92934e+06	5.43731e-17
1.92944e+06	1.24485e-16
1.92954e+06	2.82282e-16
1.92964e+06	6.34008e-16
1.92974e+06	1.41045e-15
1.92984e+06	3.10799e-15
1.92994e+06	6.78372e-15
1.93004e+06	1.46667e-14
1.93014e+06	3.14108e-14
1.93024e+06	6.66375e-14
1.93034e+06	1.40042e-13
1.93044e+06	2.91544e-13
1.93054e+06	6.01266e-13
1.93064e+06	1.22844e-12
1.93074e+06	2.48641e-12
1.93084e+06	4.98578e-12
1.93094e+06	9.90469e-12
1.93104e+06	1.94942e-11
1.93114e+06	3.8013e-11
1.93124e+06	7.34396e-11
1.93134e+06	1.40574e-10
1.93144e+06	2.66603e-10
1.93154e+06	5.00972e-10
1.93164e+06	9.32735e-10
1.93174e+06	1.7207e-09
1.93184e+06	3.14526e-09
1.93194e+06	5.69664e-09
1.93204e+06	1.02234e-08
1.93214e+06	1.81798e-08
1.93224e+06	3.20335e-08
1.93234e+06	5.59295e-08
1.93244e+06	9.67612e-08
1.93254e+06	1.65877e-07
1.93264e+06	2.81772e-07
1.93274e+06	4.74278e-07
1.93284e+06	7.9103e-07
1.93294e+06	1.3073e-06
1.93304e+06	2.1408e-06
1.93314e+06	3.47373e-06
1.93324e+06	5.58509e-06
1.93334e+06	8.89764e-06
1.93344e+06	1.40451e-05
1.93354e+06	2.19673e-05
1.93364e+06	3.40427e-05
1.93374e+06	5.2271e-05
1.93384e+06	7.95211e-05
1.93394e+06	0.000119862
1.93404e+06	0.000178999
1.93414e+06	0.00026484
1.93424e+06	0.000388216
1.93434e+06	0.000563782
1.93444e+06	0.00081113
1.93454e+06	0.00115612
1.93464e+06	0.00163245
1.93474e+06	0.00228346
1.93484e+06	0.00316414
1.93494e+06	0.0043433
1.93504e+06	0.00590577
1.93514e+06	0.00795459
1.93524e+06	0.0106129
1.93534e+06	0.0140256
1.93544e+06	0.0183599
1.93554e+06	0.0238052
1.93564e+06	0.0305717
1.93574e+06	0.0388871
1.93584e+06	0.0489918
1.93594e+06	0.0611316
1.93604e+06	0.0755486
1.93614e+06	0.0924695
1.93624e+06	0.112092
1.93634e+06	0.134571
1.93644e+06	0.16
1.93654e+06	0.188398
1.93664e+06	0.219693
1.93674e+06	0.253706
1.93684e+06	0.290148
1.93694e+06	0.328605
1.93704e+06	0.368546
1.93714e+06	0.409324
1.93724e+06	0.450193
1.93734e+06	0.49032
1.93744e+06	0.52882
1.93754e+06	0.564781
1.93764e+06	0.5973
1.93774e+06	0.625523
1.93784e+06	0.648677
1.93794e+06	0.66611
1.93804e+06	0.677321
1.93814e+06	0.681978
1.93824e+06	0.679943
1.93834e+06	0.671273
1.93844e+06	0.65622
1.93854e+06	0.635215
1.93864e+06	0.608854
1.93874e+06	0.577863
1.93884e+06	0.543071
1.93894e+06	0.505366
1.93904e+06	0.465665
1.93914e+06	0.424874
1.93924e+06	0.383853
1.93934e+06	0.34339
1.93944e+06	0.304179
1.93954e+06	0.266803
1.93964e+06	0.231725
1.93974e+06	0.199286
1.93984e+06	0.169709
1.93994e+06	0.143105
1.94004e+06	0.119491
1.94014e+06	0.098796
1.94024e+06	0.0808865
1.94034e+06	0.0655762
1.94044e+06	0.0526444
1.94054e+06	0.0418503
1.94064e+06	0.0329451
1.94074e+06	0.0256824
1.94084e+06	0.0198266
1.94094e+06	0.0151582
1.94104e+06	0.0114785
1.94114e+06	0.00861081
1.94124e+06	0.00640193
1.94134e+06	0.00472131
1.94144e+06	0.00346
1.94154e+06	0.00252893
1.94164e+06	0.001857
1.94174e+06	0.00138905
1.94184e+06	0.00108403
1.94194e+06	0.000913339
1.94204e+06	0.000859424
1.94214e+06	0.000914819
1.94224e+06	0.00108144
1.94234e+06	0.00137025
1.94244e+06	0.00180116
1.94254e+06	0.00240325
1.94264e+06	0.00321497
1.94274e+06	0.00428455
1.94284e+06	0.00567018
1.94294e+06	0.00744003
1.94304e+06	0.00967189
1.94314e+06	0.0124523
1.94324e+06	0.0158751
1.94334e+06	0.0200389
1.94344e+06	0.0250439
1.94354e+06	0.0309882
1.94364e+06	0.0379623
1.94374e+06	0.0460433
1.94384e+06	0.0552889
1.94394e+06	0.0657306
1.94404e+06	0.0773667
1.94414e+06	0.0901566
1.94424e+06	0.104016
1.94434e+06	0.118811
1.94444e+06	0.13436
1.94454e+06	0.150433
1.94464e+06	0.166753
1.94474e+06	0.183003
1.94484e+06	0.198839
1.94494e+06	0.213896
1.94504e+06	0.227803
1.94514e+06	0.2402
1.94524e+06	0.250752
1.94534e+06	0.259163
1.94544e+06	0.265191
1.94554e+06	0.268659
1.94564e+06	0.269464
1.94574e+06	0.267583
1.94584e+06	0.26307
1.94594e+06	0.256061
1.94604e+06	0.246758
1.94614e+06	0.235427
1.94624e+06	0.222381
1.94634e+06	0.207968
1.94644e+06	0.192554
1.94654e+06	0.176509
1.94664e+06	0.16019
1.94674e+06	0.143934
1.94684e+06	0.128041
1.94694e+06	0.112769
1.94704e+06	0.0983303
1.94714e+06	0.0848873
1.94724e+06	0.072553
1.94734e+06	0.0613939
1.94744e+06	0.0514342
1.94754e+06	0.0426614
1.94764e+06	0.0350329
1.94774e+06	0.0284822
1.94784e+06	0.022926
1.94794e+06	0.0182701
1.94804e+06	0.0144148
1.94814e+06	0.0112599
1.94824e+06	0.00870801
1.94834e+06	0.00666744
1.94844e+06	0.00505424
1.94854e+06	0.00379324
1.94864e+06	0.00281852
1.94874e+06	0.00207343
1.94884e+06	0.00151013
1.94894e+06	0.00108892
1.94904e+06	0.000777387
1.94914e+06	0.000549457
1.94924e+06	0.000384492
1.94934e+06	0.000266378
1.94944e+06	0.000182712
1.94954e+06	0.000124077
1.94964e+06	8.34205e-05
1.94974e+06	5.5528e-05
1.94984e+06	3.65938e-05
1.94994e+06	2.3876e-05
1.95004e+06	1.54231e-05
1.95014e+06	9.86366e-06
1.95024e+06	6.24543e-06
1.95034e+06	3.9151e-06
1.95044e+06	2.42986e-06
1.95054e+06	1.49306e-06
1.95064e+06	9.083e-07
1.95074e+06	5.47065e-07
1.95084e+06	3.26217e-07
1.95094e+06	1.92589e-07
1.95104e+06	1.12569e-07
1.95114e+06	6.51435e-08
1.95124e+06	3.73267e-08
1.95134e+06	2.11811e-08
1.95144e+06	1.19105e-08
1.95154e+06	6.65067e-09
1.95164e+06	3.71222e-09
1.95174e+06	2.11438e-09
1.95184e+06	1.30164e-09
1.95194e+06	9.75755e-10
1.95204e+06	1.00022e-09
1.95214e+06	1.35134e-09
1.95224e+06	2.10112e-09
1.95234e+06	3.42504e-09
1.95244e+06	5.63305e-09
1.95254e+06	9.22683e-09
1.95264e+06	1.49904e-08
1.95274e+06	2.41253e-08
1.95284e+06	3.84473e-08
1.95294e+06	6.06651e-08
1.95304e+06	9.4771e-08
1.95314e+06	1.46579e-07
1.95324e+06	2.24453e-07
1.95334e+06	3.4028e-07
1.95344e+06	5.10745e-07
1.95354e+06	7.58978e-07
1.95364e+06	1.11663e-06
1.95374e+06	1.62649e-06
1.95384e+06	2.34556e-06
1.95394e+06	3.34888e-06
1.95404e+06	4.7338e-06
1.95414e+06	6.62487e-06
1.95424e+06	9.17914e-06
1.95434e+06	1.25917e-05
1.95444e+06	1.7101e-05
1.95454e+06	2.29942e-05
1.95464e+06	3.06105e-05
1.95474e+06	4.03441e-05
1.95484e+06	5.26438e-05
1.95494e+06	6.80097e-05
1.95504e+06	8.69865e-05
1.95514e+06	0.000110151
1.95524e+06	0.000138097
1.95534e+06	0.00017141
1.95544e+06	0.000210643
1.95554e+06	0.000256279
1.95564e+06	0.000308699
1.95574e+06	0.000368142
1.95584e+06	0.000434664
1.95594e+06	0.000508098
1.95604e+06	0.000588029
1.95614e+06	0.000673764
1.95624e+06	0.000764316
1.95634e+06	0.000858412
1.95644e+06	0.000954499
1.95654e+06	0.00105078
1.95664e+06	0.00114527
1.95674e+06	0.00123582
1.95684e+06	0.00132028
1.95694e+06	0.00139646
1.95704e+06	0.00146235
1.95714e+06	0.00151611
1.95724e+06	0.00155621
1.95734e+06	0.00158147
1.95744e+06	0.00159115
1.95754e+06	0.00158496
1.95764e+06	0.00156308
1.95774e+06	0.00152617
1.95784e+06	0.00147531
1.95794e+06	0.00141194
1.95804e+06	0.00133786
1.95814e+06	0.00125505
1.95824e+06	0.00116564
1.95834e+06	0.00107184
1.95844e+06	0.000975777
1.95854e+06	0.000879485
1.95864e+06	0.000784808
1.95874e+06	0.000693355
1.95884e+06	0.000606463
1.95894e+06	0.000525183
1.95904e+06	0.000450271
1.95914e+06	0.000382203
1.95924e+06	0.000321197
1.95934e+06	0.000267242
1.95944e+06	0.000220139
1.95954e+06	0.000179533
1.95964e+06	0.000144961
1.95974e+06	0.000115881
1.95984e+06	9.17134e-05
1.95994e+06	7.18636e-05
1.96004e+06	5.57497e-05
1.96014e+06	4.28187e-05
1.96024e+06	3.25598e-05
1.96034e+06	2.45124e-05
1.96044e+06	1.82704e-05
1.96054e+06	1.34824e-05
1.96064e+06	9.85016e-06
1.96074e+06	7.12486e-06
1.96084e+06	5.1023e-06
1.96094e+06	3.61754e-06
1.96104e+06	2.53932e-06
1.96114e+06	1.76473e-06
1.96124e+06	1.21422e-06
1.96134e+06	8.27128e-07
1.96144e+06	5.57834e-07
1.96154e+06	3.72473e-07
1.96164e+06	2.4623e-07
1.96174e+06	1.61155e-07
1.96184e+06	1.04425e-07
1.96194e+06	6.6992e-08
1.96204e+06	4.25498e-08
1.96214e+06	2.67565e-08
1.96224e+06	1.66578e-08
1.96234e+06	1.02675e-08
1.96244e+06	6.26567e-09
1.96254e+06	3.78554e-09
1.96264e+06	2.26436e-09
1.96274e+06	1.34097e-09
1.96284e+06	7.86231e-10
1.96294e+06	4.56392e-10
1.96304e+06	2.62291e-10
1.96314e+06	1.4924e-10
1.96324e+06	8.40709e-11
1.96334e+06	4.6888e-11
1.96344e+06	2.58902e-11
1.96354e+06	1.41536e-11
1.96364e+06	7.66044e-12
1.96374e+06	4.10486e-12
1.96384e+06	2.17771e-12
1.96394e+06	1.14382e-12
1.96404e+06	5.94806e-13
1.96414e+06	3.0623e-13
1.96424e+06	1.56091e-13
1.96434e+06	7.87707e-14
1.96444e+06	3.93558e-14
1.96454e+06	1.94675e-14
1.96464e+06	9.53385e-15
1.96474e+06	4.62257e-15
1.96484e+06	2.21899e-15
1.96494e+06	1.05459e-15
1.96504e+06	4.96217e-16
1.96514e+06	2.31161e-16
1.96524e+06	1.06614e-16
1.96534e+06	4.86826e-17
1.96544e+06	2.20084e-17
1.96554e+06	9.85053e-18
1.96564e+06	4.36504e-18
1.96574e+06	1.91502e-18
1.96584e+06	8.31797e-19
1.96594e+06	3.57699e-19
1.96604e+06	1.52291e-19
1.96614e+06	6.41931e-20
1.96624e+06	2.67892e-20
1.96634e+06	1.10685e-20
1.96644e+06	4.52765e-21
1.96654e+06	1.83364e-21
1.96664e+06	7.35215e-22
1.96674e+06	2.91857e-22
1.96684e+06	1.14705e-22
1.96694e+06	4.46328e-23
1.96704e+06	1.71942e-23
1.96714e+06	6.55793e-24
1.96724e+06	2.47633e-24
1.96734e+06	9.25778e-25
1.96744e+06	3.42659e-25
1.96754e+06	1.25567e-25
1.96764e+06	4.5556e-26
1.96774e+06	1.63634e-26
1.96784e+06	5.81911e-27
1.96794e+06	2.04879e-27
1.96804e+06	7.14161e-28
1.96814e+06	2.46465e-28
1.96824e+06	8.42191e-29
1.96834e+06	2.8517e-29
1.96844e+06	9.64237e-30
1.96854e+06	3.497e-30
1.96864e+06	2.11766e-30
1.96874e+06	3.79311e-30
1.96884e+06	1.10632e-29
1.96894e+06	3.44164e-29
1.96904e+06	1.06846e-28
1.96914e+06	3.28674e-28
1.96924e+06	1.00107e-27
1.96934e+06	3.01872e-27
1.96944e+06	9.01237e-27
1.96954e+06	2.66387e-26
1.96964e+06	7.79549e-26
1.96974e+06	2.25856e-25
1.96984e+06	6.47853e-25
1.96994e+06	1.83983e-24
1.97004e+06	5.17295e-24
1.97014e+06	1.43997e-23
1.97024e+06	3.96852e-23
1.97034e+06	1.08283e-22
1.97044e+06	2.92515e-22
1.97054e+06	7.82335e-22
1.97064e+06	2.07155e-21
1.97074e+06	5.43069e-21
1.97084e+06	1.40952e-20
1.97094e+06	3.62198e-20
1.97104e+06	9.21462e-20
1.97114e+06	2.32095e-19
1.97124e+06	5.78777e-19
1.97134e+06	1.42894e-18
1.97144e+06	3.4928e-18
1.97154e+06	8.45261e-18
1.97164e+06	2.02519e-17
1.97174e+06	4.80393e-17
1.97184e+06	1.1282e-16
1.97194e+06	2.6232e-16
1.97204e+06	6.03857e-16
1.97214e+06	1.37624e-15
1.97224e+06	3.10536e-15
1.97234e+06	6.93723e-15
1.97244e+06	1.53433e-14
1.97254e+06	3.35975e-14
1.97264e+06	7.28372e-14
1.97274e+06	1.56335e-13
1.97284e+06	3.32213e-13
1.97294e+06	6.98932e-13
1.97304e+06	1.45583e-12
1.97314e+06	3.00222e-12
1.97324e+06	6.12959e-12
1.97334e+06	1.23902e-11
1.97344e+06	2.4796e-11
1.97354e+06	4.91295e-11
1.97364e+06	9.63741e-11
1.97374e+06	1.8717e-10
1.97384e+06	3.59889e-10
1.97394e+06	6.85107e-10
1.97404e+06	1.29123e-09
1.97414e+06	2.4094e-09
1.97424e+06	4.45114e-09
1.97434e+06	8.14122e-09
1.97444e+06	1.47423e-08
1.97454e+06	2.64301e-08
1.97464e+06	4.69125e-08
1.97474e+06	8.24396e-08
1.97484e+06	1.4343e-07
1.97494e+06	2.4706e-07
1.97504e+06	4.21329e-07
1.97514e+06	7.11374e-07
1.97524e+06	1.18914e-06
1.97534e+06	1.96799e-06
1.97544e+06	3.22456e-06
1.97554e+06	5.2309e-06
1.97564e+06	8.40115e-06
1.97574e+06	1.33585e-05
1.97584e+06	2.10298e-05
1.97594e+06	3.27771e-05
1.97604e+06	5.0578e-05
1.97614e+06	7.72699e-05
1.97624e+06	0.000116874
1.97634e+06	0.000175017
1.97644e+06	0.000259478
1.97654e+06	0.000380871
1.97664e+06	0.000553495
1.97674e+06	0.000796353
1.97684e+06	0.00113437
1.97694e+06	0.00159979
1.97704e+06	0.00223371
1.97714e+06	0.0030878
1.97724e+06	0.00422598
1.97734e+06	0.00572617
1.97744e+06	0.00768171
1.97754e+06	0.0102026
1.97764e+06	0.0134158
1.97774e+06	0.0174656
1.97784e+06	0.0225116
1.97794e+06	0.0287268
1.97804e+06	0.0362932
1.97814e+06	0.0453964
1.97824e+06	0.0562179
1.97834e+06	0.0689263
1.97844e+06	0.0836669
1.97854e+06	0.100549
1.97864e+06	0.119636
1.97874e+06	0.14093
1.97884e+06	0.164363
1.97894e+06	0.189785
1.97904e+06	0.216959
1.97914e+06	0.245556
1.97924e+06	0.275158
1.97934e+06	0.305261
1.97944e+06	0.335289
1.97954e+06	0.364608
1.97964e+06	0.392547
1.97974e+06	0.418423
1.97984e+06	0.44157
1.97994e+06	0.461362
1.98004e+06	0.477248
1.98014e+06	0.488772
1.98024e+06	0.495598
1.98034e+06	0.497522
1.98044e+06	0.494489
1.98054e+06	0.486589
1.98064e+06	0.474057
1.98074e+06	0.457258
1.98084e+06	0.436671
1.98094e+06	0.41287
1.98104e+06	0.386488
1.98114e+06	0.3582
1.98124e+06	0.328686
1.98134e+06	0.298611
1.98144e+06	0.268597
1.98154e+06	0.239203
1.98164e+06	0.210914
1.98174e+06	0.184128
1.98184e+06	0.159152
1.98194e+06	0.136202
1.98204e+06	0.115409
1.98214e+06	0.0968235
1.98224e+06	0.0804289
1.98234e+06	0.0661511
1.98244e+06	0.0538718
1.98254e+06	0.0434399
1.98264e+06	0.0346838
1.98274e+06	0.0274209
1.98284e+06	0.0214664
1.98294e+06	0.0166406
1.98304e+06	0.0127738
1.98314e+06	0.00971012
1.98324e+06	0.00730957
1.98334e+06	0.00544924
1.98344e+06	0.0040232
1.98354e+06	0.00294181
1.98364e+06	0.00213051
1.98374e+06	0.00152827
1.98384e+06	0.00108589
1.98394e+06	0.000764298
1.98404e+06	0.00053292
1.98414e+06	0.000368141
1.98424e+06	0.000251972
1.98434e+06	0.000170888
1.98444e+06	0.000114851
1.98454e+06	7.65007e-05
1.98464e+06	5.05068e-05
1.98474e+06	3.30553e-05
1.98484e+06	2.14484e-05
1.98494e+06	1.37997e-05
1.98504e+06	8.80492e-06
1.98514e+06	5.57227e-06
1.98524e+06	3.4983e-06
1.98534e+06	2.17906e-06
1.98544e+06	1.34693e-06
1.98554e+06	8.26334e-07
1.98564e+06	5.03238e-07
1.98574e+06	3.04278e-07
1.98584e+06	1.8269e-07
1.98594e+06	1.08936e-07
1.98604e+06	6.45203e-08
1.98614e+06	3.79616e-08
1.98624e+06	2.21899e-08
1.98634e+06	1.28874e-08
1.98644e+06	7.43702e-09
