992191	1.99312e-06
992291	3.26972e-06
992391	5.31059e-06
992491	8.5395e-06
992591	1.3595e-05
992691	2.14281e-05
992791	3.34383e-05
992891	5.1661e-05
992991	7.90202e-05
993091	0.000119666
993191	0.000179415
993291	0.000266321
993391	0.000391389
993491	0.000569468
993591	0.000820327
993691	0.00116993
993791	0.00165194
993891	0.00230931
993991	0.00319615
994091	0.00437956
994191	0.00594142
994291	0.00798007
994391	0.0106116
994491	0.0139705
994591	0.0182096
994691	0.0234988
994791	0.0300225
994891	0.0379757
994991	0.0475579
995091	0.0589652
995191	0.0723813
995291	0.0879658
995391	0.105842
995491	0.126084
995591	0.148703
995691	0.173634
995791	0.200727
995891	0.22974
995991	0.260329
996091	0.292057
996191	0.32439
996291	0.356719
996391	0.388366
996491	0.418613
996591	0.446727
996691	0.471985
996791	0.49371
996891	0.511295
996991	0.524239
997091	0.532162
997191	0.534829
997291	0.532162
997391	0.524239
997491	0.511295
997591	0.49371
997691	0.471985
997791	0.446727
997891	0.418613
997991	0.388366
998091	0.356719
998191	0.32439
998291	0.292057
998391	0.260329
998491	0.22974
998591	0.200727
998691	0.173634
998791	0.148703
998891	0.126084
998991	0.105842
999091	0.0879658
999191	0.0723813
999291	0.0589652
999391	0.0475579
999491	0.0379757
999591	0.0300225
999691	0.0234988
999791	0.0182096
999891	0.0139705
999991	0.0106116
1.00009e+06	0.00798007
1.00019e+06	0.00594142
1.00029e+06	0.00437956
1.00039e+06	0.00319616
1.00049e+06	0.00230931
1.00059e+06	0.00165195
1.00069e+06	0.00116995
1.00079e+06	0.000820359
1.00089e+06	0.000569525
1.00099e+06	0.000391491
1.00109e+06	0.0002665
1.00119e+06	0.000179727
1.00129e+06	0.000120203
1.00139e+06	7.99371e-05
1.00149e+06	5.32112e-05
1.00159e+06	3.60332e-05
1.00169e+06	2.57283e-05
1.00179e+06	2.06504e-05
1.00189e+06	2.00001e-05
1.00199e+06	2.37417e-05
1.00209e+06	3.2616e-05
1.00219e+06	4.82537e-05
1.00229e+06	7.3401e-05
1.00239e+06	0.000112276
1.00249e+06	0.000171083
1.00259e+06	0.000258721
1.00269e+06	0.00038772
1.00279e+06	0.000575466
1.00289e+06	0.000845743
1.00299e+06	0.00123066
1.00309e+06	0.00177298
1.00319e+06	0.00252889
1.00329e+06	0.00357121
1.00339e+06	0.00499295
1.00349e+06	0.00691126
1.00359e+06	0.00947139
1.00369e+06	0.0128507
1.00379e+06	0.0172623
1.00389e+06	0.0229576
1.00399e+06	0.0302281
1.00409e+06	0.0394052
1.00419e+06	0.0508572
1.00429e+06	0.0649843
1.00439e+06	0.0822095
1.00449e+06	0.102966
1.00459e+06	0.127679
1.00469e+06	0.156749
1.00479e+06	0.190522
1.00489e+06	0.229268
1.00499e+06	0.273149
1.00509e+06	0.32219
1.00519e+06	0.376254
1.00529e+06	0.435019
1.00539e+06	0.497957
1.00549e+06	0.56433
1.00559e+06	0.633185
1.00569e+06	0.703373
1.00579e+06	0.773566
1.00589e+06	0.8423
1.00599e+06	0.908014
1.00609e+06	0.969116
1.00619e+06	1.02404
1.00629e+06	1.07131
1.00639e+06	1.1096
1.00649e+06	1.13783
1.00659e+06	1.15517
1.00669e+06	1.16111
1.00679e+06	1.15546
1.00689e+06	1.1384
1.00699e+06	1.11043
1.00709e+06	1.07237
1.00719e+06	1.02531
1.00729e+06	0.970564
1.00739e+06	0.909597
1.00749e+06	0.843977
1.00759e+06	0.7753
1.00769e+06	0.705125
1.00779e+06	0.63492
1.00789e+06	0.566016
1.00799e+06	0.49957
1.00809e+06	0.436536
1.00819e+06	0.377661
1.00829e+06	0.323475
1.00839e+06	0.274306
1.00849e+06	0.230297
1.00859e+06	0.191425
1.00869e+06	0.15753
1.00879e+06	0.128348
1.00889e+06	0.103531
1.00899e+06	0.0826811
1.00909e+06	0.0653734
1.00919e+06	0.0511744
1.00929e+06	0.0396608
1.00939e+06	0.0304318
1.00949e+06	0.023118
1.00959e+06	0.0173873
1.00969e+06	0.012947
1.00979e+06	0.0095447
1.00989e+06	0.00696648
1.00999e+06	0.0050341
1.01009e+06	0.00360153
1.01019e+06	0.002551
1.01029e+06	0.00178891
1.01039e+06	0.00124201
1.01049e+06	0.000853727
1.01059e+06	0.000580992
1.01069e+06	0.000391451
1.01079e+06	0.000261121
1.01089e+06	0.00017245
1.01099e+06	0.000112757
1.01109e+06	7.29926e-05
1.01119e+06	4.67813e-05
1.01129e+06	2.9684e-05
1.01139e+06	1.86479e-05
1.01149e+06	1.15983e-05
1.01159e+06	7.14191e-06
1.01169e+06	4.35404e-06
1.01179e+06	2.62801e-06
1.01189e+06	1.57044e-06
1.01199e+06	9.29115e-07
1.01209e+06	5.44222e-07
1.01219e+06	3.15602e-07
1.01229e+06	1.81201e-07
1.01239e+06	1.03e-07
1.01249e+06	5.79659e-08
1.01259e+06	3.22971e-08
1.01269e+06	1.78161e-08
1.01279e+06	9.73013e-09
1.01289e+06	5.26116e-09
1.01299e+06	2.81645e-09
1.01309e+06	1.49272e-09
1.01319e+06	7.83272e-10
1.01329e+06	4.06915e-10
1.01339e+06	2.09292e-10
1.01349e+06	1.06575e-10
1.01359e+06	5.37303e-11
1.01369e+06	2.68188e-11
1.01379e+06	1.3253e-11
1.01389e+06	6.48409e-12
1.01399e+06	3.14079e-12
1.01409e+06	1.50621e-12
1.01419e+06	7.15141e-13
1.01429e+06	3.36166e-13
1.01439e+06	1.56449e-13
1.01449e+06	7.20855e-14
1.01459e+06	3.28837e-14
1.01469e+06	1.48515e-14
1.01479e+06	6.64075e-15
1.01489e+06	2.93982e-15
1.01499e+06	1.28849e-15
1.01509e+06	5.59114e-16
1.01519e+06	2.40202e-16
1.01529e+06	1.02166e-16
1.01539e+06	4.30227e-17
1.01549e+06	1.79367e-17
1.01559e+06	7.40367e-18
1.01569e+06	3.02557e-18
1.01579e+06	1.22412e-18
1.01589e+06	4.90342e-19
1.01599e+06	1.9446e-19
1.01609e+06	7.63519e-20
1.01619e+06	2.96801e-20
1.01629e+06	1.14227e-20
1.01639e+06	4.35239e-21
1.01649e+06	1.64189e-21
1.01659e+06	6.13224e-22
1.01669e+06	2.26751e-22
1.01679e+06	8.30115e-23
1.01689e+06	3.00873e-23
1.01699e+06	1.07966e-23
1.01709e+06	3.8357e-24
1.01719e+06	1.34915e-24
1.01729e+06	4.69823e-25
1.01739e+06	1.61981e-25
1.01749e+06	5.52907e-26
1.01759e+06	1.86851e-26
1.01769e+06	6.2517e-27
1.01779e+06	2.07089e-27
1.01789e+06	6.7916e-28
1.01799e+06	2.20519e-28
1.01809e+06	7.08883e-29
1.01819e+06	2.25612e-29
1.01829e+06	7.10895e-30
1.01839e+06	2.21772e-30
1.01849e+06	6.84959e-31
1.01859e+06	2.0945e-31
1.01869e+06	6.34091e-32
1.01879e+06	1.90056e-32
1.01889e+06	5.63984e-33
1.01899e+06	1.65695e-33
1.01909e+06	4.8196e-34
1.01919e+06	1.38793e-34
1.01929e+06	3.95715e-35
1.01939e+06	1.117e-35
1.01949e+06	3.12164e-36
1.01959e+06	8.6371e-37
1.01969e+06	2.36598e-37
1.01979e+06	6.41668e-38
1.01989e+06	1.72293e-38
1.01999e+06	4.58016e-39
1.02009e+06	1.20546e-39
1.02019e+06	3.14109e-40
1.02029e+06	8.10335e-41
1.02039e+06	2.0697e-41
1.02049e+06	5.23367e-42
1.02059e+06	1.31027e-42
1.02069e+06	3.2477e-43
1.02079e+06	7.96977e-44
1.02089e+06	1.9363e-44
1.02099e+06	4.65755e-45
1.02109e+06	1.10917e-45
1.02119e+06	2.61515e-46
1.02129e+06	6.10454e-47
1.02139e+06	1.4108e-47
1.02149e+06	3.22801e-48
1.02159e+06	7.31243e-49
1.02169e+06	1.64001e-49
1.02179e+06	3.64155e-50
1.02189e+06	8.00542e-51
1.02199e+06	1.74236e-51
1.02209e+06	3.75449e-52
1.02219e+06	8.00977e-53
1.02229e+06	1.69179e-53
1.02239e+06	3.53777e-54
1.02249e+06	7.32436e-55
1.02259e+06	1.5013e-55
1.02269e+06	3.04664e-56
1.02279e+06	6.12114e-57
1.02289e+06	1.21759e-57
1.02299e+06	2.39787e-58
1.02309e+06	4.67529e-59
1.02319e+06	9.02503e-60
1.02329e+06	1.72483e-60
1.02339e+06	3.26361e-61
1.02349e+06	6.11378e-62
1.02359e+06	1.13391e-62
1.02369e+06	2.0821e-63
1.02379e+06	3.78516e-64
1.02389e+06	6.81276e-65
1.02399e+06	1.214e-65
1.02409e+06	2.14177e-66
1.02419e+06	3.74095e-67
1.02429e+06	6.46918e-68
1.02439e+06	1.10758e-68
1.02449e+06	1.87739e-69
1.02459e+06	3.1506e-70
1.02469e+06	5.23467e-71
1.02479e+06	8.61076e-72
1.02489e+06	1.40233e-72
1.02499e+06	2.26109e-73
1.02509e+06	3.60945e-74
1.02519e+06	5.70456e-75
1.02529e+06	8.92605e-76
1.02539e+06	1.38278e-76
1.02549e+06	2.12083e-77
1.02559e+06	3.22044e-78
1.02569e+06	4.84151e-79
1.02579e+06	7.20616e-80
1.02589e+06	1.0619e-80
1.02599e+06	1.54925e-81
1.02609e+06	2.23777e-82
1.02619e+06	3.20012e-83
1.02629e+06	4.5308e-84
1.02639e+06	6.35098e-85
1.02649e+06	8.81379e-86
1.02659e+06	1.21099e-86
1.02669e+06	1.64732e-87
1.02679e+06	2.21857e-88
1.02689e+06	2.95817e-89
1.02699e+06	3.90509e-90
1.02709e+06	5.10382e-91
1.02719e+06	6.60415e-92
1.02729e+06	8.4605e-93
1.02739e+06	1.07308e-93
1.02749e+06	1.34749e-94
1.02759e+06	1.67523e-95
1.02769e+06	2.06197e-96
1.02779e+06	2.51273e-97
1.02789e+06	3.03157e-98
1.02799e+06	3.62114e-99
1.02809e+06	4.28234e-100
1.02819e+06	5.01387e-101
1.02829e+06	5.81196e-102
1.02839e+06	6.67005e-103
1.02849e+06	7.57866e-104
1.02859e+06	8.52537e-105
1.02869e+06	9.49491e-106
1.02879e+06	1.04695e-106
1.02889e+06	1.14292e-107
1.02899e+06	1.23528e-108
1.02909e+06	1.32182e-109
1.02919e+06	1.40034e-110
1.02929e+06	1.46877e-111
1.02939e+06	1.52522e-112
1.02949e+06	1.56807e-113
1.02959e+06	1.59609e-114
1.02969e+06	1.60844e-115
1.02979e+06	1.60476e-116
1.02989e+06	1.58516e-117
1.02999e+06	1.55021e-118
1.03009e+06	1.50096e-119
1.03019e+06	1.4388e-120
1.03029e+06	1.3655e-121
1.03039e+06	1.28304e-122
1.03049e+06	1.19356e-123
1.03059e+06	1.09927e-124
1.03069e+06	1.00236e-125
1.03079e+06	9.049e-127
1.03089e+06	8.08786e-128
1.03099e+06	7.15687e-129
1.03109e+06	6.27004e-130
1.03119e+06	5.43844e-131
1.03129e+06	4.6702e-132
1.03139e+06	3.97058e-133
1.03149e+06	3.34217e-134
1.03159e+06	2.78523e-135
1.03169e+06	2.298e-136
1.03179e+06	1.87714e-137
1.03189e+06	1.5181e-138
1.03199e+06	1.21551e-139
1.03209e+06	9.63558e-141
1.03219e+06	7.56227e-142
1.03229e+06	5.87603e-143
1.03239e+06	4.52036e-144
1.03249e+06	3.44285e-145
1.03259e+06	2.5961e-146
1.03269e+06	1.93812e-147
1.03279e+06	1.43251e-148
1.03289e+06	1.04827e-149
1.03299e+06	7.59456e-151
1.03309e+06	5.44742e-152
1.03319e+06	3.86844e-153
1.03329e+06	2.71981e-154
1.03339e+06	1.8932e-155
1.03349e+06	1.30471e-156
1.03359e+06	8.90199e-158
1.03369e+06	6.01336e-159
1.03379e+06	4.02165e-160
1.03389e+06	2.66287e-161
1.03399e+06	1.74562e-162
1.03409e+06	1.13295e-163
1.03419e+06	7.27989e-165
1.03429e+06	4.63125e-166
1.03439e+06	2.91694e-167
1.03449e+06	1.81892e-168
1.03459e+06	1.12294e-169
1.03469e+06	6.86371e-171
1.03479e+06	4.15353e-172
1.03489e+06	2.48847e-173
1.03499e+06	1.47606e-174
1.03509e+06	8.66829e-176
1.03519e+06	5.03987e-177
1.03529e+06	2.9011e-178
1.03539e+06	1.65334e-179
1.03549e+06	9.32869e-181
1.03559e+06	5.21117e-182
1.03569e+06	2.88208e-183
1.03579e+06	1.5781e-184
1.03589e+06	8.55501e-186
1.03599e+06	4.59159e-187
1.03609e+06	2.43985e-188
1.03619e+06	1.28357e-189
1.03629e+06	6.6855e-191
1.03639e+06	3.4475e-192
1.03649e+06	1.76008e-193
1.03659e+06	8.89646e-195
1.03669e+06	4.45204e-196
1.03679e+06	2.20576e-197
1.03689e+06	1.08197e-198
1.03699e+06	5.25446e-200
1.03709e+06	2.52638e-201
1.03719e+06	1.20261e-202
1.03729e+06	5.66774e-204
1.03739e+06	2.64455e-205
1.03749e+06	1.22166e-206
1.03759e+06	5.58734e-208
1.03769e+06	2.52998e-209
1.03779e+06	1.13419e-210
1.03789e+06	5.03401e-212
1.03799e+06	2.21207e-213
1.03809e+06	9.62363e-215
1.03819e+06	4.14512e-216
1.03829e+06	1.76763e-217
1.03839e+06	7.46283e-219
1.03849e+06	3.11941e-220
1.03859e+06	1.29092e-221
1.03869e+06	5.2891e-223
1.03879e+06	2.14547e-224
1.03889e+06	8.61627e-226
1.03899e+06	3.42589e-227
1.03909e+06	1.34861e-228
1.03919e+06	5.25598e-230
1.03929e+06	2.02805e-231
1.03939e+06	7.7475e-233
1.03949e+06	2.93022e-234
1.03959e+06	1.09723e-235
1.03969e+06	4.06772e-237
1.03979e+06	1.49301e-238
1.03989e+06	5.42538e-240
1.03999e+06	1.95189e-241
1.04009e+06	6.95243e-243
1.04019e+06	2.45175e-244
1.04029e+06	8.55996e-246
1.04039e+06	2.95886e-247
1.04049e+06	1.01259e-248
1.04059e+06	3.43085e-250
1.04069e+06	1.15087e-251
1.04079e+06	3.82215e-253
1.04089e+06	1.25674e-254
1.04099e+06	4.09111e-256
1.04109e+06	1.31854e-257
1.04119e+06	4.2073e-259
1.04129e+06	1.32914e-260
1.04139e+06	4.15713e-262
1.04149e+06	1.28728e-263
1.04159e+06	3.9465e-265
1.04169e+06	1.19786e-266
1.04179e+06	3.59964e-268
1.04189e+06	1.07095e-269
1.04199e+06	3.15452e-271
1.04209e+06	9.19933e-273
1.04219e+06	2.65605e-274
1.04229e+06	7.5923e-276
1.04239e+06	2.14866e-277
1.04249e+06	6.02031e-279
1.04259e+06	1.67004e-280
1.04269e+06	4.58662e-282
1.04279e+06	1.24714e-283
1.04289e+06	3.35733e-285
1.04299e+06	8.9481e-287
1.04309e+06	2.36116e-288
1.04319e+06	6.16844e-290
1.04329e+06	1.59545e-291
1.04339e+06	4.08552e-293
1.04349e+06	1.03578e-294
1.04359e+06	2.59985e-296
1.04369e+06	6.46077e-298
1.04379e+06	1.58956e-299
1.04389e+06	3.87193e-301
1.04399e+06	9.33758e-303
1.04409e+06	2.22945e-304
1.04419e+06	5.27011e-306
1.04429e+06	1.23338e-307
1.04439e+06	2.85781e-309
1.04449e+06	6.5558e-311
1.04459e+06	1.48893e-312
1.04469e+06	3.34797e-314
1.04479e+06	7.45323e-316
1.04489e+06	1.64273e-317
1.04499e+06	3.58459e-319
1.04509e+06	7.74201e-321
1.04519e+06	1.67982e-322
1.04529e+06	4.94066e-324
1.04539e+06	0
1.04549e+06	0
1.04559e+06	0
1.04569e+06	0
1.04579e+06	0
1.04589e+06	0
1.04599e+06	0
1.04609e+06	0
1.04619e+06	0
1.04629e+06	0
1.04639e+06	0
1.04649e+06	0
1.04659e+06	0
1.04669e+06	0
1.04679e+06	0
1.04689e+06	0
1.04699e+06	0
1.04709e+06	0
1.04719e+06	0
1.04729e+06	0
1.04739e+06	0
1.04749e+06	0
1.04759e+06	0
1.04769e+06	0
1.04779e+06	0
1.04789e+06	0
1.04799e+06	0
1.04809e+06	0
1.04819e+06	0
1.04829e+06	0
1.04839e+06	0
1.04849e+06	0
1.04859e+06	0
1.04869e+06	0
1.04879e+06	0
1.04889e+06	0
1.04899e+06	0
1.04909e+06	0
1.04919e+06	0
1.04929e+06	0
1.04939e+06	0
1.04949e+06	0
1.04959e+06	0
1.04969e+06	0
1.04979e+06	0
1.04989e+06	0
1.04999e+06	0
1.05009e+06	0
1.05019e+06	0
1.05029e+06	0
1.05039e+06	0
1.05049e+06	0
1.05059e+06	0
1.05069e+06	0
1.05079e+06	0
1.05089e+06	0
1.05099e+06	0
1.05109e+06	0
1.05119e+06	0
1.05129e+06	0
1.05139e+06	0
1.05149e+06	0
1.05159e+06	0
1.05169e+06	0
1.05179e+06	0
1.05189e+06	0
1.05199e+06	0
1.05209e+06	0
1.05219e+06	0
1.05229e+06	0
1.05239e+06	0
1.05249e+06	0
1.05259e+06	0
1.05269e+06	0
1.05279e+06	0
1.05289e+06	0
1.05299e+06	0
1.05309e+06	0
1.05319e+06	0
1.05329e+06	0
1.05339e+06	0
1.05349e+06	0
1.05359e+06	0
1.05369e+06	0
1.05379e+06	0
1.05389e+06	0
1.05399e+06	0
1.05409e+06	0
1.05419e+06	0
1.05429e+06	0
1.05439e+06	0
1.05449e+06	0
1.05459e+06	0
1.05469e+06	0
1.05479e+06	0
1.05489e+06	0
1.05499e+06	0
1.05509e+06	0
1.05519e+06	0
1.05529e+06	0
1.05539e+06	0
1.05549e+06	0
1.05559e+06	0
1.05569e+06	0
1.05579e+06	0
1.05589e+06	0
1.05599e+06	0
1.05609e+06	0
1.05619e+06	0
1.05629e+06	0
1.05639e+06	0
1.05649e+06	0
1.05659e+06	0
1.05669e+06	0
1.05679e+06	0
1.05689e+06	0
1.05699e+06	0
1.05709e+06	0
1.05719e+06	0
1.05729e+06	0
1.05739e+06	0
1.05749e+06	0
1.05759e+06	0
1.05769e+06	0
1.05779e+06	0
1.05789e+06	0
1.05799e+06	0
1.05809e+06	0
1.05819e+06	0
1.05829e+06	0
1.05839e+06	0
1.05849e+06	0
1.05859e+06	0
1.05869e+06	0
1.05879e+06	0
1.05889e+06	0
1.05899e+06	0
1.05909e+06	0
1.05919e+06	0
1.05929e+06	0
1.05939e+06	0
1.05949e+06	0
1.05959e+06	0
1.05969e+06	0
1.05979e+06	0
1.05989e+06	0
1.05999e+06	0
1.06009e+06	0
1.06019e+06	0
1.06029e+06	0
1.06039e+06	0
1.06049e+06	0
1.06059e+06	0
1.06069e+06	0
1.06079e+06	0
1.06089e+06	0
1.06099e+06	0
1.06109e+06	0
1.06119e+06	0
1.06129e+06	0
1.06139e+06	0
1.06149e+06	0
1.06159e+06	0
1.06169e+06	0
1.06179e+06	0
1.06189e+06	0
1.06199e+06	0
1.06209e+06	0
1.06219e+06	0
1.06229e+06	0
1.06239e+06	0
1.06249e+06	0
1.06259e+06	0
1.06269e+06	0
1.06279e+06	0
1.06289e+06	0
1.06299e+06	0
1.06309e+06	0
1.06319e+06	0
1.06329e+06	0
1.06339e+06	0
1.06349e+06	0
1.06359e+06	0
1.06369e+06	0
1.06379e+06	0
1.06389e+06	0
1.06399e+06	0
1.06409e+06	0
1.06419e+06	0
1.06429e+06	0
1.06439e+06	0
1.06449e+06	0
1.06459e+06	0
1.06469e+06	0
1.06479e+06	0
1.06489e+06	0
1.06499e+06	0
1.06509e+06	0
1.06519e+06	0
1.06529e+06	0
1.06539e+06	0
1.06549e+06	0
1.06559e+06	0
1.06569e+06	0
1.06579e+06	0
1.06589e+06	0
1.06599e+06	0
1.06609e+06	0
1.06619e+06	0
1.06629e+06	0
1.06639e+06	0
1.06649e+06	0
1.06659e+06	0
1.06669e+06	0
1.06679e+06	0
1.06689e+06	0
1.06699e+06	0
1.06709e+06	0
1.06719e+06	0
1.06729e+06	0
1.06739e+06	0
1.06749e+06	0
1.06759e+06	0
1.06769e+06	0
1.06779e+06	0
1.06789e+06	0
1.06799e+06	0
1.06809e+06	0
1.06819e+06	0
1.06829e+06	0
1.06839e+06	0
1.06849e+06	0
1.06859e+06	0
1.06869e+06	0
1.06879e+06	0
1.06889e+06	0
1.06899e+06	0
1.06909e+06	0
1.06919e+06	0
1.06929e+06	0
1.06939e+06	0
1.06949e+06	0
1.06959e+06	0
1.06969e+06	0
1.06979e+06	0
1.06989e+06	0
1.06999e+06	0
1.07009e+06	0
1.07019e+06	0
1.07029e+06	0
1.07039e+06	0
1.07049e+06	0
1.07059e+06	0
1.07069e+06	0
1.07079e+06	0
1.07089e+06	0
1.07099e+06	0
1.07109e+06	0
1.07119e+06	0
1.07129e+06	0
1.07139e+06	0
1.07149e+06	0
1.07159e+06	0
1.07169e+06	0
1.07179e+06	0
1.07189e+06	0
1.07199e+06	0
1.07209e+06	0
1.07219e+06	0
1.07229e+06	0
1.07239e+06	0
1.07249e+06	0
1.07259e+06	0
1.07269e+06	0
1.07279e+06	0
1.07289e+06	0
1.07299e+06	0
1.07309e+06	0
1.07319e+06	0
1.07329e+06	0
1.07339e+06	0
1.07349e+06	0
1.07359e+06	0
1.07369e+06	0
1.07379e+06	0
1.07389e+06	0
1.07399e+06	0
1.07409e+06	0
1.07419e+06	0
1.07429e+06	0
1.07439e+06	0
1.07449e+06	0
1.07459e+06	0
1.07469e+06	0
1.07479e+06	0
1.07489e+06	0
1.07499e+06	0
1.07509e+06	0
1.07519e+06	0
1.07529e+06	0
1.07539e+06	0
1.07549e+06	0
1.07559e+06	0
1.07569e+06	0
1.07579e+06	0
1.07589e+06	0
1.07599e+06	0
1.07609e+06	0
1.07619e+06	0
1.07629e+06	0
1.07639e+06	0
1.07649e+06	0
1.07659e+06	0
1.07669e+06	0
1.07679e+06	0
1.07689e+06	0
1.07699e+06	0
1.07709e+06	0
1.07719e+06	0
1.07729e+06	0
1.07739e+06	0
1.07749e+06	0
1.07759e+06	0
1.07769e+06	0
1.07779e+06	0
1.07789e+06	0
1.07799e+06	0
1.07809e+06	0
1.07819e+06	0
1.07829e+06	0
1.07839e+06	0
1.07849e+06	0
1.07859e+06	0
1.07869e+06	0
1.07879e+06	0
1.07889e+06	0
1.07899e+06	0
1.07909e+06	0
1.07919e+06	0
1.07929e+06	0
1.07939e+06	0
1.07949e+06	0
1.07959e+06	0
1.07969e+06	0
1.07979e+06	0
1.07989e+06	0
1.07999e+06	0
1.08009e+06	0
1.08019e+06	0
1.08029e+06	0
1.08039e+06	0
1.08049e+06	0
1.08059e+06	0
1.08069e+06	0
1.08079e+06	0
1.08089e+06	0
1.08099e+06	0
1.08109e+06	0
1.08119e+06	0
1.08129e+06	0
1.08139e+06	0
1.08149e+06	0
1.08159e+06	0
1.08169e+06	0
1.08179e+06	0
1.08189e+06	0
1.08199e+06	0
1.08209e+06	0
1.08219e+06	0
1.08229e+06	0
1.08239e+06	0
1.08249e+06	0
1.08259e+06	0
1.08269e+06	0
1.08279e+06	0
1.08289e+06	0
1.08299e+06	0
1.08309e+06	0
1.08319e+06	0
1.08329e+06	0
1.08339e+06	0
1.08349e+06	0
1.08359e+06	0
1.08369e+06	0
1.08379e+06	0
1.08389e+06	0
1.08399e+06	0
1.08409e+06	0
1.08419e+06	0
1.08429e+06	0
1.08439e+06	0
1.08449e+06	0
1.08459e+06	0
1.08469e+06	0
1.08479e+06	0
1.08489e+06	0
1.08499e+06	0
1.08509e+06	0
1.08519e+06	0
1.08529e+06	0
1.08539e+06	0
1.08549e+06	0
1.08559e+06	0
1.08569e+06	0
1.08579e+06	0
1.08589e+06	0
1.08599e+06	0
1.08609e+06	0
1.08619e+06	0
1.08629e+06	0
1.08639e+06	0
1.08649e+06	0
1.08659e+06	0
1.08669e+06	0
1.08679e+06	0
1.08689e+06	0
1.08699e+06	0
1.08709e+06	0
1.08719e+06	0
1.08729e+06	0
1.08739e+06	0
1.08749e+06	0
1.08759e+06	0
1.08769e+06	0
1.08779e+06	0
1.08789e+06	0
1.08799e+06	0
1.08809e+06	0
1.08819e+06	0
1.08829e+06	0
1.08839e+06	0
1.08849e+06	0
1.08859e+06	0
1.08869e+06	0
1.08879e+06	0
1.08889e+06	0
1.08899e+06	0
1.08909e+06	0
1.08919e+06	0
1.08929e+06	0
1.08939e+06	0
1.08949e+06	0
1.08959e+06	0
1.08969e+06	0
1.08979e+06	0
1.08989e+06	0
1.08999e+06	0
1.09009e+06	0
1.09019e+06	0
1.09029e+06	0
1.09039e+06	0
1.09049e+06	0
1.09059e+06	0
1.09069e+06	0
1.09079e+06	0
1.09089e+06	0
1.09099e+06	0
1.09109e+06	0
1.09119e+06	0
1.09129e+06	0
1.09139e+06	0
1.09149e+06	0
1.09159e+06	0
1.09169e+06	0
1.09179e+06	0
1.09189e+06	0
1.09199e+06	0
1.09209e+06	0
1.09219e+06	0
1.09229e+06	0
1.09239e+06	0
1.09249e+06	0
1.09259e+06	0
1.09269e+06	0
1.09279e+06	0
1.09289e+06	0
1.09299e+06	0
1.09309e+06	0
1.09319e+06	0
1.09329e+06	0
1.09339e+06	0
1.09349e+06	0
1.09359e+06	0
1.09369e+06	0
1.09379e+06	0
1.09389e+06	0
1.09399e+06	0
1.09409e+06	0
1.09419e+06	0
1.09429e+06	0
1.09439e+06	0
1.09449e+06	0
1.09459e+06	0
1.09469e+06	0
1.09479e+06	0
1.09489e+06	0
1.09499e+06	0
1.09509e+06	0
1.09519e+06	0
1.09529e+06	0
1.09539e+06	0
1.09549e+06	0
1.09559e+06	0
1.09569e+06	0
1.09579e+06	0
1.09589e+06	0
1.09599e+06	0
1.09609e+06	0
1.09619e+06	0
1.09629e+06	0
1.09639e+06	0
1.09649e+06	0
1.09659e+06	0
1.09669e+06	0
1.09679e+06	0
1.09689e+06	0
1.09699e+06	0
1.09709e+06	0
1.09719e+06	0
1.09729e+06	0
1.09739e+06	0
1.09749e+06	0
1.09759e+06	0
1.09769e+06	0
1.09779e+06	0
1.09789e+06	0
1.09799e+06	0
1.09809e+06	0
1.09819e+06	0
1.09829e+06	0
1.09839e+06	0
1.09849e+06	0
1.09859e+06	0
1.09869e+06	0
1.09879e+06	0
1.09889e+06	0
1.09899e+06	0
1.09909e+06	0
1.09919e+06	0
1.09929e+06	0
1.09939e+06	0
1.09949e+06	0
1.09959e+06	0
1.09969e+06	0
1.09979e+06	0
1.09989e+06	0
1.09999e+06	0
1.10009e+06	0
1.10019e+06	0
1.10029e+06	0
1.10039e+06	0
1.10049e+06	0
1.10059e+06	0
1.10069e+06	0
1.10079e+06	0
1.10089e+06	0
1.10099e+06	0
1.10109e+06	0
1.10119e+06	0
1.10129e+06	0
1.10139e+06	0
1.10149e+06	0
1.10159e+06	0
1.10169e+06	0
1.10179e+06	0
1.10189e+06	0
1.10199e+06	0
1.10209e+06	0
1.10219e+06	0
1.10229e+06	0
1.10239e+06	0
1.10249e+06	0
1.10259e+06	0
1.10269e+06	0
1.10279e+06	0
1.10289e+06	0
1.10299e+06	0
1.10309e+06	0
1.10319e+06	0
1.10329e+06	0
1.10339e+06	0
1.10349e+06	0
1.10359e+06	0
1.10369e+06	0
1.10379e+06	0
1.10389e+06	0
1.10399e+06	0
1.10409e+06	0
1.10419e+06	0
1.10429e+06	0
1.10439e+06	0
1.10449e+06	0
1.10459e+06	0
1.10469e+06	0
1.10479e+06	0
1.10489e+06	0
1.10499e+06	0
1.10509e+06	0
1.10519e+06	0
1.10529e+06	0
1.10539e+06	0
1.10549e+06	0
1.10559e+06	0
1.10569e+06	0
1.10579e+06	0
1.10589e+06	0
1.10599e+06	0
1.10609e+06	0
1.10619e+06	0
1.10629e+06	0
1.10639e+06	0
1.10649e+06	0
1.10659e+06	0
1.10669e+06	0
1.10679e+06	0
1.10689e+06	0
1.10699e+06	0
1.10709e+06	0
1.10719e+06	0
1.10729e+06	0
1.10739e+06	0
1.10749e+06	0
1.10759e+06	0
1.10769e+06	0
1.10779e+06	0
1.10789e+06	0
1.10799e+06	0
1.10809e+06	0
1.10819e+06	0
1.10829e+06	0
1.10839e+06	0
1.10849e+06	0
1.10859e+06	0
1.10869e+06	0
1.10879e+06	0
1.10889e+06	0
1.10899e+06	0
1.10909e+06	0
1.10919e+06	0
1.10929e+06	0
1.10939e+06	0
1.10949e+06	0
1.10959e+06	0
1.10969e+06	0
1.10979e+06	0
1.10989e+06	0
1.10999e+06	0
1.11009e+06	0
1.11019e+06	0
1.11029e+06	0
1.11039e+06	0
1.11049e+06	0
1.11059e+06	0
1.11069e+06	0
1.11079e+06	0
1.11089e+06	0
1.11099e+06	0
1.11109e+06	0
1.11119e+06	0
1.11129e+06	0
1.11139e+06	0
1.11149e+06	0
1.11159e+06	0
1.11169e+06	0
1.11179e+06	0
1.11189e+06	0
1.11199e+06	0
1.11209e+06	0
1.11219e+06	0
1.11229e+06	0
1.11239e+06	0
1.11249e+06	0
1.11259e+06	0
1.11269e+06	0
1.11279e+06	0
1.11289e+06	0
1.11299e+06	0
1.11309e+06	0
1.11319e+06	0
1.11329e+06	0
1.11339e+06	0
1.11349e+06	0
1.11359e+06	0
1.11369e+06	0
1.11379e+06	0
1.11389e+06	0
1.11399e+06	0
1.11409e+06	0
1.11419e+06	0
1.11429e+06	0
1.11439e+06	0
1.11449e+06	0
1.11459e+06	0
1.11469e+06	0
1.11479e+06	0
1.11489e+06	0
1.11499e+06	0
1.11509e+06	0
1.11519e+06	0
1.11529e+06	0
1.11539e+06	0
1.11549e+06	0
1.11559e+06	0
1.11569e+06	0
1.11579e+06	0
1.11589e+06	0
1.11599e+06	0
1.11609e+06	0
1.11619e+06	0
1.11629e+06	0
1.11639e+06	0
1.11649e+06	0
1.11659e+06	0
1.11669e+06	0
1.11679e+06	0
1.11689e+06	0
1.11699e+06	0
1.11709e+06	0
1.11719e+06	0
1.11729e+06	0
1.11739e+06	0
1.11749e+06	0
1.11759e+06	0
1.11769e+06	0
1.11779e+06	0
1.11789e+06	0
1.11799e+06	0
1.11809e+06	0
1.11819e+06	0
1.11829e+06	0
1.11839e+06	0
1.11849e+06	0
1.11859e+06	0
1.11869e+06	0
1.11879e+06	0
1.11889e+06	0
1.11899e+06	0
1.11909e+06	0
1.11919e+06	0
1.11929e+06	0
1.11939e+06	0
1.11949e+06	0
1.11959e+06	0
1.11969e+06	0
1.11979e+06	0
1.11989e+06	0
1.11999e+06	0
1.12009e+06	0
1.12019e+06	0
1.12029e+06	0
1.12039e+06	0
1.12049e+06	0
1.12059e+06	0
1.12069e+06	0
1.12079e+06	0
1.12089e+06	0
1.12099e+06	0
1.12109e+06	0
1.12119e+06	0
1.12129e+06	0
1.12139e+06	0
1.12149e+06	0
1.12159e+06	0
1.12169e+06	0
1.12179e+06	0
1.12189e+06	0
1.12199e+06	0
1.12209e+06	0
1.12219e+06	0
1.12229e+06	0
1.12239e+06	0
1.12249e+06	0
1.12259e+06	0
1.12269e+06	0
1.12279e+06	0
1.12289e+06	0
1.12299e+06	0
1.12309e+06	0
1.12319e+06	0
1.12329e+06	0
1.12339e+06	0
1.12349e+06	0
1.12359e+06	0
1.12369e+06	0
1.12379e+06	0
1.12389e+06	0
1.12399e+06	0
1.12409e+06	0
1.12419e+06	0
1.12429e+06	0
1.12439e+06	0
1.12449e+06	0
1.12459e+06	0
1.12469e+06	0
1.12479e+06	0
1.12489e+06	0
1.12499e+06	0
1.12509e+06	0
1.12519e+06	0
1.12529e+06	0
1.12539e+06	0
1.12549e+06	0
1.12559e+06	0
1.12569e+06	0
1.12579e+06	0
1.12589e+06	0
1.12599e+06	0
1.12609e+06	0
1.12619e+06	0
1.12629e+06	0
1.12639e+06	0
1.12649e+06	0
1.12659e+06	0
1.12669e+06	0
1.12679e+06	0
1.12689e+06	0
1.12699e+06	0
1.12709e+06	0
1.12719e+06	0
1.12729e+06	0
1.12739e+06	0
1.12749e+06	0
1.12759e+06	0
1.12769e+06	0
1.12779e+06	0
1.12789e+06	0
1.12799e+06	0
1.12809e+06	0
1.12819e+06	0
1.12829e+06	0
1.12839e+06	0
1.12849e+06	0
1.12859e+06	0
1.12869e+06	0
1.12879e+06	0
1.12889e+06	0
1.12899e+06	0
1.12909e+06	0
1.12919e+06	0
1.12929e+06	0
1.12939e+06	0
1.12949e+06	0
1.12959e+06	0
1.12969e+06	0
1.12979e+06	0
1.12989e+06	0
1.12999e+06	0
1.13009e+06	0
1.13019e+06	0
1.13029e+06	0
1.13039e+06	0
1.13049e+06	0
1.13059e+06	0
1.13069e+06	0
1.13079e+06	0
1.13089e+06	0
1.13099e+06	0
1.13109e+06	0
1.13119e+06	0
1.13129e+06	0
1.13139e+06	0
1.13149e+06	0
1.13159e+06	0
1.13169e+06	0
1.13179e+06	0
1.13189e+06	0
1.13199e+06	0
1.13209e+06	0
1.13219e+06	0
1.13229e+06	0
1.13239e+06	0
1.13249e+06	0
1.13259e+06	0
1.13269e+06	0
1.13279e+06	0
1.13289e+06	0
1.13299e+06	0
1.13309e+06	0
1.13319e+06	0
1.13329e+06	0
1.13339e+06	0
1.13349e+06	0
1.13359e+06	0
1.13369e+06	0
1.13379e+06	0
1.13389e+06	0
1.13399e+06	0
1.13409e+06	0
1.13419e+06	0
1.13429e+06	0
1.13439e+06	0
1.13449e+06	0
1.13459e+06	0
1.13469e+06	0
1.13479e+06	0
1.13489e+06	0
1.13499e+06	0
1.13509e+06	0
1.13519e+06	0
1.13529e+06	0
1.13539e+06	0
1.13549e+06	0
1.13559e+06	0
1.13569e+06	0
1.13579e+06	0
1.13589e+06	0
1.13599e+06	0
1.13609e+06	0
1.13619e+06	0
1.13629e+06	0
1.13639e+06	0
1.13649e+06	0
1.13659e+06	0
1.13669e+06	0
1.13679e+06	0
1.13689e+06	0
1.13699e+06	0
1.13709e+06	0
1.13719e+06	0
1.13729e+06	0
1.13739e+06	0
1.13749e+06	0
1.13759e+06	0
1.13769e+06	0
1.13779e+06	0
1.13789e+06	0
1.13799e+06	0
1.13809e+06	0
1.13819e+06	0
1.13829e+06	0
1.13839e+06	0
1.13849e+06	0
1.13859e+06	0
1.13869e+06	0
1.13879e+06	0
1.13889e+06	0
1.13899e+06	0
1.13909e+06	0
1.13919e+06	0
1.13929e+06	0
1.13939e+06	0
1.13949e+06	0
1.13959e+06	0
1.13969e+06	0
1.13979e+06	0
1.13989e+06	0
1.13999e+06	0
1.14009e+06	0
1.14019e+06	0
1.14029e+06	0
1.14039e+06	0
1.14049e+06	0
1.14059e+06	0
1.14069e+06	0
1.14079e+06	0
1.14089e+06	0
1.14099e+06	0
1.14109e+06	0
1.14119e+06	0
1.14129e+06	0
1.14139e+06	0
1.14149e+06	0
1.14159e+06	0
1.14169e+06	0
1.14179e+06	0
1.14189e+06	0
1.14199e+06	0
1.14209e+06	0
1.14219e+06	0
1.14229e+06	0
1.14239e+06	0
1.14249e+06	0
1.14259e+06	0
1.14269e+06	0
1.14279e+06	0
1.14289e+06	0
1.14299e+06	0
1.14309e+06	0
1.14319e+06	0
1.14329e+06	0
1.14339e+06	0
1.14349e+06	0
1.14359e+06	0
1.14369e+06	0
1.14379e+06	0
1.14389e+06	0
1.14399e+06	0
1.14409e+06	0
1.14419e+06	0
1.14429e+06	0
1.14439e+06	0
1.14449e+06	0
1.14459e+06	0
1.14469e+06	0
1.14479e+06	0
1.14489e+06	0
1.14499e+06	0
1.14509e+06	0
1.14519e+06	0
1.14529e+06	0
1.14539e+06	0
1.14549e+06	0
1.14559e+06	0
1.14569e+06	0
1.14579e+06	0
1.14589e+06	0
1.14599e+06	0
1.14609e+06	0
1.14619e+06	0
1.14629e+06	0
1.14639e+06	0
1.14649e+06	0
1.14659e+06	0
1.14669e+06	0
1.14679e+06	0
1.14689e+06	0
1.14699e+06	0
1.14709e+06	0
1.14719e+06	0
1.14729e+06	0
1.14739e+06	0
1.14749e+06	0
1.14759e+06	0
1.14769e+06	0
1.14779e+06	0
1.14789e+06	0
1.14799e+06	0
1.14809e+06	0
1.14819e+06	0
1.14829e+06	0
1.14839e+06	0
1.14849e+06	0
1.14859e+06	0
1.14869e+06	0
1.14879e+06	0
1.14889e+06	0
1.14899e+06	0
1.14909e+06	0
1.14919e+06	0
1.14929e+06	0
1.14939e+06	0
1.14949e+06	0
1.14959e+06	0
1.14969e+06	0
1.14979e+06	0
1.14989e+06	0
1.14999e+06	0
1.15009e+06	0
1.15019e+06	0
1.15029e+06	0
1.15039e+06	0
1.15049e+06	0
1.15059e+06	0
1.15069e+06	0
1.15079e+06	0
1.15089e+06	0
1.15099e+06	0
1.15109e+06	0
1.15119e+06	0
1.15129e+06	0
1.15139e+06	0
1.15149e+06	0
1.15159e+06	0
1.15169e+06	0
1.15179e+06	0
1.15189e+06	0
1.15199e+06	0
1.15209e+06	0
1.15219e+06	0
1.15229e+06	0
1.15239e+06	0
1.15249e+06	0
1.15259e+06	0
1.15269e+06	0
1.15279e+06	0
1.15289e+06	0
1.15299e+06	0
1.15309e+06	0
1.15319e+06	0
1.15329e+06	0
1.15339e+06	0
1.15349e+06	0
1.15359e+06	0
1.15369e+06	0
1.15379e+06	0
1.15389e+06	0
1.15399e+06	0
1.15409e+06	0
1.15419e+06	0
1.15429e+06	0
1.15439e+06	0
1.15449e+06	0
1.15459e+06	0
1.15469e+06	0
1.15479e+06	0
1.15489e+06	0
1.15499e+06	0
1.15509e+06	0
1.15519e+06	0
1.15529e+06	0
1.15539e+06	0
1.15549e+06	0
1.15559e+06	0
1.15569e+06	0
1.15579e+06	0
1.15589e+06	0
1.15599e+06	0
1.15609e+06	0
1.15619e+06	0
1.15629e+06	0
1.15639e+06	0
1.15649e+06	0
1.15659e+06	0
1.15669e+06	0
1.15679e+06	0
1.15689e+06	0
1.15699e+06	0
1.15709e+06	0
1.15719e+06	0
1.15729e+06	0
1.15739e+06	0
1.15749e+06	0
1.15759e+06	0
1.15769e+06	0
1.15779e+06	0
1.15789e+06	0
1.15799e+06	0
1.15809e+06	0
1.15819e+06	0
1.15829e+06	0
1.15839e+06	0
1.15849e+06	0
1.15859e+06	0
1.15869e+06	0
1.15879e+06	0
1.15889e+06	0
1.15899e+06	0
1.15909e+06	0
1.15919e+06	0
1.15929e+06	0
1.15939e+06	0
1.15949e+06	0
1.15959e+06	0
1.15969e+06	0
1.15979e+06	0
1.15989e+06	0
1.15999e+06	0
1.16009e+06	0
1.16019e+06	0
1.16029e+06	0
1.16039e+06	0
1.16049e+06	0
1.16059e+06	0
1.16069e+06	0
1.16079e+06	0
1.16089e+06	0
1.16099e+06	0
1.16109e+06	0
1.16119e+06	0
1.16129e+06	0
1.16139e+06	0
1.16149e+06	0
1.16159e+06	0
1.16169e+06	0
1.16179e+06	0
1.16189e+06	0
1.16199e+06	0
1.16209e+06	0
1.16219e+06	0
1.16229e+06	0
1.16239e+06	0
1.16249e+06	0
1.16259e+06	0
1.16269e+06	0
1.16279e+06	0
1.16289e+06	0
1.16299e+06	0
1.16309e+06	0
1.16319e+06	0
1.16329e+06	0
1.16339e+06	0
1.16349e+06	0
1.16359e+06	0
1.16369e+06	0
1.16379e+06	0
1.16389e+06	0
1.16399e+06	0
1.16409e+06	0
1.16419e+06	0
1.16429e+06	0
1.16439e+06	0
1.16449e+06	0
1.16459e+06	0
1.16469e+06	0
1.16479e+06	0
1.16489e+06	0
1.16499e+06	0
1.16509e+06	0
1.16519e+06	0
1.16529e+06	0
1.16539e+06	0
1.16549e+06	0
1.16559e+06	0
1.16569e+06	0
1.16579e+06	0
1.16589e+06	0
1.16599e+06	0
1.16609e+06	0
1.16619e+06	0
1.16629e+06	0
1.16639e+06	0
1.16649e+06	0
1.16659e+06	0
1.16669e+06	0
1.16679e+06	0
1.16689e+06	0
1.16699e+06	0
1.16709e+06	0
1.16719e+06	0
1.16729e+06	0
1.16739e+06	0
1.16749e+06	0
1.16759e+06	0
1.16769e+06	0
1.16779e+06	0
1.16789e+06	0
1.16799e+06	0
1.16809e+06	0
1.16819e+06	0
1.16829e+06	0
1.16839e+06	0
1.16849e+06	0
1.16859e+06	0
1.16869e+06	0
1.16879e+06	0
1.16889e+06	0
1.16899e+06	0
1.16909e+06	0
1.16919e+06	0
1.16929e+06	0
1.16939e+06	0
1.16949e+06	0
1.16959e+06	0
1.16969e+06	0
1.16979e+06	0
1.16989e+06	0
1.16999e+06	0
1.17009e+06	0
1.17019e+06	0
1.17029e+06	0
1.17039e+06	0
1.17049e+06	0
1.17059e+06	0
1.17069e+06	0
1.17079e+06	0
1.17089e+06	0
1.17099e+06	0
1.17109e+06	0
1.17119e+06	0
1.17129e+06	0
1.17139e+06	0
1.17149e+06	0
1.17159e+06	0
1.17169e+06	0
1.17179e+06	0
1.17189e+06	0
1.17199e+06	0
1.17209e+06	0
1.17219e+06	0
1.17229e+06	0
1.17239e+06	0
1.17249e+06	0
1.17259e+06	0
1.17269e+06	0
1.17279e+06	0
1.17289e+06	0
1.17299e+06	0
1.17309e+06	0
1.17319e+06	0
1.17329e+06	0
1.17339e+06	0
1.17349e+06	0
1.17359e+06	0
1.17369e+06	0
1.17379e+06	0
1.17389e+06	0
1.17399e+06	0
1.17409e+06	0
1.17419e+06	0
1.17429e+06	0
1.17439e+06	0
1.17449e+06	0
1.17459e+06	0
1.17469e+06	0
1.17479e+06	0
1.17489e+06	0
1.17499e+06	0
1.17509e+06	0
1.17519e+06	0
1.17529e+06	0
1.17539e+06	0
1.17549e+06	0
1.17559e+06	0
1.17569e+06	0
1.17579e+06	0
1.17589e+06	0
1.17599e+06	0
1.17609e+06	0
1.17619e+06	0
1.17629e+06	0
1.17639e+06	0
1.17649e+06	0
1.17659e+06	0
1.17669e+06	0
1.17679e+06	0
1.17689e+06	0
1.17699e+06	0
1.17709e+06	0
1.17719e+06	0
1.17729e+06	0
1.17739e+06	0
1.17749e+06	0
1.17759e+06	0
1.17769e+06	0
1.17779e+06	0
1.17789e+06	0
1.17799e+06	0
1.17809e+06	0
1.17819e+06	0
1.17829e+06	0
1.17839e+06	0
1.17849e+06	0
1.17859e+06	0
1.17869e+06	0
1.17879e+06	0
1.17889e+06	0
1.17899e+06	0
1.17909e+06	0
1.17919e+06	0
1.17929e+06	0
1.17939e+06	0
1.17949e+06	0
1.17959e+06	0
1.17969e+06	0
1.17979e+06	0
1.17989e+06	0
1.17999e+06	0
1.18009e+06	0
1.18019e+06	0
1.18029e+06	0
1.18039e+06	0
1.18049e+06	0
1.18059e+06	0
1.18069e+06	0
1.18079e+06	0
1.18089e+06	0
1.18099e+06	0
1.18109e+06	0
1.18119e+06	0
1.18129e+06	0
1.18139e+06	0
1.18149e+06	0
1.18159e+06	0
1.18169e+06	0
1.18179e+06	0
1.18189e+06	0
1.18199e+06	0
1.18209e+06	0
1.18219e+06	0
1.18229e+06	0
1.18239e+06	0
1.18249e+06	0
1.18259e+06	0
1.18269e+06	0
1.18279e+06	0
1.18289e+06	0
1.18299e+06	0
1.18309e+06	0
1.18319e+06	0
1.18329e+06	0
1.18339e+06	0
1.18349e+06	0
1.18359e+06	0
1.18369e+06	0
1.18379e+06	0
1.18389e+06	0
1.18399e+06	0
1.18409e+06	0
1.18419e+06	0
1.18429e+06	0
1.18439e+06	0
1.18449e+06	0
1.18459e+06	0
1.18469e+06	0
1.18479e+06	0
1.18489e+06	0
1.18499e+06	0
1.18509e+06	0
1.18519e+06	0
1.18529e+06	0
1.18539e+06	0
1.18549e+06	0
1.18559e+06	0
1.18569e+06	0
1.18579e+06	0
1.18589e+06	0
1.18599e+06	0
1.18609e+06	0
1.18619e+06	0
1.18629e+06	0
1.18639e+06	0
1.18649e+06	0
1.18659e+06	0
1.18669e+06	0
1.18679e+06	0
1.18689e+06	0
1.18699e+06	0
1.18709e+06	0
1.18719e+06	0
1.18729e+06	0
1.18739e+06	0
1.18749e+06	0
1.18759e+06	0
1.18769e+06	0
1.18779e+06	0
1.18789e+06	0
1.18799e+06	0
1.18809e+06	0
1.18819e+06	0
1.18829e+06	0
1.18839e+06	0
1.18849e+06	0
1.18859e+06	0
1.18869e+06	0
1.18879e+06	0
1.18889e+06	0
1.18899e+06	0
1.18909e+06	0
1.18919e+06	0
1.18929e+06	0
1.18939e+06	0
1.18949e+06	0
1.18959e+06	0
1.18969e+06	0
1.18979e+06	0
1.18989e+06	0
1.18999e+06	0
1.19009e+06	0
1.19019e+06	0
1.19029e+06	0
1.19039e+06	0
1.19049e+06	0
1.19059e+06	0
1.19069e+06	0
1.19079e+06	0
1.19089e+06	0
1.19099e+06	0
1.19109e+06	0
1.19119e+06	0
1.19129e+06	0
1.19139e+06	0
1.19149e+06	0
1.19159e+06	0
1.19169e+06	0
1.19179e+06	0
1.19189e+06	0
1.19199e+06	0
1.19209e+06	0
1.19219e+06	0
1.19229e+06	0
1.19239e+06	0
1.19249e+06	0
1.19259e+06	0
1.19269e+06	0
1.19279e+06	0
1.19289e+06	0
1.19299e+06	0
1.19309e+06	0
1.19319e+06	0
1.19329e+06	0
1.19339e+06	0
1.19349e+06	0
1.19359e+06	0
1.19369e+06	0
1.19379e+06	0
1.19389e+06	0
1.19399e+06	0
1.19409e+06	0
1.19419e+06	0
1.19429e+06	0
1.19439e+06	0
1.19449e+06	0
1.19459e+06	0
1.19469e+06	0
1.19479e+06	0
1.19489e+06	0
1.19499e+06	0
1.19509e+06	0
1.19519e+06	0
1.19529e+06	0
1.19539e+06	0
1.19549e+06	0
1.19559e+06	0
1.19569e+06	0
1.19579e+06	0
1.19589e+06	0
1.19599e+06	0
1.19609e+06	0
1.19619e+06	0
1.19629e+06	0
1.19639e+06	0
1.19649e+06	0
1.19659e+06	0
1.19669e+06	0
1.19679e+06	0
1.19689e+06	0
1.19699e+06	0
1.19709e+06	0
1.19719e+06	0
1.19729e+06	0
1.19739e+06	0
1.19749e+06	0
1.19759e+06	0
1.19769e+06	0
1.19779e+06	0
1.19789e+06	0
1.19799e+06	0
1.19809e+06	0
1.19819e+06	0
1.19829e+06	0
1.19839e+06	0
1.19849e+06	0
1.19859e+06	0
1.19869e+06	0
1.19879e+06	0
1.19889e+06	0
1.19899e+06	0
1.19909e+06	0
1.19919e+06	0
1.19929e+06	0
1.19939e+06	0
1.19949e+06	0
1.19959e+06	0
1.19969e+06	0
1.19979e+06	0
1.19989e+06	0
1.19999e+06	0
1.20009e+06	0
1.20019e+06	0
1.20029e+06	0
1.20039e+06	0
1.20049e+06	0
1.20059e+06	0
1.20069e+06	0
1.20079e+06	0
1.20089e+06	0
1.20099e+06	0
1.20109e+06	0
1.20119e+06	0
1.20129e+06	0
1.20139e+06	0
1.20149e+06	0
1.20159e+06	0
1.20169e+06	0
1.20179e+06	0
1.20189e+06	0
1.20199e+06	0
1.20209e+06	0
1.20219e+06	0
1.20229e+06	0
1.20239e+06	0
1.20249e+06	0
1.20259e+06	0
1.20269e+06	0
1.20279e+06	0
1.20289e+06	0
1.20299e+06	0
1.20309e+06	0
1.20319e+06	0
1.20329e+06	0
1.20339e+06	0
1.20349e+06	0
1.20359e+06	0
1.20369e+06	0
1.20379e+06	0
1.20389e+06	0
1.20399e+06	0
1.20409e+06	0
1.20419e+06	0
1.20429e+06	0
1.20439e+06	0
1.20449e+06	0
1.20459e+06	0
1.20469e+06	0
1.20479e+06	0
1.20489e+06	0
1.20499e+06	0
1.20509e+06	0
1.20519e+06	0
1.20529e+06	0
1.20539e+06	0
1.20549e+06	0
1.20559e+06	0
1.20569e+06	0
1.20579e+06	0
1.20589e+06	0
1.20599e+06	0
1.20609e+06	0
1.20619e+06	0
1.20629e+06	0
1.20639e+06	0
1.20649e+06	0
1.20659e+06	0
1.20669e+06	0
1.20679e+06	0
1.20689e+06	0
1.20699e+06	0
1.20709e+06	0
1.20719e+06	0
1.20729e+06	0
1.20739e+06	0
1.20749e+06	0
1.20759e+06	0
1.20769e+06	0
1.20779e+06	0
1.20789e+06	0
1.20799e+06	0
1.20809e+06	0
1.20819e+06	0
1.20829e+06	0
1.20839e+06	0
1.20849e+06	0
1.20859e+06	0
1.20869e+06	0
1.20879e+06	0
1.20889e+06	0
1.20899e+06	0
1.20909e+06	0
1.20919e+06	0
1.20929e+06	0
1.20939e+06	0
1.20949e+06	0
1.20959e+06	0
1.20969e+06	0
1.20979e+06	0
1.20989e+06	0
1.20999e+06	0
1.21009e+06	0
1.21019e+06	0
1.21029e+06	0
1.21039e+06	0
1.21049e+06	0
1.21059e+06	0
1.21069e+06	0
1.21079e+06	0
1.21089e+06	0
1.21099e+06	0
1.21109e+06	0
1.21119e+06	0
1.21129e+06	0
1.21139e+06	0
1.21149e+06	0
1.21159e+06	0
1.21169e+06	0
1.21179e+06	0
1.21189e+06	0
1.21199e+06	0
1.21209e+06	0
1.21219e+06	0
1.21229e+06	0
1.21239e+06	0
1.21249e+06	0
1.21259e+06	0
1.21269e+06	0
1.21279e+06	0
1.21289e+06	0
1.21299e+06	0
1.21309e+06	0
1.21319e+06	0
1.21329e+06	0
1.21339e+06	0
1.21349e+06	0
1.21359e+06	0
1.21369e+06	0
1.21379e+06	0
1.21389e+06	0
1.21399e+06	0
1.21409e+06	0
1.21419e+06	0
1.21429e+06	0
1.21439e+06	0
1.21449e+06	0
1.21459e+06	0
1.21469e+06	0
1.21479e+06	0
1.21489e+06	0
1.21499e+06	0
1.21509e+06	0
1.21519e+06	0
1.21529e+06	0
1.21539e+06	0
1.21549e+06	0
1.21559e+06	0
1.21569e+06	0
1.21579e+06	0
1.21589e+06	0
1.21599e+06	0
1.21609e+06	0
1.21619e+06	0
1.21629e+06	0
1.21639e+06	0
1.21649e+06	0
1.21659e+06	0
1.21669e+06	0
1.21679e+06	0
1.21689e+06	0
1.21699e+06	0
1.21709e+06	0
1.21719e+06	0
1.21729e+06	0
1.21739e+06	0
1.21749e+06	0
1.21759e+06	0
1.21769e+06	0
1.21779e+06	0
1.21789e+06	0
1.21799e+06	0
1.21809e+06	0
1.21819e+06	0
1.21829e+06	0
1.21839e+06	0
1.21849e+06	0
1.21859e+06	0
1.21869e+06	0
1.21879e+06	0
1.21889e+06	0
1.21899e+06	0
1.21909e+06	0
1.21919e+06	0
1.21929e+06	0
1.21939e+06	0
1.21949e+06	0
1.21959e+06	0
1.21969e+06	0
1.21979e+06	0
1.21989e+06	0
1.21999e+06	0
1.22009e+06	0
1.22019e+06	0
1.22029e+06	0
1.22039e+06	0
1.22049e+06	0
1.22059e+06	0
1.22069e+06	0
1.22079e+06	0
1.22089e+06	0
1.22099e+06	0
1.22109e+06	0
1.22119e+06	0
1.22129e+06	0
1.22139e+06	0
1.22149e+06	0
1.22159e+06	0
1.22169e+06	0
1.22179e+06	0
1.22189e+06	0
1.22199e+06	0
1.22209e+06	0
1.22219e+06	0
1.22229e+06	0
1.22239e+06	0
1.22249e+06	0
1.22259e+06	0
1.22269e+06	0
1.22279e+06	0
1.22289e+06	0
1.22299e+06	0
1.22309e+06	0
1.22319e+06	0
1.22329e+06	0
1.22339e+06	0
1.22349e+06	0
1.22359e+06	0
1.22369e+06	0
1.22379e+06	0
1.22389e+06	0
1.22399e+06	0
1.22409e+06	0
1.22419e+06	0
1.22429e+06	0
1.22439e+06	0
1.22449e+06	0
1.22459e+06	0
1.22469e+06	0
1.22479e+06	0
1.22489e+06	0
1.22499e+06	0
1.22509e+06	0
1.22519e+06	0
1.22529e+06	0
1.22539e+06	0
1.22549e+06	0
1.22559e+06	0
1.22569e+06	0
1.22579e+06	0
1.22589e+06	0
1.22599e+06	0
1.22609e+06	0
1.22619e+06	0
1.22629e+06	0
1.22639e+06	0
1.22649e+06	0
1.22659e+06	0
1.22669e+06	0
1.22679e+06	0
1.22689e+06	0
1.22699e+06	0
1.22709e+06	0
1.22719e+06	0
1.22729e+06	0
1.22739e+06	0
1.22749e+06	0
1.22759e+06	0
1.22769e+06	0
1.22779e+06	0
1.22789e+06	0
1.22799e+06	0
1.22809e+06	0
1.22819e+06	0
1.22829e+06	0
1.22839e+06	0
1.22849e+06	0
1.22859e+06	0
1.22869e+06	0
1.22879e+06	0
1.22889e+06	0
1.22899e+06	0
1.22909e+06	0
1.22919e+06	0
1.22929e+06	0
1.22939e+06	0
1.22949e+06	0
1.22959e+06	0
1.22969e+06	0
1.22979e+06	0
1.22989e+06	0
1.22999e+06	0
1.23009e+06	0
1.23019e+06	0
1.23029e+06	0
1.23039e+06	0
1.23049e+06	0
1.23059e+06	0
1.23069e+06	0
1.23079e+06	0
1.23089e+06	0
1.23099e+06	0
1.23109e+06	0
1.23119e+06	0
1.23129e+06	0
1.23139e+06	0
1.23149e+06	0
1.23159e+06	0
1.23169e+06	0
1.23179e+06	0
1.23189e+06	0
1.23199e+06	0
1.23209e+06	0
1.23219e+06	0
1.23229e+06	0
1.23239e+06	0
1.23249e+06	0
1.23259e+06	0
1.23269e+06	0
1.23279e+06	0
1.23289e+06	0
1.23299e+06	0
1.23309e+06	0
1.23319e+06	0
1.23329e+06	0
1.23339e+06	0
1.23349e+06	0
1.23359e+06	0
1.23369e+06	0
1.23379e+06	0
1.23389e+06	0
1.23399e+06	0
1.23409e+06	0
1.23419e+06	0
1.23429e+06	0
1.23439e+06	0
1.23449e+06	0
1.23459e+06	0
1.23469e+06	0
1.23479e+06	0
1.23489e+06	0
1.23499e+06	0
1.23509e+06	0
1.23519e+06	0
1.23529e+06	0
1.23539e+06	0
1.23549e+06	0
1.23559e+06	0
1.23569e+06	0
1.23579e+06	0
1.23589e+06	0
1.23599e+06	0
1.23609e+06	0
1.23619e+06	0
1.23629e+06	0
1.23639e+06	0
1.23649e+06	0
1.23659e+06	0
1.23669e+06	0
1.23679e+06	0
1.23689e+06	0
1.23699e+06	0
1.23709e+06	0
1.23719e+06	0
1.23729e+06	0
1.23739e+06	0
1.23749e+06	0
1.23759e+06	0
1.23769e+06	0
1.23779e+06	0
1.23789e+06	0
1.23799e+06	0
1.23809e+06	0
1.23819e+06	0
1.23829e+06	0
1.23839e+06	0
1.23849e+06	0
1.23859e+06	0
1.23869e+06	0
1.23879e+06	0
1.23889e+06	0
1.23899e+06	0
1.23909e+06	0
1.23919e+06	0
1.23929e+06	0
1.23939e+06	0
1.23949e+06	0
1.23959e+06	0
1.23969e+06	0
1.23979e+06	0
1.23989e+06	0
1.23999e+06	0
1.24009e+06	0
1.24019e+06	0
1.24029e+06	0
1.24039e+06	0
1.24049e+06	0
1.24059e+06	0
1.24069e+06	0
1.24079e+06	0
1.24089e+06	0
1.24099e+06	0
1.24109e+06	0
1.24119e+06	0
1.24129e+06	0
1.24139e+06	0
1.24149e+06	0
1.24159e+06	0
1.24169e+06	0
1.24179e+06	0
1.24189e+06	0
1.24199e+06	0
1.24209e+06	0
1.24219e+06	0
1.24229e+06	0
1.24239e+06	0
1.24249e+06	0
1.24259e+06	0
1.24269e+06	0
1.24279e+06	0
1.24289e+06	0
1.24299e+06	0
1.24309e+06	0
1.24319e+06	0
1.24329e+06	0
1.24339e+06	0
1.24349e+06	0
1.24359e+06	0
1.24369e+06	0
1.24379e+06	0
1.24389e+06	0
1.24399e+06	0
1.24409e+06	0
1.24419e+06	0
1.24429e+06	0
1.24439e+06	0
1.24449e+06	0
1.24459e+06	0
1.24469e+06	0
1.24479e+06	0
1.24489e+06	0
1.24499e+06	0
1.24509e+06	0
1.24519e+06	0
1.24529e+06	0
1.24539e+06	0
1.24549e+06	0
1.24559e+06	0
1.24569e+06	0
1.24579e+06	0
1.24589e+06	0
1.24599e+06	0
1.24609e+06	0
1.24619e+06	0
1.24629e+06	0
1.24639e+06	0
1.24649e+06	0
1.24659e+06	0
1.24669e+06	0
1.24679e+06	0
1.24689e+06	0
1.24699e+06	0
1.24709e+06	0
1.24719e+06	0
1.24729e+06	0
1.24739e+06	0
1.24749e+06	0
1.24759e+06	0
1.24769e+06	0
1.24779e+06	0
1.24789e+06	0
1.24799e+06	0
1.24809e+06	0
1.24819e+06	0
1.24829e+06	0
1.24839e+06	0
1.24849e+06	0
1.24859e+06	0
1.24869e+06	0
1.24879e+06	0
1.24889e+06	0
1.24899e+06	0
1.24909e+06	0
1.24919e+06	0
1.24929e+06	0
1.24939e+06	0
1.24949e+06	0
1.24959e+06	0
1.24969e+06	0
1.24979e+06	0
1.24989e+06	0
1.24999e+06	0
1.25009e+06	0
1.25019e+06	0
1.25029e+06	0
1.25039e+06	0
1.25049e+06	0
1.25059e+06	0
1.25069e+06	0
1.25079e+06	0
1.25089e+06	0
1.25099e+06	0
1.25109e+06	0
1.25119e+06	0
1.25129e+06	0
1.25139e+06	0
1.25149e+06	0
1.25159e+06	0
1.25169e+06	0
1.25179e+06	0
1.25189e+06	0
1.25199e+06	0
1.25209e+06	0
1.25219e+06	0
1.25229e+06	0
1.25239e+06	0
1.25249e+06	0
1.25259e+06	0
1.25269e+06	0
1.25279e+06	0
1.25289e+06	0
1.25299e+06	0
1.25309e+06	0
1.25319e+06	0
1.25329e+06	0
1.25339e+06	0
1.25349e+06	0
1.25359e+06	0
1.25369e+06	0
1.25379e+06	0
1.25389e+06	0
1.25399e+06	0
1.25409e+06	0
1.25419e+06	0
1.25429e+06	0
1.25439e+06	0
1.25449e+06	0
1.25459e+06	0
1.25469e+06	0
1.25479e+06	0
1.25489e+06	0
1.25499e+06	0
1.25509e+06	0
1.25519e+06	0
1.25529e+06	0
1.25539e+06	0
1.25549e+06	0
1.25559e+06	0
1.25569e+06	0
1.25579e+06	0
1.25589e+06	0
1.25599e+06	0
1.25609e+06	0
1.25619e+06	0
1.25629e+06	0
1.25639e+06	0
1.25649e+06	0
1.25659e+06	0
1.25669e+06	0
1.25679e+06	0
1.25689e+06	0
1.25699e+06	0
1.25709e+06	0
1.25719e+06	0
1.25729e+06	0
1.25739e+06	0
1.25749e+06	0
1.25759e+06	0
1.25769e+06	0
1.25779e+06	0
1.25789e+06	0
1.25799e+06	0
1.25809e+06	0
1.25819e+06	0
1.25829e+06	0
1.25839e+06	0
1.25849e+06	0
1.25859e+06	0
1.25869e+06	0
1.25879e+06	0
1.25889e+06	0
1.25899e+06	0
1.25909e+06	0
1.25919e+06	0
1.25929e+06	0
1.25939e+06	0
1.25949e+06	0
1.25959e+06	0
1.25969e+06	0
1.25979e+06	0
1.25989e+06	0
1.25999e+06	0
1.26009e+06	0
1.26019e+06	0
1.26029e+06	0
1.26039e+06	0
1.26049e+06	0
1.26059e+06	0
1.26069e+06	0
1.26079e+06	0
1.26089e+06	0
1.26099e+06	0
1.26109e+06	0
1.26119e+06	0
1.26129e+06	0
1.26139e+06	0
1.26149e+06	0
1.26159e+06	0
1.26169e+06	0
1.26179e+06	0
1.26189e+06	0
1.26199e+06	0
1.26209e+06	0
1.26219e+06	0
1.26229e+06	0
1.26239e+06	0
1.26249e+06	0
1.26259e+06	0
1.26269e+06	0
1.26279e+06	0
1.26289e+06	0
1.26299e+06	0
1.26309e+06	0
1.26319e+06	0
1.26329e+06	0
1.26339e+06	0
1.26349e+06	0
1.26359e+06	0
1.26369e+06	0
1.26379e+06	0
1.26389e+06	0
1.26399e+06	0
1.26409e+06	0
1.26419e+06	0
1.26429e+06	0
1.26439e+06	0
1.26449e+06	0
1.26459e+06	0
1.26469e+06	0
1.26479e+06	0
1.26489e+06	0
1.26499e+06	0
1.26509e+06	0
1.26519e+06	0
1.26529e+06	0
1.26539e+06	0
1.26549e+06	0
1.26559e+06	0
1.26569e+06	0
1.26579e+06	0
1.26589e+06	0
1.26599e+06	0
1.26609e+06	0
1.26619e+06	0
1.26629e+06	0
1.26639e+06	0
1.26649e+06	0
1.26659e+06	0
1.26669e+06	0
1.26679e+06	0
1.26689e+06	0
1.26699e+06	0
1.26709e+06	0
1.26719e+06	0
1.26729e+06	0
1.26739e+06	0
1.26749e+06	0
1.26759e+06	0
1.26769e+06	0
1.26779e+06	0
1.26789e+06	0
1.26799e+06	0
1.26809e+06	0
1.26819e+06	0
1.26829e+06	0
1.26839e+06	0
1.26849e+06	0
1.26859e+06	0
1.26869e+06	0
1.26879e+06	0
1.26889e+06	0
1.26899e+06	0
1.26909e+06	0
1.26919e+06	0
1.26929e+06	0
1.26939e+06	0
1.26949e+06	0
1.26959e+06	0
1.26969e+06	0
1.26979e+06	0
1.26989e+06	0
1.26999e+06	0
1.27009e+06	0
1.27019e+06	0
1.27029e+06	0
1.27039e+06	0
1.27049e+06	0
1.27059e+06	0
1.27069e+06	0
1.27079e+06	0
1.27089e+06	0
1.27099e+06	0
1.27109e+06	0
1.27119e+06	0
1.27129e+06	0
1.27139e+06	0
1.27149e+06	0
1.27159e+06	0
1.27169e+06	0
1.27179e+06	0
1.27189e+06	0
1.27199e+06	0
1.27209e+06	0
1.27219e+06	0
1.27229e+06	0
1.27239e+06	0
1.27249e+06	0
1.27259e+06	0
1.27269e+06	0
1.27279e+06	0
1.27289e+06	0
1.27299e+06	0
1.27309e+06	0
1.27319e+06	0
1.27329e+06	0
1.27339e+06	0
1.27349e+06	0
1.27359e+06	0
1.27369e+06	0
1.27379e+06	0
1.27389e+06	0
1.27399e+06	0
1.27409e+06	0
1.27419e+06	0
1.27429e+06	0
1.27439e+06	0
1.27449e+06	0
1.27459e+06	0
1.27469e+06	0
1.27479e+06	0
1.27489e+06	0
1.27499e+06	0
1.27509e+06	0
1.27519e+06	0
1.27529e+06	0
1.27539e+06	0
1.27549e+06	0
1.27559e+06	0
1.27569e+06	0
1.27579e+06	0
1.27589e+06	0
1.27599e+06	0
1.27609e+06	0
1.27619e+06	0
1.27629e+06	0
1.27639e+06	0
1.27649e+06	4.94066e-324
1.27659e+06	2.61855e-322
1.27669e+06	1.22034e-320
1.27679e+06	5.63013e-319
1.27689e+06	2.57124e-317
1.27699e+06	1.16258e-315
1.27709e+06	5.20431e-314
1.27719e+06	2.30653e-312
1.27729e+06	1.01208e-310
1.27739e+06	4.39666e-309
1.27749e+06	1.891e-307
1.27759e+06	8.05221e-306
1.27769e+06	3.39466e-304
1.27779e+06	1.41689e-302
1.27789e+06	5.85505e-301
1.27799e+06	2.39543e-299
1.27809e+06	9.70271e-298
1.27819e+06	3.89099e-296
1.27829e+06	1.54484e-294
1.27839e+06	6.07246e-293
1.27849e+06	2.36321e-291
1.27859e+06	9.10537e-290
1.27869e+06	3.47336e-288
1.27879e+06	1.31177e-286
1.27889e+06	4.90484e-285
1.27899e+06	1.81572e-283
1.27909e+06	6.6547e-282
1.27919e+06	2.41471e-280
1.27929e+06	8.67481e-279
1.27939e+06	3.0854e-277
1.27949e+06	1.08648e-275
1.27959e+06	3.78779e-274
1.27969e+06	1.3074e-272
1.27979e+06	4.46774e-271
1.27989e+06	1.51156e-269
1.27999e+06	5.06312e-268
1.28009e+06	1.67907e-266
1.28019e+06	5.51286e-265
1.28029e+06	1.79202e-263
1.28039e+06	5.76718e-262
1.28049e+06	1.83757e-260
1.28059e+06	5.79668e-259
1.28069e+06	1.81039e-257
1.28079e+06	5.59786e-256
1.28089e+06	1.71368e-254
1.28099e+06	5.1939e-253
1.28109e+06	1.55853e-251
1.28119e+06	4.63014e-250
1.28129e+06	1.36185e-248
1.28139e+06	3.96572e-247
1.28149e+06	1.14333e-245
1.28159e+06	3.26346e-244
1.28169e+06	9.22235e-243
1.28179e+06	2.58025e-241
1.28189e+06	7.14727e-240
1.28199e+06	1.96009e-238
1.28209e+06	5.3219e-237
1.28219e+06	1.43059e-235
1.28229e+06	3.80734e-234
1.28239e+06	1.00319e-232
1.28249e+06	2.61701e-231
1.28259e+06	6.759e-230
1.28269e+06	1.72829e-228
1.28279e+06	4.3753e-227
1.28289e+06	1.09662e-225
1.28299e+06	2.72121e-224
1.28309e+06	6.68535e-223
1.28319e+06	1.62609e-221
1.28329e+06	3.9158e-220
1.28339e+06	9.33586e-219
1.28349e+06	2.20366e-217
1.28359e+06	5.14983e-216
1.28369e+06	1.19151e-214
1.28379e+06	2.72935e-213
1.28389e+06	6.18982e-212
1.28399e+06	1.38981e-210
1.28409e+06	3.08949e-209
1.28419e+06	6.7995e-208
1.28429e+06	1.48158e-206
1.28439e+06	3.19616e-205
1.28449e+06	6.82637e-204
1.28459e+06	1.44347e-202
1.28469e+06	3.02192e-201
1.28479e+06	6.26348e-200
1.28489e+06	1.2853e-198
1.28499e+06	2.61127e-197
1.28509e+06	5.25237e-196
1.28519e+06	1.04596e-194
1.28529e+06	2.06221e-193
1.28539e+06	4.0254e-192
1.28549e+06	7.7793e-191
1.28559e+06	1.48843e-189
1.28569e+06	2.81952e-188
1.28579e+06	5.28784e-187
1.28589e+06	9.81834e-186
1.28599e+06	1.80491e-184
1.28609e+06	3.28495e-183
1.28619e+06	5.91917e-182
1.28629e+06	1.05596e-180
1.28639e+06	1.86507e-179
1.28649e+06	3.26134e-178
1.28659e+06	5.64619e-177
1.28669e+06	9.6777e-176
1.28679e+06	1.64227e-174
1.28689e+06	2.75916e-173
1.28699e+06	4.58949e-172
1.28709e+06	7.55803e-171
1.28719e+06	1.23228e-169
1.28729e+06	1.98916e-168
1.28739e+06	3.17896e-167
1.28749e+06	5.02988e-166
1.28759e+06	7.87931e-165
1.28769e+06	1.22201e-163
1.28779e+06	1.87637e-162
1.28789e+06	2.85246e-161
1.28799e+06	4.29317e-160
1.28809e+06	6.39725e-159
1.28819e+06	9.43769e-158
1.28829e+06	1.37846e-156
1.28839e+06	1.99334e-155
1.28849e+06	2.85381e-154
1.28859e+06	4.04507e-153
1.28869e+06	5.67653e-152
1.28879e+06	7.88674e-151
1.28889e+06	1.08485e-149
1.28899e+06	1.4774e-148
1.28909e+06	1.99198e-147
1.28919e+06	2.65905e-146
1.28929e+06	3.5142e-145
1.28939e+06	4.59816e-144
1.28949e+06	5.95659e-143
1.28959e+06	7.63957e-142
1.28969e+06	9.70056e-141
1.28979e+06	1.2195e-139
1.28989e+06	1.51783e-138
1.28999e+06	1.87035e-137
1.29009e+06	2.28181e-136
1.29019e+06	2.75609e-135
1.29029e+06	3.29582e-134
1.29039e+06	3.90204e-133
1.29049e+06	4.57379e-132
1.29059e+06	5.30783e-131
1.29069e+06	6.0984e-130
1.29079e+06	6.937e-129
1.29089e+06	7.8124e-128
1.29099e+06	8.71073e-127
1.29109e+06	9.61571e-126
1.29119e+06	1.05091e-124
1.29129e+06	1.13712e-123
1.29139e+06	1.21816e-122
1.29149e+06	1.29199e-121
1.29159e+06	1.35666e-120
1.29169e+06	1.4104e-119
1.29179e+06	1.45167e-118
1.29189e+06	1.47928e-117
1.29199e+06	1.49242e-116
1.29209e+06	1.49069e-115
1.29219e+06	1.47415e-114
1.29229e+06	1.44329e-113
1.29239e+06	1.39902e-112
1.29249e+06	1.34261e-111
1.29259e+06	1.27565e-110
1.29269e+06	1.19997e-109
1.29279e+06	1.11755e-108
1.29289e+06	1.03044e-107
1.29299e+06	9.4066e-107
1.29309e+06	8.5016e-106
1.29319e+06	7.60722e-105
1.29329e+06	6.73919e-104
1.29339e+06	5.91081e-103
1.29349e+06	5.13267e-102
1.29359e+06	4.41262e-101
1.29369e+06	3.75584e-100
1.29379e+06	3.165e-99
1.29389e+06	2.64058e-98
1.29399e+06	2.18112e-97
1.29409e+06	1.78369e-96
1.29419e+06	1.44416e-95
1.29429e+06	1.15762e-94
1.29439e+06	9.18706e-94
1.29449e+06	7.21844e-93
1.29459e+06	5.61523e-92
1.29469e+06	4.32462e-91
1.29479e+06	3.29751e-90
1.29489e+06	2.48932e-89
1.29499e+06	1.86051e-88
1.29509e+06	1.37671e-87
1.29519e+06	1.00858e-86
1.29529e+06	7.31529e-86
1.29539e+06	5.25305e-85
1.29549e+06	3.73464e-84
1.29559e+06	2.62871e-83
1.29569e+06	1.83187e-82
1.29579e+06	1.26387e-81
1.29589e+06	8.63314e-81
1.29599e+06	5.83837e-80
1.29609e+06	3.90905e-79
1.29619e+06	2.59124e-78
1.29629e+06	1.7006e-77
1.29639e+06	1.10498e-76
1.29649e+06	7.10821e-76
1.29659e+06	4.52715e-75
1.29669e+06	2.85461e-74
1.29679e+06	1.78208e-73
1.29689e+06	1.10144e-72
1.29699e+06	6.73993e-72
1.29709e+06	4.08325e-71
1.29719e+06	2.44914e-70
1.29729e+06	1.45438e-69
1.29739e+06	8.55064e-69
1.29749e+06	4.97711e-68
1.29759e+06	2.86822e-67
1.29769e+06	1.63646e-66
1.29779e+06	9.24389e-66
1.29789e+06	5.16965e-65
1.29799e+06	2.86236e-64
1.29809e+06	1.56908e-63
1.29819e+06	8.51576e-63
1.29829e+06	4.57571e-62
1.29839e+06	2.43417e-61
1.29849e+06	1.28203e-60
1.29859e+06	6.68506e-60
1.29869e+06	3.45119e-59
1.29879e+06	1.76396e-58
1.29889e+06	8.92618e-58
1.29899e+06	4.47198e-57
1.29909e+06	2.21815e-56
1.29919e+06	1.08928e-55
1.29929e+06	5.29597e-55
1.29939e+06	2.54922e-54
1.29949e+06	1.21486e-53
1.29959e+06	5.73197e-53
1.29969e+06	2.67755e-52
1.29979e+06	1.23831e-51
1.29989e+06	5.6699e-51
1.29999e+06	2.57028e-50
1.30009e+06	1.15357e-49
1.30019e+06	5.1258e-49
1.30029e+06	2.25495e-48
1.30039e+06	9.82133e-48
1.30049e+06	4.23507e-47
1.30059e+06	1.80804e-46
1.30069e+06	7.64208e-46
1.30079e+06	3.19796e-45
1.30089e+06	1.32492e-44
1.30099e+06	5.43459e-44
1.30109e+06	2.20698e-43
1.30119e+06	8.87337e-43
1.30129e+06	3.53212e-42
1.30139e+06	1.392e-41
1.30149e+06	5.43124e-41
1.30159e+06	2.09806e-40
1.30169e+06	8.02401e-40
1.30179e+06	3.03825e-39
1.30189e+06	1.13897e-38
1.30199e+06	4.22725e-38
1.30209e+06	1.55332e-37
1.30219e+06	5.65095e-37
1.30229e+06	2.03535e-36
1.30239e+06	7.25792e-36
1.30249e+06	2.56238e-35
1.30259e+06	8.95637e-35
1.30269e+06	3.0994e-34
1.30279e+06	1.06189e-33
1.30289e+06	3.60196e-33
1.30299e+06	1.20964e-32
1.30309e+06	4.02188e-32
1.30319e+06	1.32391e-31
1.30329e+06	4.31466e-31
1.30339e+06	1.39217e-30
1.30349e+06	4.44727e-30
1.30359e+06	1.40654e-29
1.30369e+06	4.40421e-29
1.30379e+06	1.36534e-28
1.30389e+06	4.19055e-28
1.30399e+06	1.27338e-27
1.30409e+06	3.83091e-27
1.30419e+06	1.14105e-26
1.30429e+06	3.36482e-26
1.30439e+06	9.82373e-26
1.30449e+06	2.83955e-25
1.30459e+06	8.12602e-25
1.30469e+06	2.30231e-24
1.30479e+06	6.45815e-24
1.30489e+06	1.79353e-23
1.30499e+06	4.93135e-23
1.30509e+06	1.3424e-22
1.30519e+06	3.61786e-22
1.30529e+06	9.65342e-22
1.30539e+06	2.55016e-21
1.30549e+06	6.66975e-21
1.30559e+06	1.72707e-20
1.30569e+06	4.42758e-20
1.30579e+06	1.12378e-19
1.30589e+06	2.82391e-19
1.30599e+06	7.02554e-19
1.30609e+06	1.73047e-18
1.30619e+06	4.21995e-18
1.30629e+06	1.01884e-17
1.30639e+06	2.43536e-17
1.30649e+06	5.76336e-17
1.30659e+06	1.35035e-16
1.30669e+06	3.13238e-16
1.30679e+06	7.1938e-16
1.30689e+06	1.63569e-15
1.30699e+06	3.68213e-15
1.30709e+06	8.20644e-15
1.30719e+06	1.81079e-14
1.30729e+06	3.95583e-14
1.30739e+06	8.55587e-14
1.30749e+06	1.83209e-13
1.30759e+06	3.88409e-13
1.30769e+06	8.15243e-13
1.30779e+06	1.69411e-12
1.30789e+06	3.48541e-12
1.30799e+06	7.09943e-12
1.30809e+06	1.43169e-11
1.30819e+06	2.85847e-11
1.30829e+06	5.65033e-11
1.30839e+06	1.10579e-10
1.30849e+06	2.14252e-10
1.30859e+06	4.10995e-10
1.30869e+06	7.80559e-10
1.30879e+06	1.46768e-09
1.30889e+06	2.73221e-09
1.30899e+06	5.03563e-09
1.30909e+06	9.18863e-09
1.30919e+06	1.65999e-08
1.30929e+06	2.96904e-08
1.30939e+06	5.25755e-08
1.30949e+06	9.2174e-08
1.30959e+06	1.59989e-07
1.30969e+06	2.74935e-07
1.30979e+06	4.67763e-07
1.30989e+06	7.87915e-07
1.30999e+06	1.31398e-06
1.31009e+06	2.16949e-06
1.31019e+06	3.54635e-06
1.31029e+06	5.73935e-06
1.31039e+06	9.19605e-06
1.31049e+06	1.4588e-05
1.31059e+06	2.29113e-05
1.31069e+06	3.56254e-05
1.31079e+06	5.48436e-05
1.31089e+06	8.35891e-05
1.31099e+06	0.000126134
1.31109e+06	0.000188438
1.31119e+06	0.000278717
1.31129e+06	0.000408146
1.31139e+06	0.000591732
1.31149e+06	0.000849358
1.31159e+06	0.00120702
1.31169e+06	0.00169822
1.31179e+06	0.00236555
1.31189e+06	0.00326232
1.31199e+06	0.00445428
1.31209e+06	0.00602124
1.31219e+06	0.00805845
1.31229e+06	0.0106776
1.31239e+06	0.0140073
1.31249e+06	0.0181924
1.31259e+06	0.0233929
1.31269e+06	0.0297807
1.31279e+06	0.0375356
1.31289e+06	0.046839
1.31299e+06	0.0578668
1.31309e+06	0.0707797
1.31319e+06	0.0857126
1.31329e+06	0.102763
1.31339e+06	0.12198
1.31349e+06	0.143349
1.31359e+06	0.166786
1.31369e+06	0.192124
1.31379e+06	0.219109
1.31389e+06	0.247397
1.31399e+06	0.276559
1.31409e+06	0.306081
1.31419e+06	0.335385
1.31429e+06	0.363837
1.31439e+06	0.390776
1.31449e+06	0.415533
1.31459e+06	0.437462
1.31469e+06	0.455966
1.31479e+06	0.470524
1.31489e+06	0.480715
1.31499e+06	0.48624
1.31509e+06	0.486935
1.31519e+06	0.482779
1.31529e+06	0.473895
1.31539e+06	0.460547
1.31549e+06	0.443121
1.31559e+06	0.422112
1.31569e+06	0.398098
1.31579e+06	0.371714
1.31589e+06	0.343626
1.31599e+06	0.314499
1.31609e+06	0.284977
1.31619e+06	0.255657
1.31629e+06	0.227072
1.31639e+06	0.199675
1.31649e+06	0.173838
1.31659e+06	0.149837
1.31669e+06	0.127865
1.31679e+06	0.10803
1.31689e+06	0.0903628
1.31699e+06	0.0748331
1.31709e+06	0.0613557
1.31719e+06	0.0498051
1.31729e+06	0.0400266
1.31739e+06	0.0318479
1.31749e+06	0.0250883
1.31759e+06	0.0195667
1.31769e+06	0.0151085
1.31779e+06	0.01155
1.31789e+06	0.00874179
1.31799e+06	0.00655054
1.31809e+06	0.00485975
1.31819e+06	0.00356957
1.31829e+06	0.00259593
1.31839e+06	0.00186927
1.31849e+06	0.00133296
1.31859e+06	0.000941653
1.31869e+06	0.000659604
1.31879e+06	0.000459141
1.31889e+06	0.000319277
1.31899e+06	0.00022453
1.31909e+06	0.000163987
1.31919e+06	0.000130622
1.31929e+06	0.000120885
1.31939e+06	0.000134606
1.31949e+06	0.000175226
1.31959e+06	0.000250436
1.31969e+06	0.000373276
1.31979e+06	0.000563811
1.31989e+06	0.000851499
1.31999e+06	0.00127841
1.32009e+06	0.00190345
1.32019e+06	0.00280782
1.32029e+06	0.00410181
1.32039e+06	0.00593319
1.32049e+06	0.00849725
1.32059e+06	0.0120485
1.32069e+06	0.0169141
1.32079e+06	0.0235084
1.32089e+06	0.0323486
1.32099e+06	0.0440701
1.32109e+06	0.0594415
1.32119e+06	0.0793767
1.32129e+06	0.104943
1.32139e+06	0.137363
1.32149e+06	0.17801
1.32159e+06	0.22839
1.32169e+06	0.290112
1.32179e+06	0.364847
1.32189e+06	0.454269
1.32199e+06	0.55998
1.32209e+06	0.683423
1.32219e+06	0.825778
1.32229e+06	0.987857
1.32239e+06	1.16999
1.32249e+06	1.37191
1.32259e+06	1.59268
1.32269e+06	1.83058
1.32279e+06	2.08307
1.32289e+06	2.34681
1.32299e+06	2.61762
1.32309e+06	2.89064
1.32319e+06	3.16038
1.32329e+06	3.4209
1.32339e+06	3.66605
1.32349e+06	3.88968
1.32359e+06	4.08589
1.32369e+06	4.24929
1.32379e+06	4.37525
1.32389e+06	4.46012
1.32399e+06	4.5014
1.32409e+06	4.49785
1.32419e+06	4.44959
1.32429e+06	4.35805
1.32439e+06	4.22592
1.32449e+06	4.05702
1.32459e+06	3.85612
1.32469e+06	3.62869
1.32479e+06	3.38071
1.32489e+06	3.11833
1.32499e+06	2.84769
1.32509e+06	2.57467
1.32519e+06	2.30466
1.32529e+06	2.04244
1.32539e+06	1.79204
1.32549e+06	1.5567
1.32559e+06	1.33881
1.32569e+06	1.13996
1.32579e+06	0.960987
1.32589e+06	0.802051
1.32599e+06	0.662741
1.32609e+06	0.542179
1.32619e+06	0.439136
1.32629e+06	0.352137
1.32639e+06	0.279564
1.32649e+06	0.21974
1.32659e+06	0.170999
1.32669e+06	0.131745
1.32679e+06	0.100492
1.32689e+06	0.0758906
1.32699e+06	0.0567415
1.32709e+06	0.042002
1.32719e+06	0.030782
1.32729e+06	0.0223347
1.32739e+06	0.0160443
1.32749e+06	0.0114109
1.32759e+06	0.00803477
1.32769e+06	0.00560125
1.32779e+06	0.00386593
1.32789e+06	0.00264168
1.32799e+06	0.00178716
1.32809e+06	0.00119702
1.32819e+06	0.000793779
1.32829e+06	0.000521139
1.32839e+06	0.000338739
1.32849e+06	0.000217988
1.32859e+06	0.000138886
1.32869e+06	8.76074e-05
1.32879e+06	5.47117e-05
1.32889e+06	3.3828e-05
1.32899e+06	2.07076e-05
1.32909e+06	1.25499e-05
1.32919e+06	7.53024e-06
1.32929e+06	4.47335e-06
1.32939e+06	2.63096e-06
1.32949e+06	1.53198e-06
1.32959e+06	8.83181e-07
1.32969e+06	5.04083e-07
1.32979e+06	2.84848e-07
1.32989e+06	1.5936e-07
1.32999e+06	8.8268e-08
1.33009e+06	4.84044e-08
1.33019e+06	2.62798e-08
1.33029e+06	1.4126e-08
1.33039e+06	7.51745e-09
1.33049e+06	3.96077e-09
1.33059e+06	2.06607e-09
1.33069e+06	1.06701e-09
1.33079e+06	5.45569e-10
1.33089e+06	2.76177e-10
1.33099e+06	1.38415e-10
1.33109e+06	6.86806e-11
1.33119e+06	3.37398e-11
1.33129e+06	1.641e-11
1.33139e+06	7.90189e-12
1.33149e+06	3.76713e-12
1.33159e+06	1.77807e-12
1.33169e+06	8.30887e-13
1.33179e+06	3.84409e-13
1.33189e+06	1.76076e-13
1.33199e+06	7.98484e-14
1.33209e+06	3.58499e-14
1.33219e+06	1.59356e-14
1.33229e+06	7.01301e-15
1.33239e+06	3.05561e-15
1.33249e+06	1.3181e-15
1.33259e+06	5.62931e-16
1.33269e+06	2.38024e-16
1.33279e+06	9.96418e-17
1.33289e+06	4.12972e-17
1.33299e+06	1.69456e-17
1.33309e+06	6.88413e-18
1.33319e+06	2.76884e-18
1.33329e+06	1.10257e-18
1.33339e+06	4.3468e-19
1.33349e+06	1.69664e-19
1.33359e+06	6.55645e-20
1.33369e+06	2.50844e-20
1.33379e+06	9.50158e-21
1.33389e+06	3.56324e-21
1.33399e+06	1.32297e-21
1.33409e+06	4.86312e-22
1.33419e+06	1.76984e-22
1.33429e+06	6.37694e-23
1.33439e+06	2.27482e-23
1.33449e+06	8.03412e-24
1.33459e+06	2.80923e-24
1.33469e+06	9.72507e-25
1.33479e+06	3.33315e-25
1.33489e+06	1.13103e-25
1.33499e+06	3.79972e-26
1.33509e+06	1.26382e-26
1.33519e+06	4.16176e-27
1.33529e+06	1.35683e-27
1.33539e+06	4.37955e-28
1.33549e+06	1.39956e-28
1.33559e+06	4.42803e-29
1.33569e+06	1.38703e-29
1.33579e+06	4.30151e-30
1.33589e+06	1.32072e-30
1.33599e+06	4.01475e-31
1.33609e+06	1.20827e-31
1.33619e+06	3.60018e-32
1.33629e+06	1.06204e-32
1.33639e+06	3.10183e-33
1.33649e+06	8.96914e-34
1.33659e+06	2.56768e-34
1.33669e+06	7.27759e-35
1.33679e+06	2.04217e-35
1.33689e+06	5.67351e-36
1.33699e+06	1.56052e-36
1.33709e+06	4.24957e-37
1.33719e+06	1.14572e-37
1.33729e+06	3.0582e-38
1.33739e+06	8.08188e-39
1.33749e+06	2.11454e-39
1.33759e+06	5.47742e-40
1.33769e+06	1.40473e-40
1.33779e+06	3.56671e-41
1.33789e+06	8.966e-42
1.33799e+06	2.23145e-42
1.33809e+06	5.49836e-43
1.33819e+06	1.34133e-43
1.33829e+06	3.23963e-44
1.33839e+06	7.74661e-45
1.33849e+06	1.83394e-45
1.33859e+06	4.29849e-46
1.33869e+06	9.9748e-47
1.33879e+06	2.29165e-47
1.33889e+06	5.21256e-48
1.33899e+06	1.17384e-48
1.33909e+06	2.61714e-49
1.33919e+06	5.77696e-50
1.33929e+06	1.26249e-50
1.33939e+06	2.7316e-51
1.33949e+06	5.85142e-52
1.33959e+06	1.24097e-52
1.33969e+06	2.60568e-53
1.33979e+06	5.41672e-54
1.33989e+06	1.11483e-54
1.33999e+06	2.27163e-55
1.34009e+06	4.58274e-56
1.34019e+06	9.15311e-57
1.34029e+06	1.80996e-57
1.34039e+06	3.54346e-58
1.34049e+06	6.86819e-59
1.34059e+06	1.318e-59
1.34069e+06	2.50405e-60
1.34079e+06	4.71009e-61
1.34089e+06	8.77146e-62
1.34099e+06	1.61723e-62
1.34109e+06	2.95209e-63
1.34119e+06	5.33511e-64
1.34129e+06	9.54586e-65
1.34139e+06	1.691e-65
1.34149e+06	2.96571e-66
1.34159e+06	5.14957e-67
1.34169e+06	8.8526e-68
1.34179e+06	1.5067e-68
1.34189e+06	2.53887e-69
1.34199e+06	4.23557e-70
1.34209e+06	6.99583e-71
1.34219e+06	1.14399e-71
1.34229e+06	1.85211e-72
1.34239e+06	2.96869e-73
1.34249e+06	4.71108e-74
1.34259e+06	7.40174e-75
1.34269e+06	1.15137e-75
1.34279e+06	1.77498e-76
1.34289e+06	2.82882e-77
1.34299e+06	1.23318e-77
1.34309e+06	5.43642e-77
1.34319e+06	3.46811e-76
1.34329e+06	2.21415e-75
1.34339e+06	1.39986e-74
1.34349e+06	8.76241e-74
1.34359e+06	5.43024e-73
1.34369e+06	3.33174e-72
1.34379e+06	2.02386e-71
1.34389e+06	1.21716e-70
1.34399e+06	7.2472e-70
1.34409e+06	4.27219e-69
1.34419e+06	2.49338e-68
1.34429e+06	1.44073e-67
1.34439e+06	8.24203e-67
1.34449e+06	4.66813e-66
1.34459e+06	2.61763e-65
1.34469e+06	1.45322e-64
1.34479e+06	7.98751e-64
1.34489e+06	4.34659e-63
1.34499e+06	2.34176e-62
1.34509e+06	1.24909e-61
1.34519e+06	6.59632e-61
1.34529e+06	3.44879e-60
1.34539e+06	1.78521e-59
1.34549e+06	9.14889e-59
1.34559e+06	4.642e-58
1.34569e+06	2.33184e-57
1.34579e+06	1.15971e-56
1.34589e+06	5.71027e-56
1.34599e+06	2.78369e-55
1.34609e+06	1.34352e-54
1.34619e+06	6.41981e-54
1.34629e+06	3.03709e-53
1.34639e+06	1.4225e-52
1.34649e+06	6.59631e-52
1.34659e+06	3.02836e-51
1.34669e+06	1.37649e-50
1.34679e+06	6.19432e-50
1.34689e+06	2.75976e-49
1.34699e+06	1.21733e-48
1.34709e+06	5.31618e-48
1.34719e+06	2.29853e-47
1.34729e+06	9.83912e-47
1.34739e+06	4.16985e-46
1.34749e+06	1.74961e-45
1.34759e+06	7.26807e-45
1.34769e+06	2.9892e-44
1.34779e+06	1.21716e-43
1.34789e+06	4.90677e-43
1.34799e+06	1.95841e-42
1.34809e+06	7.73867e-42
1.34819e+06	3.02752e-41
1.34829e+06	1.17264e-40
1.34839e+06	4.49677e-40
1.34849e+06	1.70723e-39
1.34859e+06	6.41715e-39
1.34869e+06	2.38808e-38
1.34879e+06	8.79859e-38
1.34889e+06	3.20948e-37
1.34899e+06	1.15908e-36
1.34909e+06	4.14428e-36
1.34919e+06	1.46704e-35
1.34929e+06	5.14153e-35
1.34939e+06	1.78402e-34
1.34949e+06	6.12865e-34
1.34959e+06	2.08443e-33
1.34969e+06	7.01887e-33
1.34979e+06	2.33994e-32
1.34989e+06	7.72324e-32
1.34999e+06	2.52378e-31
1.35009e+06	8.1651e-31
1.35019e+06	2.61535e-30
1.35029e+06	8.29381e-30
1.35039e+06	2.60398e-29
1.35049e+06	8.09427e-29
1.35059e+06	2.49101e-28
1.35069e+06	7.58984e-28
1.35079e+06	2.28953e-27
1.35089e+06	6.83785e-27
1.35099e+06	2.02186e-26
1.35109e+06	5.91888e-26
1.35119e+06	1.71548e-25
1.35129e+06	4.92258e-25
1.35139e+06	1.39848e-24
1.35149e+06	3.93351e-24
1.35159e+06	1.09537e-23
1.35169e+06	3.01998e-23
1.35179e+06	8.24336e-23
1.35189e+06	2.22774e-22
1.35199e+06	5.96052e-22
1.35209e+06	1.57894e-21
1.35219e+06	4.14099e-21
1.35229e+06	1.07524e-20
1.35239e+06	2.76418e-20
1.35249e+06	7.03541e-20
1.35259e+06	1.77286e-19
1.35269e+06	4.42303e-19
1.35279e+06	1.09252e-18
1.35289e+06	2.67178e-18
1.35299e+06	6.46898e-18
1.35309e+06	1.55072e-17
1.35319e+06	3.68043e-17
1.35329e+06	8.64824e-17
1.35339e+06	2.01198e-16
1.35349e+06	4.63431e-16
1.35359e+06	1.05686e-15
1.35369e+06	2.38624e-15
1.35379e+06	5.33437e-15
1.35389e+06	1.18066e-14
1.35399e+06	2.58723e-14
1.35409e+06	5.61334e-14
1.35419e+06	1.20582e-13
1.35429e+06	2.5646e-13
1.35439e+06	5.40054e-13
1.35449e+06	1.12599e-12
1.35459e+06	2.32442e-12
1.35469e+06	4.75093e-12
1.35479e+06	9.61459e-12
1.35489e+06	1.92652e-11
1.35499e+06	3.82216e-11
1.35509e+06	7.50828e-11
1.35519e+06	1.4604e-10
1.35529e+06	2.8126e-10
1.35539e+06	5.36353e-10
1.35549e+06	1.01276e-09
1.35559e+06	1.89355e-09
1.35569e+06	3.50568e-09
1.35579e+06	6.42681e-09
1.35589e+06	1.16668e-08
1.35599e+06	2.09725e-08
1.35609e+06	3.73332e-08
1.35619e+06	6.58108e-08
1.35629e+06	1.14885e-07
1.35639e+06	1.9861e-07
1.35649e+06	3.40036e-07
1.35659e+06	5.76554e-07
1.35669e+06	9.68191e-07
1.35679e+06	1.61027e-06
1.35689e+06	2.65257e-06
1.35699e+06	4.32792e-06
1.35709e+06	6.99438e-06
1.35719e+06	1.11968e-05
1.35729e+06	1.77554e-05
1.35739e+06	2.78918e-05
1.35749e+06	4.34061e-05
1.35759e+06	6.69226e-05
1.35769e+06	0.000102227
1.35779e+06	0.00015472
1.35789e+06	0.000232029
1.35799e+06	0.000344807
1.35809e+06	0.000507776
1.35819e+06	0.000741068
1.35829e+06	0.00107191
1.35839e+06	0.00153674
1.35849e+06	0.0021838
1.35859e+06	0.00307625
1.35869e+06	0.00429592
1.35879e+06	0.00594761
1.35889e+06	0.00816412
1.35899e+06	0.0111118
1.35909e+06	0.0149964
1.35919e+06	0.0200702
1.35929e+06	0.0266376
1.35939e+06	0.0350622
1.35949e+06	0.0457726
1.35959e+06	0.0592668
1.35969e+06	0.076115
1.35979e+06	0.0969605
1.35989e+06	0.122516
1.35999e+06	0.153559
1.36009e+06	0.190915
1.36019e+06	0.235445
1.36029e+06	0.288018
1.36039e+06	0.349483
1.36049e+06	0.420628
1.36059e+06	0.502138
1.36069e+06	0.594549
1.36079e+06	0.698191
1.36089e+06	0.813136
1.36099e+06	0.939145
1.36109e+06	1.07562
1.36119e+06	1.22158
1.36129e+06	1.37559
1.36139e+06	1.53581
1.36149e+06	1.69997
1.36159e+06	1.86539
1.36169e+06	2.02908
1.36179e+06	2.18777
1.36189e+06	2.33803
1.36199e+06	2.4764
1.36209e+06	2.5995
1.36219e+06	2.70418
1.36229e+06	2.78767
1.36239e+06	2.84767
1.36249e+06	2.88254
1.36259e+06	2.89132
1.36269e+06	2.87383
1.36279e+06	2.83072
1.36289e+06	2.76345
1.36299e+06	2.67428
1.36309e+06	2.56618
1.36319e+06	2.4428
1.36329e+06	2.30832
1.36339e+06	2.16736
1.36349e+06	2.02488
1.36359e+06	1.88601
1.36369e+06	1.75601
1.36379e+06	1.64012
1.36389e+06	1.5435
1.36399e+06	1.47111
1.36409e+06	1.42768
1.36419e+06	1.4176
1.36429e+06	1.44489
1.36439e+06	1.51303
1.36449e+06	1.62495
1.36459e+06	1.78284
1.36469e+06	1.98807
1.36479e+06	2.24103
1.36489e+06	2.54098
1.36499e+06	2.88594
1.36509e+06	3.27253
1.36519e+06	3.69593
1.36529e+06	4.14983
1.36539e+06	4.62645
1.36549e+06	5.11668
1.36559e+06	5.61021
1.36569e+06	6.09586
1.36579e+06	6.56183
1.36589e+06	6.9962
1.36599e+06	7.38731
1.36609e+06	7.72423
1.36619e+06	7.99727
1.36629e+06	8.19835
1.36639e+06	8.32139
1.36649e+06	8.36261
1.36659e+06	8.32065
1.36669e+06	8.1967
1.36679e+06	7.99436
1.36689e+06	7.7195
1.36699e+06	7.37998
1.36709e+06	6.98522
1.36719e+06	6.5458
1.36729e+06	6.07302
1.36739e+06	5.57832
1.36749e+06	5.07296
1.36759e+06	4.56748
1.36769e+06	4.07147
1.36779e+06	3.59323
1.36789e+06	3.13964
1.36799e+06	2.71605
1.36809e+06	2.32629
1.36819e+06	1.97271
1.36829e+06	1.65633
1.36839e+06	1.377
1.36849e+06	1.13358
1.36859e+06	0.924155
1.36869e+06	0.74626
1.36879e+06	0.59705
1.36889e+06	0.473484
1.36899e+06	0.372473
1.36909e+06	0.291002
1.36919e+06	0.226219
1.36929e+06	0.175497
1.36939e+06	0.136477
1.36949e+06	0.10708
1.36959e+06	0.0855123
1.36969e+06	0.0702468
1.36979e+06	0.0600047
1.36989e+06	0.0537265
1.36999e+06	0.0505421
1.37009e+06	0.0497402
1.37019e+06	0.0507398
1.37029e+06	0.0530641
1.37039e+06	0.0563186
1.37049e+06	0.0601727
1.37059e+06	0.0643453
1.37069e+06	0.0685947
1.37079e+06	0.0727116
1.37089e+06	0.0765145
1.37099e+06	0.079848
1.37109e+06	0.0825822
1.37119e+06	0.0846135
1.37129e+06	0.0858654
1.37139e+06	0.0862892
1.37149e+06	0.0858648
1.37159e+06	0.0845999
1.37169e+06	0.0825287
1.37179e+06	0.0797098
1.37189e+06	0.0762227
1.37199e+06	0.0721638
1.37209e+06	0.0676418
1.37219e+06	0.0627725
1.37229e+06	0.0576743
1.37239e+06	0.052463
1.37249e+06	0.0472478
1.37259e+06	0.0421277
1.37269e+06	0.0371886
1.37279e+06	0.032502
1.37289e+06	0.0281234
1.37299e+06	0.0240925
1.37309e+06	0.020434
1.37319e+06	0.0171586
1.37329e+06	0.0142648
1.37339e+06	0.0117411
1.37349e+06	0.00956774
1.37359e+06	0.00771909
1.37369e+06	0.00616566
1.37379e+06	0.00487585
1.37389e+06	0.00381749
1.37399e+06	0.00295912
1.37409e+06	0.00227094
1.37419e+06	0.00172546
1.37429e+06	0.00129796
1.37439e+06	0.000966659
1.37449e+06	0.00071276
1.37459e+06	0.00052032
1.37469e+06	0.000376058
1.37479e+06	0.000269089
1.37489e+06	0.000190631
1.37499e+06	0.000133706
1.37509e+06	9.28459e-05
1.37519e+06	6.38311e-05
1.37529e+06	4.34469e-05
1.37539e+06	2.92781e-05
1.37549e+06	1.95336e-05
1.37559e+06	1.29027e-05
1.37569e+06	8.43792e-06
1.37579e+06	5.46321e-06
1.37589e+06	3.502e-06
1.37599e+06	2.2225e-06
1.37609e+06	1.39645e-06
1.37619e+06	8.68692e-07
1.37629e+06	5.35011e-07
1.37639e+06	3.26225e-07
1.37649e+06	1.96937e-07
1.37659e+06	1.17705e-07
1.37669e+06	6.96501e-08
1.37679e+06	4.08042e-08
1.37689e+06	2.3667e-08
1.37699e+06	1.35907e-08
1.37709e+06	7.7267e-09
1.37719e+06	4.34915e-09
1.37729e+06	2.42366e-09
1.37739e+06	1.3372e-09
1.37749e+06	7.30431e-10
1.37759e+06	3.95019e-10
1.37769e+06	2.11502e-10
1.37779e+06	1.12116e-10
1.37789e+06	5.88406e-11
1.37799e+06	3.05734e-11
1.37809e+06	1.57278e-11
1.37819e+06	8.01031e-12
1.37829e+06	4.03913e-12
1.37839e+06	2.01643e-12
1.37849e+06	9.96633e-13
1.37859e+06	4.87691e-13
1.37869e+06	2.36271e-13
1.37879e+06	1.13327e-13
1.37889e+06	5.38165e-14
1.37899e+06	2.53019e-14
1.37909e+06	1.17774e-14
1.37919e+06	5.42749e-15
1.37929e+06	2.47633e-15
1.37939e+06	1.1186e-15
1.37949e+06	5.00261e-16
1.37959e+06	2.21502e-16
1.37969e+06	9.70988e-17
1.37979e+06	4.21413e-17
1.37989e+06	1.81075e-17
1.37999e+06	7.70313e-18
1.38009e+06	3.24439e-18
1.38019e+06	1.35287e-18
1.38029e+06	5.58514e-19
1.38039e+06	2.28282e-19
1.38049e+06	9.23771e-20
1.38059e+06	3.70096e-20
1.38069e+06	1.46799e-20
1.38079e+06	5.76484e-21
1.38089e+06	2.24134e-21
1.38099e+06	8.62755e-22
1.38109e+06	3.28794e-22
1.38119e+06	1.24056e-22
1.38129e+06	4.63411e-23
1.38139e+06	1.71385e-23
1.38149e+06	6.27534e-24
1.38159e+06	2.27488e-24
1.38169e+06	8.16463e-25
1.38179e+06	2.90116e-25
1.38189e+06	1.02062e-25
1.38199e+06	3.55478e-26
1.38209e+06	1.2258e-26
1.38219e+06	4.18488e-27
1.38229e+06	1.4145e-27
1.38239e+06	4.73348e-28
1.38249e+06	1.56825e-28
1.38259e+06	5.14407e-29
1.38269e+06	1.67054e-29
1.38279e+06	5.37108e-30
1.38289e+06	1.70972e-30
1.38299e+06	5.3882e-31
1.38309e+06	1.68121e-31
1.38319e+06	5.19344e-32
1.38329e+06	1.58835e-32
1.38339e+06	4.80943e-33
1.38349e+06	1.44178e-33
1.38359e+06	4.27919e-34
1.38369e+06	1.25742e-34
1.38379e+06	3.65811e-35
1.38389e+06	1.05364e-35
1.38399e+06	3.00456e-36
1.38409e+06	8.48258e-37
1.38419e+06	2.37101e-37
1.38429e+06	6.56137e-38
1.38439e+06	1.79768e-38
1.38449e+06	4.87628e-39
1.38459e+06	1.30955e-39
1.38469e+06	3.48186e-40
1.38479e+06	9.16554e-41
1.38489e+06	2.3887e-41
1.38499e+06	6.16343e-42
1.38509e+06	1.57449e-42
1.38519e+06	3.98213e-43
1.38529e+06	9.97121e-44
1.38539e+06	2.47194e-44
1.38549e+06	6.06713e-45
1.38559e+06	1.4743e-45
1.38569e+06	3.54688e-46
1.38579e+06	8.4482e-47
1.38589e+06	1.99223e-47
1.38599e+06	4.65126e-48
1.38609e+06	1.07512e-48
1.38619e+06	2.46039e-49
1.38629e+06	5.57452e-50
1.38639e+06	1.25045e-50
1.38649e+06	2.77705e-51
1.38659e+06	6.10601e-52
1.38669e+06	1.32919e-52
1.38679e+06	2.86468e-53
1.38689e+06	6.11254e-54
1.38699e+06	1.29129e-54
1.38709e+06	2.70074e-55
1.38719e+06	5.59241e-56
1.38729e+06	1.14649e-56
1.38739e+06	2.32703e-57
1.38749e+06	4.67622e-58
1.38759e+06	9.30627e-59
1.38769e+06	1.84888e-59
1.38779e+06	4.45331e-60
1.38789e+06	5.35903e-60
1.38799e+06	2.4664e-59
1.38809e+06	1.27637e-58
1.38819e+06	6.57222e-58
1.38829e+06	3.35106e-57
1.38839e+06	1.69165e-56
1.38849e+06	8.45471e-56
1.38859e+06	4.18353e-55
1.38869e+06	2.04948e-54
1.38879e+06	9.94038e-54
1.38889e+06	4.7733e-53
1.38899e+06	2.2693e-52
1.38909e+06	1.06812e-51
1.38919e+06	4.97747e-51
1.38929e+06	2.29643e-50
1.38939e+06	1.04895e-49
1.38949e+06	4.74365e-49
1.38959e+06	2.12387e-48
1.38969e+06	9.41458e-48
1.38979e+06	4.13172e-47
1.38989e+06	1.79522e-46
1.38999e+06	7.72257e-46
1.39009e+06	3.289e-45
1.39019e+06	1.38683e-44
1.39029e+06	5.78945e-44
1.39039e+06	2.39282e-43
1.39049e+06	9.79129e-43
1.39059e+06	3.96668e-42
1.39069e+06	1.591e-41
1.39079e+06	6.31789e-41
1.39089e+06	2.48388e-40
1.39099e+06	9.66822e-40
1.39109e+06	3.7258e-39
1.39119e+06	1.42151e-38
1.39129e+06	5.36953e-38
1.39139e+06	2.00808e-37
1.39149e+06	7.43501e-37
1.39159e+06	2.72546e-36
1.39169e+06	9.89136e-36
1.39179e+06	3.55409e-35
1.39189e+06	1.26433e-34
1.39199e+06	4.45293e-34
1.39209e+06	1.55271e-33
1.39219e+06	5.36033e-33
1.39229e+06	1.83211e-32
1.39239e+06	6.19964e-32
1.39249e+06	2.07701e-31
1.39259e+06	6.88921e-31
1.39269e+06	2.26233e-30
1.39279e+06	7.35532e-30
1.39289e+06	2.36757e-29
1.39299e+06	7.54505e-29
1.39309e+06	2.38055e-28
1.39319e+06	7.4362e-28
1.39329e+06	2.29975e-27
1.39339e+06	7.04156e-27
1.39349e+06	2.13459e-26
1.39359e+06	6.40642e-26
1.39369e+06	1.9036e-25
1.39379e+06	5.60004e-25
1.39389e+06	1.63104e-24
1.39399e+06	4.70322e-24
1.39409e+06	1.34271e-23
1.39419e+06	3.79514e-23
1.39429e+06	1.06201e-22
1.39439e+06	2.94232e-22
1.39449e+06	8.07061e-22
1.39459e+06	2.1917e-21
1.39469e+06	5.89266e-21
1.39479e+06	1.56855e-20
1.39489e+06	4.13376e-20
1.39499e+06	1.07857e-19
1.39509e+06	2.78617e-19
1.39519e+06	7.12565e-19
1.39529e+06	1.80426e-18
1.39539e+06	4.52303e-18
1.39549e+06	1.12258e-17
1.39559e+06	2.75845e-17
1.39569e+06	6.71069e-17
1.39579e+06	1.61632e-16
1.39589e+06	3.8543e-16
1.39599e+06	9.09955e-16
1.39609e+06	2.12692e-15
1.39619e+06	4.92199e-15
1.39629e+06	1.12768e-14
1.39639e+06	2.55794e-14
1.39649e+06	5.7445e-14
1.39659e+06	1.27723e-13
1.39669e+06	2.81155e-13
1.39679e+06	6.12742e-13
1.39689e+06	1.32211e-12
1.39699e+06	2.82433e-12
1.39709e+06	5.97336e-12
1.39719e+06	1.25078e-11
1.39729e+06	2.59298e-11
1.39739e+06	5.322e-11
1.39749e+06	1.08145e-10
1.39759e+06	2.1757e-10
1.39769e+06	4.33358e-10
1.39779e+06	8.54578e-10
1.39789e+06	1.66845e-09
1.39799e+06	3.22503e-09
1.39809e+06	6.17178e-09
1.39819e+06	1.16935e-08
1.39829e+06	2.19349e-08
1.39839e+06	4.07365e-08
1.39849e+06	7.49014e-08
1.39859e+06	1.36349e-07
1.39869e+06	2.45739e-07
1.39879e+06	4.38482e-07
1.39889e+06	7.74616e-07
1.39899e+06	1.35481e-06
1.39909e+06	2.346e-06
1.39919e+06	4.02193e-06
1.39929e+06	6.82651e-06
1.39939e+06	1.14715e-05
1.39949e+06	1.90853e-05
1.39959e+06	3.14366e-05
1.39969e+06	5.12659e-05
1.39979e+06	8.27712e-05
1.39989e+06	0.000132308
1.39999e+06	0.000209388
1.40009e+06	0.000328076
1.40019e+06	0.000508926
1.40029e+06	0.000781613
1.40039e+06	0.00118846
1.40049e+06	0.00178911
1.40059e+06	0.00266653
1.40069e+06	0.00393472
1.40079e+06	0.00574827
1.40089e+06	0.00831417
1.40099e+06	0.0119058
1.40109e+06	0.0168792
1.40119e+06	0.0236922
1.40129e+06	0.0329243
1.40139e+06	0.0452986
1.40149e+06	0.0617035
1.40159e+06	0.0832132
1.40169e+06	0.111105
1.40179e+06	0.146869
1.40189e+06	0.192214
1.40199e+06	0.249056
1.40209e+06	0.319496
1.40219e+06	0.405782
1.40229e+06	0.510243
1.40239e+06	0.635212
1.40249e+06	0.78292
1.40259e+06	0.955375
1.40269e+06	1.15422
1.40279e+06	1.38057
1.40289e+06	1.63489
1.40299e+06	1.91679
1.40309e+06	2.22493
1.40319e+06	2.55692
1.40329e+06	2.90922
1.40339e+06	3.27711
1.40349e+06	3.65481
1.40359e+06	4.03548
1.40369e+06	4.41147
1.40379e+06	4.77451
1.40389e+06	5.11602
1.40399e+06	5.42741
1.40409e+06	5.70047
1.40419e+06	5.9277
1.40429e+06	6.10266
1.40439e+06	6.22028
1.40449e+06	6.27709
1.40459e+06	6.2714
1.40469e+06	6.20338
1.40479e+06	6.07506
1.40489e+06	5.89022
1.40499e+06	5.65419
1.40509e+06	5.37364
1.40519e+06	5.05623
1.40529e+06	4.71026
1.40539e+06	4.34435
1.40549e+06	3.96706
1.40559e+06	3.58655
1.40569e+06	3.21036
1.40579e+06	2.84513
1.40589e+06	2.49649
1.40599e+06	2.16891
1.40609e+06	1.86573
1.40619e+06	1.58916
1.40629e+06	1.34035
1.40639e+06	1.1195
1.40649e+06	0.926039
1.40659e+06	0.758719
1.40669e+06	0.615816
1.40679e+06	0.495264
1.40689e+06	0.394795
1.40699e+06	0.312057
1.40709e+06	0.244719
1.40719e+06	0.190545
1.40729e+06	0.147454
1.40739e+06	0.113555
1.40749e+06	0.0871713
1.40759e+06	0.0668438
1.40769e+06	0.0513286
1.40779e+06	0.0395844
1.40789e+06	0.0307544
1.40799e+06	0.0241456
1.40809e+06	0.0192074
1.40819e+06	0.015509
1.40829e+06	0.0127197
1.40839e+06	0.0105896
1.40849e+06	0.00893353
1.40859e+06	0.00761676
1.40869e+06	0.00654326
1.40879e+06	0.00564599
1.40889e+06	0.0048792
1.40899e+06	0.00421231
1.40909e+06	0.0036253
1.40919e+06	0.00310519
1.40929e+06	0.00264353
1.40939e+06	0.00223457
1.40949e+06	0.00187411
1.40959e+06	0.00155864
1.40969e+06	0.00128491
1.40979e+06	0.00104971
1.40989e+06	0.000849716
1.40999e+06	0.000681543
1.41009e+06	0.000541781
1.41019e+06	0.000427076
1.41029e+06	0.000334222
1.41039e+06	0.000260238
1.41049e+06	0.000202435
1.41059e+06	0.000158471
1.41069e+06	0.000126387
1.41079e+06	0.000104628
1.41089e+06	9.20547e-05
1.41099e+06	8.79514e-05
1.41109e+06	9.2019e-05
1.41119e+06	0.000104369
1.41129e+06	0.000125512
1.41139e+06	0.000156338
1.41149e+06	0.000198095
1.41159e+06	0.000252357
1.41169e+06	0.000320978
1.41179e+06	0.000406035
1.41189e+06	0.000509752
1.41199e+06	0.000634408
1.41209e+06	0.000782222
1.41219e+06	0.000955222
1.41229e+06	0.00115509
1.41239e+06	0.00138303
1.41249e+06	0.00163955
1.41259e+06	0.00192436
1.41269e+06	0.00223621
1.41279e+06	0.00257276
1.41289e+06	0.00293051
1.41299e+06	0.00330481
1.41309e+06	0.00368984
1.41319e+06	0.00407873
1.41329e+06	0.00446376
1.41339e+06	0.00483652
1.41349e+06	0.00518826
1.41359e+06	0.00551021
1.41369e+06	0.00579391
1.41379e+06	0.0060316
1.41389e+06	0.00621656
1.41399e+06	0.00634344
1.41409e+06	0.0064085
1.41419e+06	0.00640981
1.41429e+06	0.00634733
1.41439e+06	0.00622291
1.41449e+06	0.00604023
1.41459e+06	0.00580458
1.41469e+06	0.00552261
1.41479e+06	0.00520206
1.41489e+06	0.00485136
1.41499e+06	0.00447929
1.41509e+06	0.0040946
1.41519e+06	0.0037057
1.41529e+06	0.00332037
1.41539e+06	0.00294551
1.41549e+06	0.00258697
1.41559e+06	0.00224946
1.41569e+06	0.00193652
1.41579e+06	0.00165053
1.41589e+06	0.00139278
1.41599e+06	0.00116359
1.41609e+06	0.000962436
1.41619e+06	0.000788137
1.41629e+06	0.000638982
1.41639e+06	0.0005129
1.41649e+06	0.000407599
1.41659e+06	0.000320694
1.41669e+06	0.000249808
1.41679e+06	0.000192654
1.41689e+06	0.000147098
1.41699e+06	0.000111197
1.41709e+06	8.32219e-05
1.41719e+06	6.16649e-05
1.41729e+06	4.52372e-05
1.41739e+06	3.28556e-05
1.41749e+06	2.36255e-05
1.41759e+06	1.68194e-05
1.41769e+06	1.18548e-05
1.41779e+06	8.27253e-06
1.41789e+06	5.71529e-06
1.41799e+06	3.90927e-06
1.41809e+06	2.64734e-06
1.41819e+06	1.77493e-06
1.41829e+06	1.17817e-06
1.41839e+06	7.74271e-07
1.41849e+06	5.03773e-07
1.41859e+06	3.24515e-07
1.41869e+06	2.06962e-07
1.41879e+06	1.30678e-07
1.41889e+06	8.1691e-08
1.41899e+06	5.05594e-08
1.41909e+06	3.09803e-08
1.41919e+06	1.87944e-08
1.41929e+06	1.12882e-08
1.41939e+06	6.71246e-09
1.41949e+06	3.9518e-09
1.41959e+06	2.30337e-09
1.41969e+06	1.3292e-09
1.41979e+06	7.59407e-10
1.41989e+06	4.29552e-10
1.41999e+06	2.40555e-10
1.42009e+06	1.33373e-10
1.42019e+06	7.32117e-11
1.42029e+06	3.97878e-11
1.42039e+06	2.1408e-11
1.42049e+06	1.14041e-11
1.42059e+06	6.0145e-12
1.42069e+06	3.14049e-12
1.42079e+06	1.6235e-12
1.42089e+06	8.30926e-13
1.42099e+06	4.21047e-13
1.42109e+06	2.1123e-13
1.42119e+06	1.04915e-13
1.42129e+06	5.15916e-14
1.42139e+06	2.51175e-14
1.42149e+06	1.21068e-14
1.42159e+06	5.7775e-15
1.42169e+06	2.72966e-15
1.42179e+06	1.27683e-15
1.42189e+06	5.9131e-16
1.42199e+06	2.71115e-16
1.42209e+06	1.23069e-16
1.42219e+06	5.531e-17
1.42229e+06	2.46101e-17
1.42239e+06	1.08413e-17
1.42249e+06	4.7283e-18
1.42259e+06	2.04167e-18
1.42269e+06	8.7282e-19
1.42279e+06	3.6942e-19
1.42289e+06	1.54801e-19
1.42299e+06	6.42218e-20
1.42309e+06	2.63784e-20
1.42319e+06	1.07269e-20
1.42329e+06	4.31871e-21
1.42339e+06	1.72144e-21
1.42349e+06	6.79339e-22
1.42359e+06	2.65423e-22
1.42369e+06	1.02671e-22
1.42379e+06	3.932e-23
1.42389e+06	1.49086e-23
1.42399e+06	5.5965e-24
1.42409e+06	2.07995e-24
1.42419e+06	7.65329e-25
1.42429e+06	2.78804e-25
1.42439e+06	1.00556e-25
1.42449e+06	3.59065e-26
1.42459e+06	1.26939e-26
1.42469e+06	4.44299e-27
1.42479e+06	1.53961e-27
1.42489e+06	5.28209e-28
1.42499e+06	1.79414e-28
1.42509e+06	6.03342e-29
1.42519e+06	2.00876e-29
1.42529e+06	6.62141e-30
1.42539e+06	2.16087e-30
1.42549e+06	6.98177e-31
1.42559e+06	2.23336e-31
1.42569e+06	7.07308e-32
1.42579e+06	2.21777e-32
1.42589e+06	6.88462e-33
1.42599e+06	2.11593e-33
1.42609e+06	6.43842e-34
1.42619e+06	1.93961e-34
1.42629e+06	5.78505e-35
1.42639e+06	1.70827e-35
1.42649e+06	4.99417e-36
1.42659e+06	1.44553e-36
1.42669e+06	4.14236e-37
1.42679e+06	1.17524e-37
1.42689e+06	3.30111e-38
1.42699e+06	9.18019e-39
1.42709e+06	2.52755e-39
1.42719e+06	6.8898e-40
1.42729e+06	1.85939e-40
1.42739e+06	4.96809e-41
1.42749e+06	1.31422e-41
1.42759e+06	3.44192e-42
1.42769e+06	8.92466e-43
1.42779e+06	2.29108e-43
1.42789e+06	5.82298e-44
1.42799e+06	1.46524e-44
1.42809e+06	3.65029e-45
1.42819e+06	9.00334e-46
1.42829e+06	2.19855e-46
1.42839e+06	5.3153e-47
1.42849e+06	1.27226e-47
1.42859e+06	3.01495e-48
1.42869e+06	7.07362e-49
1.42879e+06	1.64309e-49
1.42889e+06	3.77865e-50
1.42899e+06	8.60339e-51
1.42909e+06	1.93936e-51
1.42919e+06	4.32819e-52
1.42929e+06	9.56336e-53
1.42939e+06	2.09205e-53
1.42949e+06	4.53096e-54
1.42959e+06	9.7155e-55
1.42969e+06	2.06252e-55
1.42979e+06	4.33498e-56
1.42989e+06	9.02055e-57
1.42999e+06	1.85839e-57
1.43009e+06	3.7905e-58
1.43019e+06	7.65446e-59
1.43029e+06	1.53034e-59
1.43039e+06	3.02915e-60
1.43049e+06	5.93622e-61
1.43059e+06	1.15174e-61
1.43069e+06	2.21237e-62
1.43079e+06	4.20744e-63
1.43089e+06	7.92201e-64
1.43099e+06	1.47676e-64
1.43109e+06	2.72546e-65
1.43119e+06	4.97999e-66
1.43129e+06	9.00894e-67
1.43139e+06	1.61353e-67
1.43149e+06	2.86111e-68
1.43159e+06	5.02286e-69
1.43169e+06	8.73021e-70
1.43179e+06	1.5023e-70
1.43189e+06	2.55943e-71
1.43199e+06	4.31705e-72
1.43209e+06	7.20923e-73
1.43219e+06	1.19192e-73
1.43229e+06	1.95103e-74
1.43239e+06	3.16181e-75
1.43249e+06	5.07301e-76
1.43259e+06	8.05848e-77
1.43269e+06	1.26735e-77
1.43279e+06	1.97332e-78
1.43289e+06	3.04198e-79
1.43299e+06	4.6427e-80
1.43309e+06	7.01525e-81
1.43319e+06	1.04948e-81
1.43329e+06	1.55439e-82
1.43339e+06	2.2793e-83
1.43349e+06	3.30904e-84
1.43359e+06	4.7562e-85
1.43369e+06	6.76822e-86
1.43379e+06	9.53555e-87
1.43389e+06	1.33007e-87
1.43399e+06	1.83679e-88
1.43409e+06	2.51133e-89
1.43419e+06	3.3994e-90
1.43429e+06	4.55575e-91
1.43439e+06	6.04469e-92
1.43449e+06	7.94105e-93
1.43459e+06	1.03759e-93
1.43469e+06	1.71725e-94
1.43479e+06	3.2096e-94
1.43489e+06	2.36325e-93
1.43499e+06	1.81556e-92
1.43509e+06	1.38213e-91
1.43519e+06	1.04171e-90
1.43529e+06	7.77331e-90
1.43539e+06	5.74277e-89
1.43549e+06	4.20042e-88
1.43559e+06	3.04174e-87
1.43569e+06	2.18076e-86
1.43579e+06	1.54793e-85
1.43589e+06	1.08781e-84
1.43599e+06	7.56849e-84
1.43609e+06	5.21343e-83
1.43619e+06	3.55546e-82
1.43629e+06	2.40062e-81
1.43639e+06	1.60476e-80
1.43649e+06	1.06207e-79
1.43659e+06	6.95908e-79
1.43669e+06	4.51449e-78
1.43679e+06	2.89949e-77
1.43689e+06	1.84371e-76
1.43699e+06	1.1607e-75
1.43709e+06	7.23446e-75
1.43719e+06	4.46425e-74
1.43729e+06	2.72739e-73
1.43739e+06	1.64969e-72
1.43749e+06	9.87908e-72
1.43759e+06	5.85716e-71
1.43769e+06	3.43806e-70
1.43779e+06	1.99801e-69
1.43789e+06	1.14958e-68
1.43799e+06	6.54845e-68
1.43809e+06	3.69312e-67
1.43819e+06	2.06208e-66
1.43829e+06	1.13992e-65
1.43839e+06	6.23882e-65
1.43849e+06	3.38054e-64
1.43859e+06	1.81354e-63
1.43869e+06	9.63219e-63
1.43879e+06	5.06501e-62
1.43889e+06	2.63689e-61
1.43899e+06	1.35913e-60
1.43909e+06	6.93565e-60
1.43919e+06	3.50405e-59
1.43929e+06	1.75271e-58
1.43939e+06	8.67976e-58
1.43949e+06	4.25561e-57
1.43959e+06	2.06573e-56
1.43969e+06	9.92754e-56
1.43979e+06	4.72353e-55
1.43989e+06	2.2251e-54
1.43999e+06	1.03774e-53
1.44009e+06	4.79166e-53
1.44019e+06	2.19048e-52
1.44029e+06	9.91403e-52
1.44039e+06	4.4424e-51
1.44049e+06	1.9708e-50
1.44059e+06	8.65615e-50
1.44069e+06	3.76412e-49
1.44079e+06	1.62054e-48
1.44089e+06	6.90737e-48
1.44099e+06	2.91489e-47
1.44109e+06	1.21784e-46
1.44119e+06	5.03749e-46
1.44129e+06	2.06298e-45
1.44139e+06	8.36438e-45
1.44149e+06	3.3576e-44
1.44159e+06	1.33439e-43
1.44169e+06	5.25039e-43
1.44179e+06	2.0453e-42
1.44189e+06	7.88826e-42
1.44199e+06	3.01205e-41
1.44209e+06	1.13868e-40
1.44219e+06	4.26181e-40
1.44229e+06	1.57923e-39
1.44239e+06	5.79369e-39
1.44249e+06	2.10437e-38
1.44259e+06	7.56736e-38
1.44269e+06	2.69417e-37
1.44279e+06	9.49645e-37
1.44289e+06	3.31402e-36
1.44299e+06	1.145e-35
1.44309e+06	3.91665e-35
1.44319e+06	1.32642e-34
1.44329e+06	4.44737e-34
1.44339e+06	1.47633e-33
1.44349e+06	4.85198e-33
1.44359e+06	1.57875e-32
1.44369e+06	5.08584e-32
1.44379e+06	1.62207e-31
1.44389e+06	5.12195e-31
1.44399e+06	1.60124e-30
1.44409e+06	4.95605e-30
1.44419e+06	1.5187e-29
1.44429e+06	4.60749e-29
1.44439e+06	1.38393e-28
1.44449e+06	4.11549e-28
1.44459e+06	1.21167e-27
1.44469e+06	3.53189e-27
1.44479e+06	1.01926e-26
1.44489e+06	2.9122e-26
1.44499e+06	8.23783e-26
1.44509e+06	2.30708e-25
1.44519e+06	6.39689e-25
1.44529e+06	1.75603e-24
1.44539e+06	4.77257e-24
1.44549e+06	1.28419e-23
1.44559e+06	3.42109e-23
1.44569e+06	9.02312e-23
1.44579e+06	2.35616e-22
1.44589e+06	6.09132e-22
1.44599e+06	1.5591e-21
1.44609e+06	3.95088e-21
1.44619e+06	9.91222e-21
1.44629e+06	2.4621e-20
1.44639e+06	6.05475e-20
1.44649e+06	1.47416e-19
1.44659e+06	3.55345e-19
1.44669e+06	8.48031e-19
1.44679e+06	2.00369e-18
1.44689e+06	4.68714e-18
1.44699e+06	1.08553e-17
1.44709e+06	2.48904e-17
1.44719e+06	5.6504e-17
1.44729e+06	1.26994e-16
1.44739e+06	2.82583e-16
1.44749e+06	6.22535e-16
1.44759e+06	1.35781e-15
1.44769e+06	2.93206e-15
1.44779e+06	6.26848e-15
1.44789e+06	1.32681e-14
1.44799e+06	2.78044e-14
1.44809e+06	5.76865e-14
1.44819e+06	1.18493e-13
1.44829e+06	2.40973e-13
1.44839e+06	4.85177e-13
1.44849e+06	9.67139e-13
1.44859e+06	1.90869e-12
1.44869e+06	3.7294e-12
1.44879e+06	7.21438e-12
1.44889e+06	1.38171e-11
1.44899e+06	2.61994e-11
1.44909e+06	4.91839e-11
1.44919e+06	9.14137e-11
1.44929e+06	1.68212e-10
1.44939e+06	3.0645e-10
1.44949e+06	5.52738e-10
1.44959e+06	9.87044e-10
1.44969e+06	1.74506e-09
1.44979e+06	3.05451e-09
1.44989e+06	5.29334e-09
1.44999e+06	9.08185e-09
1.45009e+06	1.54268e-08
1.45019e+06	2.59439e-08
1.45029e+06	4.31969e-08
1.45039e+06	7.12075e-08
1.45049e+06	1.16213e-07
1.45059e+06	1.87777e-07
1.45069e+06	3.00392e-07
1.45079e+06	4.75761e-07
1.45089e+06	7.46015e-07
1.45099e+06	1.15815e-06
1.45109e+06	1.78007e-06
1.45119e+06	2.70873e-06
1.45129e+06	4.08087e-06
1.45139e+06	6.08691e-06
1.45149e+06	8.98871e-06
1.45159e+06	1.31418e-05
1.45169e+06	1.90226e-05
1.45179e+06	2.7261e-05
1.45189e+06	3.86787e-05
1.45199e+06	5.43323e-05
1.45209e+06	7.55616e-05
1.45219e+06	0.00010404
1.45229e+06	0.000141827
1.45239e+06	0.000191414
1.45249e+06	0.000255767
1.45259e+06	0.000338355
1.45269e+06	0.000443158
1.45279e+06	0.000574647
1.45289e+06	0.000737736
1.45299e+06	0.000937687
1.45309e+06	0.00117997
1.45319e+06	0.00147008
1.45329e+06	0.0018133
1.45339e+06	0.0022144
1.45349e+06	0.0026773
1.45359e+06	0.00320477
1.45369e+06	0.00379798
1.45379e+06	0.00445621
1.45389e+06	0.0051765
1.45399e+06	0.00595337
1.45409e+06	0.00677872
1.45419e+06	0.00764168
1.45429e+06	0.00852879
1.45439e+06	0.00942417
1.45449e+06	0.0103099
1.45459e+06	0.0111667
1.45469e+06	0.0119743
1.45479e+06	0.0127126
1.45489e+06	0.0133622
1.45499e+06	0.0139051
1.45509e+06	0.0143261
1.45519e+06	0.0146131
1.45529e+06	0.0147574
1.45539e+06	0.0147549
1.45549e+06	0.0146056
1.45559e+06	0.0143139
1.45569e+06	0.0138885
1.45579e+06	0.0133417
1.45589e+06	0.0126889
1.45599e+06	0.0119479
1.45609e+06	0.0111382
1.45619e+06	0.0102801
1.45629e+06	0.00939373
1.45639e+06	0.00849835
1.45649e+06	0.00761182
1.45659e+06	0.00674993
1.45669e+06	0.00592607
1.45679e+06	0.005151
1.45689e+06	0.00443276
1.45699e+06	0.0037767
1.45709e+06	0.00318573
1.45719e+06	0.00266049
1.45729e+06	0.00219974
1.45739e+06	0.00180069
1.45749e+06	0.00145936
1.45759e+06	0.00117097
1.45769e+06	0.000930214
1.45779e+06	0.000731608
1.45789e+06	0.00056968
1.45799e+06	0.000439178
1.45809e+06	0.000335202
1.45819e+06	0.000253297
1.45829e+06	0.000189501
1.45839e+06	0.000140362
1.45849e+06	0.00010293
1.45859e+06	7.47301e-05
1.45869e+06	5.37161e-05
1.45879e+06	3.8227e-05
1.45889e+06	2.69335e-05
1.45899e+06	1.87877e-05
1.45909e+06	1.29751e-05
1.45919e+06	8.87165e-06
1.45929e+06	6.00559e-06
1.45939e+06	4.02498e-06
1.45949e+06	2.67073e-06
1.45959e+06	1.75449e-06
1.45969e+06	1.14112e-06
1.45979e+06	7.34797e-07
1.45989e+06	4.68448e-07
1.45999e+06	2.95673e-07
1.46009e+06	1.84765e-07
1.46019e+06	1.1431e-07
1.46029e+06	7.00174e-08
