1.62502e+06	1.06477e-07
1.62512e+06	1.75482e-07
1.62522e+06	2.86409e-07
1.62532e+06	4.62945e-07
1.62542e+06	7.41082e-07
1.62552e+06	1.17491e-06
1.62562e+06	1.84482e-06
1.62572e+06	2.86894e-06
1.62582e+06	4.4189e-06
1.62592e+06	6.74129e-06
1.62602e+06	1.01863e-05
1.62612e+06	1.52456e-05
1.62622e+06	2.26014e-05
1.62632e+06	3.31894e-05
1.62642e+06	4.82778e-05
1.62652e+06	6.95649e-05
1.62662e+06	9.92973e-05
1.62672e+06	0.000140411
1.62682e+06	0.000196694
1.62692e+06	0.000272972
1.62702e+06	0.000375314
1.62712e+06	0.000511248
1.62722e+06	0.000689986
1.62732e+06	0.000922638
1.62742e+06	0.00122241
1.62752e+06	0.00160475
1.62762e+06	0.00208743
1.62772e+06	0.00269055
1.62782e+06	0.00343643
1.62792e+06	0.00434931
1.62802e+06	0.0054549
1.62812e+06	0.00677979
1.62822e+06	0.0083506
1.62832e+06	0.0101929
1.62842e+06	0.01233
1.62852e+06	0.0147816
1.62862e+06	0.017562
1.62872e+06	0.020679
1.62882e+06	0.0241317
1.62892e+06	0.0279097
1.62902e+06	0.0319911
1.62912e+06	0.0363425
1.62922e+06	0.0409174
1.62932e+06	0.0456573
1.62942e+06	0.0504915
1.62952e+06	0.0553387
1.62962e+06	0.060109
1.62972e+06	0.0647058
1.62982e+06	0.0690298
1.62992e+06	0.0729814
1.63002e+06	0.0764651
1.63012e+06	0.0793929
1.63022e+06	0.0816882
1.63032e+06	0.0832889
1.63042e+06	0.0841504
1.63052e+06	0.0842473
1.63062e+06	0.0835751
1.63072e+06	0.0821501
1.63082e+06	0.0800089
1.63092e+06	0.0772072
1.63102e+06	0.0738166
1.63112e+06	0.0699224
1.63122e+06	0.0656197
1.63132e+06	0.0610092
1.63142e+06	0.0561939
1.63152e+06	0.0512748
1.63162e+06	0.0463479
1.63172e+06	0.0415007
1.63182e+06	0.0368104
1.63192e+06	0.0323418
1.63202e+06	0.0281466
1.63212e+06	0.0242632
1.63222e+06	0.0207166
1.63232e+06	0.0175198
1.63242e+06	0.0146748
1.63252e+06	0.0121741
1.63262e+06	0.0100026
1.63272e+06	0.00813953
1.63282e+06	0.00655968
1.63292e+06	0.00523548
1.63302e+06	0.00413823
1.63312e+06	0.00323929
1.63322e+06	0.00251105
1.63332e+06	0.00192764
1.63342e+06	0.00146539
1.63352e+06	0.00110315
1.63362e+06	0.000822364
1.63372e+06	0.000607066
1.63382e+06	0.000443756
1.63392e+06	0.000321208
1.63402e+06	0.000230227
1.63412e+06	0.0001634
1.63422e+06	0.000114833
1.63432e+06	7.99098e-05
1.63442e+06	5.50612e-05
1.63452e+06	3.75666e-05
1.63462e+06	2.53784e-05
1.63472e+06	1.69759e-05
1.63482e+06	1.12435e-05
1.63492e+06	7.37338e-06
1.63502e+06	4.78773e-06
1.63512e+06	3.07812e-06
1.63522e+06	1.95945e-06
1.63532e+06	1.23501e-06
1.63542e+06	7.7072e-07
1.63552e+06	4.7622e-07
1.63562e+06	2.91341e-07
1.63572e+06	1.76473e-07
1.63582e+06	1.05837e-07
1.63592e+06	6.28455e-08
1.63602e+06	3.69479e-08
1.63612e+06	2.15071e-08
1.63622e+06	1.23951e-08
1.63632e+06	7.07278e-09
1.63642e+06	3.99581e-09
1.63652e+06	2.23508e-09
1.63662e+06	1.2378e-09
1.63672e+06	6.78703e-10
1.63682e+06	3.6845e-10
1.63692e+06	1.98037e-10
1.63702e+06	1.05386e-10
1.63712e+06	5.55246e-11
1.63722e+06	2.89638e-11
1.63732e+06	1.49586e-11
1.63742e+06	7.6488e-12
1.63752e+06	3.87222e-12
1.63762e+06	1.94085e-12
1.63772e+06	9.63136e-13
1.63782e+06	4.73203e-13
1.63792e+06	2.30181e-13
1.63802e+06	1.10855e-13
1.63812e+06	5.28571e-14
1.63822e+06	2.49525e-14
1.63832e+06	1.16624e-14
1.63842e+06	5.3966e-15
1.63852e+06	2.47238e-15
1.63862e+06	1.12143e-15
1.63872e+06	5.03603e-16
1.63882e+06	2.23906e-16
1.63892e+06	9.85606e-17
1.63902e+06	4.29538e-17
1.63912e+06	1.85336e-17
1.63922e+06	7.9173e-18
1.63932e+06	3.34853e-18
1.63942e+06	1.40214e-18
1.63952e+06	5.81282e-19
1.63962e+06	2.38584e-19
1.63972e+06	9.69519e-20
1.63982e+06	3.90058e-20
1.63992e+06	1.55368e-20
1.64002e+06	6.12705e-21
1.64012e+06	2.39222e-21
1.64022e+06	9.24715e-22
1.64032e+06	3.53895e-22
1.64042e+06	1.34091e-22
1.64052e+06	5.03014e-23
1.64062e+06	1.86819e-23
1.64072e+06	6.86941e-24
1.64082e+06	2.50079e-24
1.64092e+06	9.01345e-25
1.64102e+06	3.21635e-25
1.64112e+06	1.1363e-25
1.64122e+06	3.9745e-26
1.64132e+06	1.37635e-26
1.64142e+06	4.7188e-27
1.64152e+06	1.60174e-27
1.64162e+06	5.38285e-28
1.64172e+06	1.79097e-28
1.64182e+06	5.8996e-29
1.64192e+06	1.92404e-29
1.64202e+06	6.21246e-30
1.64212e+06	1.98596e-30
1.64222e+06	6.28542e-31
1.64232e+06	1.9695e-31
1.64242e+06	6.10991e-32
1.64252e+06	1.8766e-32
1.64262e+06	5.70643e-33
1.64272e+06	1.71797e-33
1.64282e+06	5.12063e-34
1.64292e+06	1.51109e-34
1.64302e+06	4.41481e-35
1.64312e+06	1.277e-35
1.64322e+06	3.65704e-36
1.64332e+06	1.03687e-36
1.64342e+06	2.91056e-37
1.64352e+06	8.08882e-38
1.64362e+06	2.22562e-38
1.64372e+06	6.06283e-39
1.64382e+06	1.63514e-39
1.64392e+06	4.3661e-40
1.64402e+06	1.15422e-40
1.64412e+06	3.02093e-41
1.64422e+06	7.828e-42
1.64432e+06	2.00825e-42
1.64442e+06	5.10083e-43
1.64452e+06	1.28269e-43
1.64462e+06	3.19345e-44
1.64472e+06	7.87145e-45
1.64482e+06	1.92091e-45
1.64492e+06	4.64105e-46
1.64502e+06	1.11015e-46
1.64512e+06	2.6291e-47
1.64522e+06	6.16435e-48
1.64532e+06	1.43095e-48
1.64542e+06	3.28867e-49
1.64552e+06	7.48294e-50
1.64562e+06	1.6857e-50
1.64572e+06	3.75965e-51
1.64582e+06	8.30178e-52
1.64592e+06	1.81489e-52
1.64602e+06	3.92816e-53
1.64612e+06	8.41751e-54
1.64622e+06	1.78581e-54
1.64632e+06	3.75097e-55
1.64642e+06	7.80027e-56
1.64652e+06	1.60595e-56
1.64662e+06	3.2735e-57
1.64672e+06	6.60617e-58
1.64682e+06	1.31991e-58
1.64692e+06	2.61093e-59
1.64702e+06	5.11333e-60
1.64712e+06	9.91446e-61
1.64722e+06	1.90323e-61
1.64732e+06	3.61719e-62
1.64742e+06	6.80624e-63
1.64752e+06	1.26795e-63
1.64762e+06	2.33858e-64
1.64772e+06	4.27031e-65
1.64782e+06	7.72013e-66
1.64792e+06	1.3818e-66
1.64802e+06	2.44864e-67
1.64812e+06	4.29597e-68
1.64822e+06	7.46199e-69
1.64832e+06	1.28323e-69
1.64842e+06	2.1848e-70
1.64852e+06	3.68279e-71
1.64862e+06	6.14607e-72
1.64872e+06	1.01549e-72
1.64882e+06	1.66116e-73
1.64892e+06	2.69032e-74
1.64902e+06	4.31374e-75
1.64912e+06	6.84795e-76
1.64922e+06	1.07628e-76
1.64932e+06	1.67473e-77
1.64942e+06	2.58002e-78
1.64952e+06	3.93512e-79
1.64962e+06	5.94223e-80
1.64972e+06	8.8838e-81
1.64982e+06	1.31494e-81
1.64992e+06	1.92694e-82
1.65002e+06	2.79568e-83
1.65012e+06	4.01574e-84
1.65022e+06	5.71084e-85
1.65032e+06	8.04065e-86
1.65042e+06	1.12083e-86
1.65052e+06	1.54684e-87
1.65062e+06	2.11353e-88
1.65072e+06	2.85908e-89
1.65082e+06	3.82916e-90
1.65092e+06	5.07735e-91
1.65102e+06	6.66543e-92
1.65112e+06	8.66315e-93
1.65122e+06	1.11476e-93
1.65132e+06	1.42018e-94
1.65142e+06	1.79127e-95
1.65152e+06	2.23685e-96
1.65162e+06	2.76548e-97
1.65172e+06	3.38502e-98
1.65182e+06	4.10212e-99
1.65192e+06	4.92167e-100
1.65202e+06	5.8462e-101
1.65212e+06	6.87531e-102
1.65222e+06	8.00512e-103
1.65232e+06	9.22784e-104
1.65242e+06	1.05315e-104
1.65252e+06	1.18997e-105
1.65262e+06	1.33119e-106
1.65272e+06	1.47435e-107
1.65282e+06	1.61666e-108
1.65292e+06	1.75507e-109
1.65302e+06	1.88636e-110
1.65312e+06	2.00731e-111
1.65322e+06	2.11476e-112
1.65332e+06	2.20578e-113
1.65342e+06	2.27784e-114
1.65352e+06	2.32884e-115
1.65362e+06	2.3573e-116
1.65372e+06	2.36236e-117
1.65382e+06	2.34387e-118
1.65392e+06	2.30239e-119
1.65402e+06	2.23914e-120
1.65412e+06	2.15596e-121
1.65422e+06	2.05522e-122
1.65432e+06	1.93969e-123
1.65442e+06	1.81243e-124
1.65452e+06	1.67668e-125
1.65462e+06	1.53566e-126
1.65472e+06	1.3925e-127
1.65482e+06	1.25013e-128
1.65492e+06	1.11115e-129
1.65502e+06	9.77787e-131
1.65512e+06	8.51872e-132
1.65522e+06	7.34787e-133
1.65532e+06	6.27488e-134
1.65542e+06	5.30526e-135
1.65552e+06	4.44084e-136
1.65562e+06	3.68028e-137
1.65572e+06	3.01962e-138
1.65582e+06	2.45291e-139
1.65592e+06	1.97274e-140
1.65602e+06	1.57077e-141
1.65612e+06	1.23826e-142
1.65622e+06	9.6643e-144
1.65632e+06	7.46767e-145
1.65642e+06	5.71291e-146
1.65652e+06	4.32699e-147
1.65662e+06	3.24468e-148
1.65672e+06	2.40888e-149
1.65682e+06	1.77058e-150
1.65692e+06	1.28846e-151
1.65702e+06	9.28295e-153
1.65712e+06	6.62151e-154
1.65722e+06	4.67611e-155
1.65732e+06	3.26942e-156
1.65742e+06	2.26315e-157
1.65752e+06	1.551e-158
1.65762e+06	1.05237e-159
1.65772e+06	7.06939e-161
1.65782e+06	4.70167e-162
1.65792e+06	3.09585e-163
1.65802e+06	2.0182e-164
1.65812e+06	1.30259e-165
1.65822e+06	8.32349e-167
1.65832e+06	5.26576e-168
1.65842e+06	3.29818e-169
1.65852e+06	2.04524e-170
1.65862e+06	1.25566e-171
1.65872e+06	7.63229e-173
1.65882e+06	4.59299e-174
1.65892e+06	2.73649e-175
1.65902e+06	1.61417e-176
1.65912e+06	9.42674e-178
1.65922e+06	5.45043e-179
1.65932e+06	3.12002e-180
1.65942e+06	1.76824e-181
1.65952e+06	9.92158e-183
1.65962e+06	5.51161e-184
1.65972e+06	3.03133e-185
1.65982e+06	1.65061e-186
1.65992e+06	8.89843e-188
1.66002e+06	4.74941e-189
1.66012e+06	2.5097e-190
1.66022e+06	1.31299e-191
1.66032e+06	6.80078e-193
1.66042e+06	3.48749e-194
1.66052e+06	1.77061e-195
1.66062e+06	8.90004e-197
1.66072e+06	4.42912e-198
1.66082e+06	2.18222e-199
1.66092e+06	1.06448e-200
1.66102e+06	5.14085e-202
1.66112e+06	2.45804e-203
1.66122e+06	1.16359e-204
1.66132e+06	5.45338e-206
1.66142e+06	2.53041e-207
1.66152e+06	1.16244e-208
1.66162e+06	5.28702e-210
1.66172e+06	2.38071e-211
1.66182e+06	1.06135e-212
1.66192e+06	4.68456e-214
1.66202e+06	2.04708e-215
1.66212e+06	8.85645e-217
1.66222e+06	3.79351e-218
1.66232e+06	1.60871e-219
1.66242e+06	6.7542e-221
1.66252e+06	2.80754e-222
1.66262e+06	1.15541e-223
1.66272e+06	4.70762e-225
1.66282e+06	1.899e-226
1.66292e+06	7.58412e-228
1.66302e+06	2.99876e-229
1.66312e+06	1.17392e-230
1.66322e+06	4.54976e-232
1.66332e+06	1.74581e-233
1.66342e+06	6.63227e-235
1.66352e+06	2.49451e-236
1.66362e+06	9.28891e-238
1.66372e+06	3.42454e-239
1.66382e+06	1.24996e-240
1.66392e+06	4.51696e-242
1.66402e+06	1.61605e-243
1.66412e+06	5.72426e-245
1.66422e+06	2.00744e-246
1.66432e+06	6.9698e-248
1.66442e+06	2.39583e-249
1.66452e+06	8.15361e-251
1.66462e+06	2.74726e-252
1.66472e+06	9.16448e-254
1.66482e+06	3.02672e-255
1.66492e+06	9.89677e-257
1.66502e+06	3.20385e-258
1.66512e+06	1.02685e-259
1.66522e+06	3.25837e-261
1.66532e+06	1.02365e-262
1.66542e+06	3.18388e-264
1.66552e+06	9.80439e-266
1.66562e+06	2.98911e-267
1.66572e+06	9.02234e-269
1.66582e+06	2.69621e-270
1.66592e+06	7.97712e-272
1.66602e+06	2.33666e-273
1.66612e+06	6.77643e-275
1.66622e+06	1.94565e-276
1.66632e+06	5.53076e-278
1.66642e+06	1.55655e-279
1.66652e+06	4.33707e-281
1.66662e+06	1.19643e-282
1.66672e+06	3.26765e-284
1.66682e+06	8.83571e-286
1.66692e+06	2.3654e-287
1.66702e+06	6.26937e-289
1.66712e+06	1.64513e-290
1.66722e+06	4.274e-292
1.66732e+06	1.09932e-293
1.66742e+06	2.79945e-295
1.66752e+06	7.05793e-297
1.66762e+06	1.76173e-298
1.66772e+06	4.3537e-300
1.66782e+06	1.06521e-301
1.66792e+06	2.58029e-303
1.66802e+06	6.18811e-305
1.66812e+06	1.46928e-306
1.66822e+06	3.4539e-308
1.66832e+06	8.03842e-310
1.66842e+06	1.85221e-311
1.66852e+06	4.22537e-313
1.66862e+06	9.54327e-315
1.66872e+06	2.13396e-316
1.66882e+06	4.72426e-318
1.66892e+06	1.03546e-319
1.66902e+06	2.248e-321
1.66912e+06	4.94066e-323
1.66922e+06	0
1.66932e+06	0
1.66942e+06	0
1.66952e+06	0
1.66962e+06	0
1.66972e+06	0
1.66982e+06	0
1.66992e+06	0
1.67002e+06	0
1.67012e+06	0
1.67022e+06	0
1.67032e+06	0
1.67042e+06	0
1.67052e+06	0
1.67062e+06	0
1.67072e+06	0
1.67082e+06	0
1.67092e+06	0
1.67102e+06	0
1.67112e+06	0
1.67122e+06	0
1.67132e+06	0
1.67142e+06	0
1.67152e+06	0
1.67162e+06	0
1.67172e+06	0
1.67182e+06	0
1.67192e+06	0
1.67202e+06	0
1.67212e+06	0
1.67222e+06	0
1.67232e+06	0
1.67242e+06	0
1.67252e+06	0
1.67262e+06	0
1.67272e+06	0
1.67282e+06	0
1.67292e+06	0
1.67302e+06	0
1.67312e+06	0
1.67322e+06	0
1.67332e+06	0
1.67342e+06	0
1.67352e+06	0
1.67362e+06	0
1.67372e+06	0
1.67382e+06	0
1.67392e+06	0
1.67402e+06	0
1.67412e+06	0
1.67422e+06	0
1.67432e+06	0
1.67442e+06	0
1.67452e+06	0
1.67462e+06	0
1.67472e+06	0
1.67482e+06	0
1.67492e+06	0
1.67502e+06	0
1.67512e+06	0
1.67522e+06	0
1.67532e+06	0
1.67542e+06	0
1.67552e+06	0
1.67562e+06	0
1.67572e+06	0
1.67582e+06	0
1.67592e+06	0
1.67602e+06	0
1.67612e+06	0
1.67622e+06	0
1.67632e+06	0
1.67642e+06	0
1.67652e+06	0
1.67662e+06	0
1.67672e+06	0
1.67682e+06	0
1.67692e+06	0
1.67702e+06	0
1.67712e+06	0
1.67722e+06	0
1.67732e+06	0
1.67742e+06	0
1.67752e+06	0
1.67762e+06	0
1.67772e+06	0
1.67782e+06	0
1.67792e+06	0
1.67802e+06	0
1.67812e+06	0
1.67822e+06	0
1.67832e+06	0
1.67842e+06	0
1.67852e+06	0
1.67862e+06	0
1.67872e+06	0
1.67882e+06	0
1.67892e+06	0
1.67902e+06	0
1.67912e+06	0
1.67922e+06	0
1.67932e+06	0
1.67942e+06	0
1.67952e+06	0
1.67962e+06	0
1.67972e+06	0
1.67982e+06	0
1.67992e+06	0
1.68002e+06	0
1.68012e+06	0
1.68022e+06	0
1.68032e+06	0
1.68042e+06	0
1.68052e+06	0
1.68062e+06	0
1.68072e+06	0
1.68082e+06	0
1.68092e+06	0
1.68102e+06	0
1.68112e+06	0
1.68122e+06	0
1.68132e+06	0
1.68142e+06	0
1.68152e+06	0
1.68162e+06	0
1.68172e+06	0
1.68182e+06	0
1.68192e+06	0
1.68202e+06	0
1.68212e+06	0
1.68222e+06	0
1.68232e+06	0
1.68242e+06	0
1.68252e+06	0
1.68262e+06	0
1.68272e+06	0
1.68282e+06	0
1.68292e+06	0
1.68302e+06	0
1.68312e+06	0
1.68322e+06	0
1.68332e+06	0
1.68342e+06	0
1.68352e+06	0
1.68362e+06	0
1.68372e+06	0
1.68382e+06	0
1.68392e+06	0
1.68402e+06	0
1.68412e+06	0
1.68422e+06	0
1.68432e+06	0
1.68442e+06	0
1.68452e+06	0
1.68462e+06	0
1.68472e+06	0
1.68482e+06	0
1.68492e+06	0
1.68502e+06	0
1.68512e+06	0
1.68522e+06	0
1.68532e+06	0
1.68542e+06	0
1.68552e+06	0
1.68562e+06	0
1.68572e+06	0
1.68582e+06	0
1.68592e+06	0
1.68602e+06	0
1.68612e+06	0
1.68622e+06	0
1.68632e+06	0
1.68642e+06	0
1.68652e+06	0
1.68662e+06	0
1.68672e+06	0
1.68682e+06	0
1.68692e+06	0
1.68702e+06	0
1.68712e+06	0
1.68722e+06	0
1.68732e+06	0
1.68742e+06	0
1.68752e+06	0
1.68762e+06	0
1.68772e+06	0
1.68782e+06	0
1.68792e+06	0
1.68802e+06	0
1.68812e+06	0
1.68822e+06	0
1.68832e+06	0
1.68842e+06	0
1.68852e+06	0
1.68862e+06	0
1.68872e+06	0
1.68882e+06	0
1.68892e+06	0
1.68902e+06	0
1.68912e+06	0
1.68922e+06	0
1.68932e+06	0
1.68942e+06	0
1.68952e+06	0
1.68962e+06	0
1.68972e+06	0
1.68982e+06	0
1.68992e+06	0
1.69002e+06	0
1.69012e+06	0
1.69022e+06	0
1.69032e+06	0
1.69042e+06	0
1.69052e+06	0
1.69062e+06	0
1.69072e+06	0
1.69082e+06	0
1.69092e+06	0
1.69102e+06	0
1.69112e+06	0
1.69122e+06	0
1.69132e+06	0
1.69142e+06	0
1.69152e+06	0
1.69162e+06	0
1.69172e+06	0
1.69182e+06	0
1.69192e+06	0
1.69202e+06	0
1.69212e+06	0
1.69222e+06	0
1.69232e+06	0
1.69242e+06	0
1.69252e+06	0
1.69262e+06	0
1.69272e+06	0
1.69282e+06	0
1.69292e+06	0
1.69302e+06	0
1.69312e+06	0
1.69322e+06	0
1.69332e+06	0
1.69342e+06	0
1.69352e+06	0
1.69362e+06	0
1.69372e+06	0
1.69382e+06	0
1.69392e+06	0
1.69402e+06	0
1.69412e+06	0
1.69422e+06	0
1.69432e+06	0
1.69442e+06	0
1.69452e+06	0
1.69462e+06	0
1.69472e+06	0
1.69482e+06	0
1.69492e+06	0
1.69502e+06	0
1.69512e+06	0
1.69522e+06	0
1.69532e+06	0
1.69542e+06	0
1.69552e+06	0
1.69562e+06	0
1.69572e+06	0
1.69582e+06	0
1.69592e+06	0
1.69602e+06	0
1.69612e+06	0
1.69622e+06	0
1.69632e+06	0
1.69642e+06	0
1.69652e+06	0
1.69662e+06	0
1.69672e+06	0
1.69682e+06	0
1.69692e+06	0
1.69702e+06	0
1.69712e+06	0
1.69722e+06	0
1.69732e+06	0
1.69742e+06	0
1.69752e+06	0
1.69762e+06	0
1.69772e+06	0
1.69782e+06	0
1.69792e+06	0
1.69802e+06	0
1.69812e+06	0
1.69822e+06	0
1.69832e+06	0
1.69842e+06	0
1.69852e+06	0
1.69862e+06	0
1.69872e+06	0
1.69882e+06	0
1.69892e+06	0
1.69902e+06	0
1.69912e+06	0
1.69922e+06	0
1.69932e+06	0
1.69942e+06	0
1.69952e+06	0
1.69962e+06	0
1.69972e+06	0
1.69982e+06	0
1.69992e+06	0
1.70002e+06	0
1.70012e+06	0
1.70022e+06	0
1.70032e+06	0
1.70042e+06	0
1.70052e+06	0
1.70062e+06	0
1.70072e+06	0
1.70082e+06	0
1.70092e+06	0
1.70102e+06	0
1.70112e+06	0
1.70122e+06	0
1.70132e+06	0
1.70142e+06	0
1.70152e+06	0
1.70162e+06	0
1.70172e+06	0
1.70182e+06	0
1.70192e+06	0
1.70202e+06	0
1.70212e+06	0
1.70222e+06	0
1.70232e+06	0
1.70242e+06	0
1.70252e+06	0
1.70262e+06	0
1.70272e+06	0
1.70282e+06	0
1.70292e+06	0
1.70302e+06	0
1.70312e+06	0
1.70322e+06	0
1.70332e+06	0
1.70342e+06	0
1.70352e+06	0
1.70362e+06	0
1.70372e+06	0
1.70382e+06	0
1.70392e+06	0
1.70402e+06	0
1.70412e+06	0
1.70422e+06	0
1.70432e+06	0
1.70442e+06	0
1.70452e+06	0
1.70462e+06	0
1.70472e+06	0
1.70482e+06	0
1.70492e+06	0
1.70502e+06	0
1.70512e+06	0
1.70522e+06	0
1.70532e+06	0
1.70542e+06	0
1.70552e+06	0
1.70562e+06	0
1.70572e+06	0
1.70582e+06	0
1.70592e+06	0
1.70602e+06	0
1.70612e+06	0
1.70622e+06	0
1.70632e+06	0
1.70642e+06	0
1.70652e+06	0
1.70662e+06	0
1.70672e+06	0
1.70682e+06	0
1.70692e+06	0
1.70702e+06	0
1.70712e+06	0
1.70722e+06	0
1.70732e+06	0
1.70742e+06	0
1.70752e+06	0
1.70762e+06	0
1.70772e+06	0
1.70782e+06	0
1.70792e+06	0
1.70802e+06	0
1.70812e+06	0
1.70822e+06	0
1.70832e+06	0
1.70842e+06	0
1.70852e+06	0
1.70862e+06	0
1.70872e+06	0
1.70882e+06	0
1.70892e+06	0
1.70902e+06	0
1.70912e+06	0
1.70922e+06	0
1.70932e+06	0
1.70942e+06	0
1.70952e+06	0
1.70962e+06	0
1.70972e+06	0
1.70982e+06	0
1.70992e+06	0
1.71002e+06	0
1.71012e+06	0
1.71022e+06	0
1.71032e+06	0
1.71042e+06	0
1.71052e+06	0
1.71062e+06	0
1.71072e+06	0
1.71082e+06	0
1.71092e+06	0
1.71102e+06	0
1.71112e+06	0
1.71122e+06	0
1.71132e+06	0
1.71142e+06	0
1.71152e+06	0
1.71162e+06	0
1.71172e+06	0
1.71182e+06	0
1.71192e+06	0
1.71202e+06	0
1.71212e+06	0
1.71222e+06	0
1.71232e+06	0
1.71242e+06	0
1.71252e+06	0
1.71262e+06	0
1.71272e+06	0
1.71282e+06	0
1.71292e+06	0
1.71302e+06	0
1.71312e+06	0
1.71322e+06	0
1.71332e+06	0
1.71342e+06	0
1.71352e+06	0
1.71362e+06	0
1.71372e+06	0
1.71382e+06	0
1.71392e+06	0
1.71402e+06	0
1.71412e+06	0
1.71422e+06	0
1.71432e+06	0
1.71442e+06	0
1.71452e+06	0
1.71462e+06	0
1.71472e+06	0
1.71482e+06	0
1.71492e+06	0
1.71502e+06	0
1.71512e+06	0
1.71522e+06	0
1.71532e+06	0
1.71542e+06	0
1.71552e+06	0
1.71562e+06	0
1.71572e+06	0
1.71582e+06	0
1.71592e+06	0
1.71602e+06	0
1.71612e+06	0
1.71622e+06	0
1.71632e+06	0
1.71642e+06	0
1.71652e+06	0
1.71662e+06	0
1.71672e+06	0
1.71682e+06	0
1.71692e+06	0
1.71702e+06	0
1.71712e+06	0
1.71722e+06	0
1.71732e+06	0
1.71742e+06	0
1.71752e+06	0
1.71762e+06	0
1.71772e+06	0
1.71782e+06	0
1.71792e+06	0
1.71802e+06	0
1.71812e+06	0
1.71822e+06	0
1.71832e+06	0
1.71842e+06	0
1.71852e+06	0
1.71862e+06	0
1.71872e+06	0
1.71882e+06	0
1.71892e+06	0
1.71902e+06	0
1.71912e+06	0
1.71922e+06	0
1.71932e+06	0
1.71942e+06	0
1.71952e+06	0
1.71962e+06	0
1.71972e+06	0
1.71982e+06	0
1.71992e+06	0
1.72002e+06	0
1.72012e+06	0
1.72022e+06	0
1.72032e+06	0
1.72042e+06	0
1.72052e+06	0
1.72062e+06	0
1.72072e+06	0
1.72082e+06	0
1.72092e+06	0
1.72102e+06	0
1.72112e+06	0
1.72122e+06	0
1.72132e+06	0
1.72142e+06	0
1.72152e+06	0
1.72162e+06	0
1.72172e+06	0
1.72182e+06	0
1.72192e+06	0
1.72202e+06	0
1.72212e+06	0
1.72222e+06	0
1.72232e+06	0
1.72242e+06	0
1.72252e+06	0
1.72262e+06	0
1.72272e+06	0
1.72282e+06	0
1.72292e+06	0
1.72302e+06	0
1.72312e+06	0
1.72322e+06	0
1.72332e+06	0
1.72342e+06	0
1.72352e+06	0
1.72362e+06	0
1.72372e+06	0
1.72382e+06	0
1.72392e+06	0
1.72402e+06	0
1.72412e+06	0
1.72422e+06	0
1.72432e+06	0
1.72442e+06	0
1.72452e+06	0
1.72462e+06	0
1.72472e+06	0
1.72482e+06	0
1.72492e+06	0
1.72502e+06	0
1.72512e+06	0
1.72522e+06	0
1.72532e+06	0
1.72542e+06	0
1.72552e+06	0
1.72562e+06	0
1.72572e+06	0
1.72582e+06	0
1.72592e+06	0
1.72602e+06	0
1.72612e+06	0
1.72622e+06	0
1.72632e+06	0
1.72642e+06	0
1.72652e+06	0
1.72662e+06	0
1.72672e+06	0
1.72682e+06	0
1.72692e+06	0
1.72702e+06	0
1.72712e+06	0
1.72722e+06	0
1.72732e+06	0
1.72742e+06	0
1.72752e+06	0
1.72762e+06	0
1.72772e+06	0
1.72782e+06	0
1.72792e+06	0
1.72802e+06	0
1.72812e+06	0
1.72822e+06	0
1.72832e+06	0
1.72842e+06	0
1.72852e+06	0
1.72862e+06	0
1.72872e+06	0
1.72882e+06	0
1.72892e+06	0
1.72902e+06	0
1.72912e+06	0
1.72922e+06	0
1.72932e+06	0
1.72942e+06	0
1.72952e+06	0
1.72962e+06	0
1.72972e+06	0
1.72982e+06	0
1.72992e+06	0
1.73002e+06	0
1.73012e+06	0
1.73022e+06	0
1.73032e+06	0
1.73042e+06	0
1.73052e+06	0
1.73062e+06	0
1.73072e+06	0
1.73082e+06	0
1.73092e+06	0
1.73102e+06	0
1.73112e+06	0
1.73122e+06	0
1.73132e+06	0
1.73142e+06	0
1.73152e+06	0
1.73162e+06	0
1.73172e+06	0
1.73182e+06	0
1.73192e+06	0
1.73202e+06	0
1.73212e+06	0
1.73222e+06	0
1.73232e+06	0
1.73242e+06	0
1.73252e+06	0
1.73262e+06	0
1.73272e+06	0
1.73282e+06	0
1.73292e+06	0
1.73302e+06	0
1.73312e+06	0
1.73322e+06	0
1.73332e+06	0
1.73342e+06	0
1.73352e+06	0
1.73362e+06	0
1.73372e+06	0
1.73382e+06	0
1.73392e+06	0
1.73402e+06	0
1.73412e+06	0
1.73422e+06	0
1.73432e+06	0
1.73442e+06	0
1.73452e+06	0
1.73462e+06	0
1.73472e+06	0
1.73482e+06	0
1.73492e+06	0
1.73502e+06	0
1.73512e+06	0
1.73522e+06	0
1.73532e+06	0
1.73542e+06	0
1.73552e+06	0
1.73562e+06	0
1.73572e+06	0
1.73582e+06	0
1.73592e+06	0
1.73602e+06	0
1.73612e+06	0
1.73622e+06	0
1.73632e+06	0
1.73642e+06	0
1.73652e+06	0
1.73662e+06	0
1.73672e+06	0
1.73682e+06	0
1.73692e+06	0
1.73702e+06	0
1.73712e+06	0
1.73722e+06	0
1.73732e+06	0
1.73742e+06	0
1.73752e+06	0
1.73762e+06	0
1.73772e+06	0
1.73782e+06	0
1.73792e+06	0
1.73802e+06	0
1.73812e+06	0
1.73822e+06	0
1.73832e+06	0
1.73842e+06	0
1.73852e+06	0
1.73862e+06	0
1.73872e+06	0
1.73882e+06	0
1.73892e+06	0
1.73902e+06	0
1.73912e+06	0
1.73922e+06	0
1.73932e+06	0
1.73942e+06	0
1.73952e+06	0
1.73962e+06	0
1.73972e+06	0
1.73982e+06	0
1.73992e+06	0
1.74002e+06	0
1.74012e+06	0
1.74022e+06	0
1.74032e+06	0
1.74042e+06	0
1.74052e+06	0
1.74062e+06	0
1.74072e+06	0
1.74082e+06	0
1.74092e+06	0
1.74102e+06	0
1.74112e+06	0
1.74122e+06	0
1.74132e+06	0
1.74142e+06	0
1.74152e+06	0
1.74162e+06	0
1.74172e+06	0
1.74182e+06	0
1.74192e+06	0
1.74202e+06	0
1.74212e+06	0
1.74222e+06	0
1.74232e+06	0
1.74242e+06	0
1.74252e+06	0
1.74262e+06	0
1.74272e+06	0
1.74282e+06	0
1.74292e+06	0
1.74302e+06	0
1.74312e+06	0
1.74322e+06	0
1.74332e+06	0
1.74342e+06	0
1.74352e+06	0
1.74362e+06	0
1.74372e+06	0
1.74382e+06	0
1.74392e+06	0
1.74402e+06	0
1.74412e+06	0
1.74422e+06	0
1.74432e+06	0
1.74442e+06	0
1.74452e+06	0
1.74462e+06	0
1.74472e+06	0
1.74482e+06	0
1.74492e+06	0
1.74502e+06	0
1.74512e+06	0
1.74522e+06	0
1.74532e+06	0
1.74542e+06	0
1.74552e+06	0
1.74562e+06	0
1.74572e+06	0
1.74582e+06	0
1.74592e+06	0
1.74602e+06	0
1.74612e+06	0
1.74622e+06	0
1.74632e+06	0
1.74642e+06	0
1.74652e+06	0
1.74662e+06	0
1.74672e+06	0
1.74682e+06	0
1.74692e+06	0
1.74702e+06	0
1.74712e+06	0
1.74722e+06	0
1.74732e+06	0
1.74742e+06	0
1.74752e+06	0
1.74762e+06	0
1.74772e+06	0
1.74782e+06	0
1.74792e+06	0
1.74802e+06	0
1.74812e+06	0
1.74822e+06	0
1.74832e+06	0
1.74842e+06	0
1.74852e+06	0
1.74862e+06	0
1.74872e+06	0
1.74882e+06	0
1.74892e+06	0
1.74902e+06	0
1.74912e+06	0
1.74922e+06	0
1.74932e+06	0
1.74942e+06	0
1.74952e+06	0
1.74962e+06	0
1.74972e+06	0
1.74982e+06	0
1.74992e+06	0
1.75002e+06	0
1.75012e+06	0
1.75022e+06	0
1.75032e+06	0
1.75042e+06	0
1.75052e+06	0
1.75062e+06	0
1.75072e+06	0
1.75082e+06	0
1.75092e+06	0
1.75102e+06	0
1.75112e+06	0
1.75122e+06	0
1.75132e+06	0
1.75142e+06	0
1.75152e+06	0
1.75162e+06	0
1.75172e+06	0
1.75182e+06	0
1.75192e+06	0
1.75202e+06	0
1.75212e+06	0
1.75222e+06	0
1.75232e+06	0
1.75242e+06	0
1.75252e+06	0
1.75262e+06	0
1.75272e+06	0
1.75282e+06	0
1.75292e+06	0
1.75302e+06	0
1.75312e+06	0
1.75322e+06	0
1.75332e+06	0
1.75342e+06	0
1.75352e+06	0
1.75362e+06	0
1.75372e+06	0
1.75382e+06	0
1.75392e+06	0
1.75402e+06	0
1.75412e+06	0
1.75422e+06	0
1.75432e+06	0
1.75442e+06	0
1.75452e+06	0
1.75462e+06	0
1.75472e+06	0
1.75482e+06	0
1.75492e+06	0
1.75502e+06	0
1.75512e+06	0
1.75522e+06	0
1.75532e+06	0
1.75542e+06	0
1.75552e+06	0
1.75562e+06	0
1.75572e+06	0
1.75582e+06	0
1.75592e+06	0
1.75602e+06	0
1.75612e+06	0
1.75622e+06	0
1.75632e+06	0
1.75642e+06	0
1.75652e+06	0
1.75662e+06	0
1.75672e+06	0
1.75682e+06	0
1.75692e+06	0
1.75702e+06	0
1.75712e+06	0
1.75722e+06	0
1.75732e+06	0
1.75742e+06	0
1.75752e+06	0
1.75762e+06	0
1.75772e+06	0
1.75782e+06	0
1.75792e+06	0
1.75802e+06	0
1.75812e+06	0
1.75822e+06	0
1.75832e+06	0
1.75842e+06	0
1.75852e+06	0
1.75862e+06	0
1.75872e+06	0
1.75882e+06	0
1.75892e+06	0
1.75902e+06	0
1.75912e+06	0
1.75922e+06	0
1.75932e+06	0
1.75942e+06	0
1.75952e+06	0
1.75962e+06	0
1.75972e+06	0
1.75982e+06	0
1.75992e+06	0
1.76002e+06	0
1.76012e+06	0
1.76022e+06	0
1.76032e+06	0
1.76042e+06	0
1.76052e+06	0
1.76062e+06	0
1.76072e+06	0
1.76082e+06	0
1.76092e+06	0
1.76102e+06	0
1.76112e+06	0
1.76122e+06	0
1.76132e+06	0
1.76142e+06	0
1.76152e+06	0
1.76162e+06	0
1.76172e+06	0
1.76182e+06	0
1.76192e+06	0
1.76202e+06	0
1.76212e+06	0
1.76222e+06	0
1.76232e+06	0
1.76242e+06	0
1.76252e+06	0
1.76262e+06	0
1.76272e+06	0
1.76282e+06	0
1.76292e+06	0
1.76302e+06	0
1.76312e+06	0
1.76322e+06	0
1.76332e+06	0
1.76342e+06	0
1.76352e+06	0
1.76362e+06	0
1.76372e+06	0
1.76382e+06	0
1.76392e+06	0
1.76402e+06	0
1.76412e+06	0
1.76422e+06	0
1.76432e+06	0
1.76442e+06	0
1.76452e+06	0
1.76462e+06	0
1.76472e+06	0
1.76482e+06	0
1.76492e+06	0
1.76502e+06	0
1.76512e+06	0
1.76522e+06	0
1.76532e+06	0
1.76542e+06	0
1.76552e+06	0
1.76562e+06	0
1.76572e+06	0
1.76582e+06	0
1.76592e+06	0
1.76602e+06	0
1.76612e+06	0
1.76622e+06	0
1.76632e+06	0
1.76642e+06	0
1.76652e+06	0
1.76662e+06	0
1.76672e+06	0
1.76682e+06	0
1.76692e+06	0
1.76702e+06	0
1.76712e+06	0
1.76722e+06	0
1.76732e+06	0
1.76742e+06	0
1.76752e+06	0
1.76762e+06	0
1.76772e+06	0
1.76782e+06	0
1.76792e+06	0
1.76802e+06	0
1.76812e+06	0
1.76822e+06	0
1.76832e+06	0
1.76842e+06	0
1.76852e+06	0
1.76862e+06	0
1.76872e+06	0
1.76882e+06	0
1.76892e+06	0
1.76902e+06	0
1.76912e+06	0
1.76922e+06	0
1.76932e+06	0
1.76942e+06	0
1.76952e+06	0
1.76962e+06	0
1.76972e+06	0
1.76982e+06	0
1.76992e+06	0
1.77002e+06	0
1.77012e+06	0
1.77022e+06	0
1.77032e+06	0
1.77042e+06	0
1.77052e+06	0
1.77062e+06	0
1.77072e+06	0
1.77082e+06	0
1.77092e+06	0
1.77102e+06	0
1.77112e+06	0
1.77122e+06	0
1.77132e+06	0
1.77142e+06	0
1.77152e+06	0
1.77162e+06	0
1.77172e+06	0
1.77182e+06	0
1.77192e+06	0
1.77202e+06	0
1.77212e+06	0
1.77222e+06	0
1.77232e+06	0
1.77242e+06	0
1.77252e+06	0
1.77262e+06	0
1.77272e+06	0
1.77282e+06	0
1.77292e+06	0
1.77302e+06	0
1.77312e+06	0
1.77322e+06	0
1.77332e+06	0
1.77342e+06	0
1.77352e+06	0
1.77362e+06	0
1.77372e+06	0
1.77382e+06	0
1.77392e+06	0
1.77402e+06	0
1.77412e+06	0
1.77422e+06	0
1.77432e+06	0
1.77442e+06	0
1.77452e+06	0
1.77462e+06	0
1.77472e+06	0
1.77482e+06	0
1.77492e+06	0
1.77502e+06	0
1.77512e+06	0
1.77522e+06	0
1.77532e+06	0
1.77542e+06	0
1.77552e+06	0
1.77562e+06	0
1.77572e+06	0
1.77582e+06	0
1.77592e+06	0
1.77602e+06	0
1.77612e+06	0
1.77622e+06	0
1.77632e+06	0
1.77642e+06	0
1.77652e+06	0
1.77662e+06	0
1.77672e+06	0
1.77682e+06	0
1.77692e+06	0
1.77702e+06	0
1.77712e+06	0
1.77722e+06	0
1.77732e+06	0
1.77742e+06	0
1.77752e+06	0
1.77762e+06	0
1.77772e+06	0
1.77782e+06	0
1.77792e+06	0
1.77802e+06	0
1.77812e+06	0
1.77822e+06	0
1.77832e+06	0
1.77842e+06	0
1.77852e+06	0
1.77862e+06	0
1.77872e+06	0
1.77882e+06	0
1.77892e+06	0
1.77902e+06	0
1.77912e+06	0
1.77922e+06	0
1.77932e+06	0
1.77942e+06	0
1.77952e+06	0
1.77962e+06	0
1.77972e+06	0
1.77982e+06	0
1.77992e+06	0
1.78002e+06	0
1.78012e+06	0
1.78022e+06	0
1.78032e+06	0
1.78042e+06	0
1.78052e+06	0
1.78062e+06	0
1.78072e+06	0
1.78082e+06	0
1.78092e+06	0
1.78102e+06	0
1.78112e+06	0
1.78122e+06	0
1.78132e+06	0
1.78142e+06	0
1.78152e+06	0
1.78162e+06	0
1.78172e+06	0
1.78182e+06	0
1.78192e+06	0
1.78202e+06	0
1.78212e+06	0
1.78222e+06	0
1.78232e+06	0
1.78242e+06	0
1.78252e+06	0
1.78262e+06	0
1.78272e+06	0
1.78282e+06	0
1.78292e+06	0
1.78302e+06	0
1.78312e+06	0
1.78322e+06	0
1.78332e+06	0
1.78342e+06	0
1.78352e+06	0
1.78362e+06	0
1.78372e+06	0
1.78382e+06	0
1.78392e+06	0
1.78402e+06	0
1.78412e+06	0
1.78422e+06	0
1.78432e+06	0
1.78442e+06	0
1.78452e+06	0
1.78462e+06	0
1.78472e+06	0
1.78482e+06	0
1.78492e+06	0
1.78502e+06	0
1.78512e+06	0
1.78522e+06	0
1.78532e+06	0
1.78542e+06	0
1.78552e+06	0
1.78562e+06	0
1.78572e+06	0
1.78582e+06	0
1.78592e+06	0
1.78602e+06	0
1.78612e+06	0
1.78622e+06	0
1.78632e+06	0
1.78642e+06	0
1.78652e+06	0
1.78662e+06	0
1.78672e+06	0
1.78682e+06	0
1.78692e+06	0
1.78702e+06	0
1.78712e+06	0
1.78722e+06	0
1.78732e+06	0
1.78742e+06	0
1.78752e+06	0
1.78762e+06	0
1.78772e+06	0
1.78782e+06	0
1.78792e+06	0
1.78802e+06	0
1.78812e+06	0
1.78822e+06	0
1.78832e+06	0
1.78842e+06	0
1.78852e+06	0
1.78862e+06	0
1.78872e+06	0
1.78882e+06	0
1.78892e+06	0
1.78902e+06	0
1.78912e+06	0
1.78922e+06	0
1.78932e+06	0
1.78942e+06	0
1.78952e+06	0
1.78962e+06	0
1.78972e+06	0
1.78982e+06	0
1.78992e+06	0
1.79002e+06	0
1.79012e+06	0
1.79022e+06	0
1.79032e+06	0
1.79042e+06	0
1.79052e+06	0
1.79062e+06	0
1.79072e+06	0
1.79082e+06	0
1.79092e+06	0
1.79102e+06	0
1.79112e+06	0
1.79122e+06	0
1.79132e+06	0
1.79142e+06	0
1.79152e+06	0
1.79162e+06	0
1.79172e+06	0
1.79182e+06	0
1.79192e+06	0
1.79202e+06	0
1.79212e+06	0
1.79222e+06	0
1.79232e+06	0
1.79242e+06	0
1.79252e+06	0
1.79262e+06	0
1.79272e+06	0
1.79282e+06	0
1.79292e+06	0
1.79302e+06	0
1.79312e+06	0
1.79322e+06	0
1.79332e+06	0
1.79342e+06	0
1.79352e+06	0
1.79362e+06	0
1.79372e+06	0
1.79382e+06	0
1.79392e+06	0
1.79402e+06	0
1.79412e+06	0
1.79422e+06	0
1.79432e+06	0
1.79442e+06	0
1.79452e+06	0
1.79462e+06	0
1.79472e+06	0
1.79482e+06	0
1.79492e+06	0
1.79502e+06	0
1.79512e+06	0
1.79522e+06	0
1.79532e+06	0
1.79542e+06	0
1.79552e+06	0
1.79562e+06	0
1.79572e+06	0
1.79582e+06	0
1.79592e+06	0
1.79602e+06	0
1.79612e+06	0
1.79622e+06	0
1.79632e+06	0
1.79642e+06	0
1.79652e+06	0
1.79662e+06	0
1.79672e+06	0
1.79682e+06	0
1.79692e+06	0
1.79702e+06	0
1.79712e+06	0
1.79722e+06	0
1.79732e+06	0
1.79742e+06	0
1.79752e+06	0
1.79762e+06	0
1.79772e+06	0
1.79782e+06	0
1.79792e+06	0
1.79802e+06	0
1.79812e+06	0
1.79822e+06	0
1.79832e+06	0
1.79842e+06	0
1.79852e+06	0
1.79862e+06	0
1.79872e+06	0
1.79882e+06	0
1.79892e+06	0
1.79902e+06	0
1.79912e+06	0
1.79922e+06	0
1.79932e+06	0
1.79942e+06	0
1.79952e+06	0
1.79962e+06	0
1.79972e+06	0
1.79982e+06	0
1.79992e+06	0
1.80002e+06	0
1.80012e+06	0
1.80022e+06	0
1.80032e+06	0
1.80042e+06	0
1.80052e+06	0
1.80062e+06	0
1.80072e+06	0
1.80082e+06	0
1.80092e+06	0
1.80102e+06	0
1.80112e+06	0
1.80122e+06	0
1.80132e+06	0
1.80142e+06	0
1.80152e+06	0
1.80162e+06	0
1.80172e+06	0
1.80182e+06	0
1.80192e+06	0
1.80202e+06	0
1.80212e+06	0
1.80222e+06	0
1.80232e+06	0
1.80242e+06	0
1.80252e+06	0
1.80262e+06	0
1.80272e+06	0
1.80282e+06	0
1.80292e+06	0
1.80302e+06	0
1.80312e+06	0
1.80322e+06	0
1.80332e+06	0
1.80342e+06	0
1.80352e+06	0
1.80362e+06	0
1.80372e+06	0
1.80382e+06	0
1.80392e+06	0
1.80402e+06	0
1.80412e+06	0
1.80422e+06	0
1.80432e+06	0
1.80442e+06	0
1.80452e+06	0
1.80462e+06	0
1.80472e+06	0
1.80482e+06	0
1.80492e+06	0
1.80502e+06	0
1.80512e+06	0
1.80522e+06	0
1.80532e+06	0
1.80542e+06	0
1.80552e+06	0
1.80562e+06	0
1.80572e+06	0
1.80582e+06	0
1.80592e+06	0
1.80602e+06	0
1.80612e+06	0
1.80622e+06	0
1.80632e+06	0
1.80642e+06	0
1.80652e+06	0
1.80662e+06	0
1.80672e+06	0
1.80682e+06	0
1.80692e+06	0
1.80702e+06	0
1.80712e+06	0
1.80722e+06	0
1.80732e+06	0
1.80742e+06	0
1.80752e+06	0
1.80762e+06	0
1.80772e+06	0
1.80782e+06	0
1.80792e+06	0
1.80802e+06	0
1.80812e+06	0
1.80822e+06	0
1.80832e+06	0
1.80842e+06	0
1.80852e+06	0
1.80862e+06	0
1.80872e+06	0
1.80882e+06	0
1.80892e+06	0
1.80902e+06	0
1.80912e+06	0
1.80922e+06	0
1.80932e+06	0
1.80942e+06	0
1.80952e+06	0
1.80962e+06	0
1.80972e+06	0
1.80982e+06	0
1.80992e+06	0
1.81002e+06	0
1.81012e+06	0
1.81022e+06	0
1.81032e+06	0
1.81042e+06	0
1.81052e+06	0
1.81062e+06	0
1.81072e+06	0
1.81082e+06	0
1.81092e+06	0
1.81102e+06	0
1.81112e+06	0
1.81122e+06	0
1.81132e+06	0
1.81142e+06	0
1.81152e+06	0
1.81162e+06	0
1.81172e+06	0
1.81182e+06	0
1.81192e+06	0
1.81202e+06	0
1.81212e+06	0
1.81222e+06	0
1.81232e+06	0
1.81242e+06	0
1.81252e+06	0
1.81262e+06	0
1.81272e+06	0
1.81282e+06	0
1.81292e+06	0
1.81302e+06	0
1.81312e+06	0
1.81322e+06	0
1.81332e+06	0
1.81342e+06	0
1.81352e+06	0
1.81362e+06	0
1.81372e+06	0
1.81382e+06	0
1.81392e+06	0
1.81402e+06	0
1.81412e+06	0
1.81422e+06	0
1.81432e+06	0
1.81442e+06	0
1.81452e+06	0
1.81462e+06	0
1.81472e+06	0
1.81482e+06	0
1.81492e+06	0
1.81502e+06	0
1.81512e+06	0
1.81522e+06	0
1.81532e+06	0
1.81542e+06	0
1.81552e+06	0
1.81562e+06	0
1.81572e+06	0
1.81582e+06	0
1.81592e+06	0
1.81602e+06	0
1.81612e+06	0
1.81622e+06	0
1.81632e+06	0
1.81642e+06	0
1.81652e+06	0
1.81662e+06	0
1.81672e+06	0
1.81682e+06	0
1.81692e+06	0
1.81702e+06	0
1.81712e+06	0
1.81722e+06	0
1.81732e+06	0
1.81742e+06	0
1.81752e+06	0
1.81762e+06	0
1.81772e+06	0
1.81782e+06	0
1.81792e+06	0
1.81802e+06	0
1.81812e+06	0
1.81822e+06	0
1.81832e+06	0
1.81842e+06	0
1.81852e+06	0
1.81862e+06	0
1.81872e+06	0
1.81882e+06	0
1.81892e+06	0
1.81902e+06	0
1.81912e+06	0
1.81922e+06	0
1.81932e+06	0
1.81942e+06	0
1.81952e+06	0
1.81962e+06	0
1.81972e+06	0
1.81982e+06	0
1.81992e+06	0
1.82002e+06	0
1.82012e+06	0
1.82022e+06	0
1.82032e+06	0
1.82042e+06	0
1.82052e+06	0
1.82062e+06	0
1.82072e+06	0
1.82082e+06	0
1.82092e+06	0
1.82102e+06	0
1.82112e+06	0
1.82122e+06	0
1.82132e+06	0
1.82142e+06	0
1.82152e+06	0
1.82162e+06	0
1.82172e+06	0
1.82182e+06	0
1.82192e+06	0
1.82202e+06	0
1.82212e+06	0
1.82222e+06	0
1.82232e+06	0
1.82242e+06	0
1.82252e+06	0
1.82262e+06	0
1.82272e+06	0
1.82282e+06	0
1.82292e+06	0
1.82302e+06	0
1.82312e+06	0
1.82322e+06	0
1.82332e+06	0
1.82342e+06	0
1.82352e+06	0
1.82362e+06	0
1.82372e+06	0
1.82382e+06	0
1.82392e+06	0
1.82402e+06	0
1.82412e+06	0
1.82422e+06	0
1.82432e+06	0
1.82442e+06	0
1.82452e+06	0
1.82462e+06	0
1.82472e+06	0
1.82482e+06	0
1.82492e+06	0
1.82502e+06	0
1.82512e+06	0
1.82522e+06	0
1.82532e+06	0
1.82542e+06	0
1.82552e+06	0
1.82562e+06	0
1.82572e+06	0
1.82582e+06	0
1.82592e+06	0
1.82602e+06	0
1.82612e+06	0
1.82622e+06	0
1.82632e+06	0
1.82642e+06	0
1.82652e+06	0
1.82662e+06	0
1.82672e+06	0
1.82682e+06	0
1.82692e+06	0
1.82702e+06	0
1.82712e+06	0
1.82722e+06	0
1.82732e+06	0
1.82742e+06	0
1.82752e+06	0
1.82762e+06	0
1.82772e+06	0
1.82782e+06	0
1.82792e+06	0
1.82802e+06	0
1.82812e+06	0
1.82822e+06	0
1.82832e+06	0
1.82842e+06	0
1.82852e+06	0
1.82862e+06	0
1.82872e+06	0
1.82882e+06	0
1.82892e+06	0
1.82902e+06	0
1.82912e+06	0
1.82922e+06	0
1.82932e+06	0
1.82942e+06	0
1.82952e+06	0
1.82962e+06	0
1.82972e+06	0
1.82982e+06	0
1.82992e+06	0
1.83002e+06	0
1.83012e+06	0
1.83022e+06	0
1.83032e+06	0
1.83042e+06	0
1.83052e+06	0
1.83062e+06	0
1.83072e+06	0
1.83082e+06	0
1.83092e+06	0
1.83102e+06	0
1.83112e+06	0
1.83122e+06	0
1.83132e+06	0
1.83142e+06	0
1.83152e+06	0
1.83162e+06	0
1.83172e+06	0
1.83182e+06	0
1.83192e+06	0
1.83202e+06	0
1.83212e+06	0
1.83222e+06	0
1.83232e+06	0
1.83242e+06	0
1.83252e+06	0
1.83262e+06	0
1.83272e+06	0
1.83282e+06	0
1.83292e+06	0
1.83302e+06	0
1.83312e+06	0
1.83322e+06	0
1.83332e+06	0
1.83342e+06	0
1.83352e+06	0
1.83362e+06	0
1.83372e+06	0
1.83382e+06	0
1.83392e+06	0
1.83402e+06	0
1.83412e+06	0
1.83422e+06	0
1.83432e+06	0
1.83442e+06	0
1.83452e+06	0
1.83462e+06	0
1.83472e+06	0
1.83482e+06	0
1.83492e+06	0
1.83502e+06	0
1.83512e+06	0
1.83522e+06	0
1.83532e+06	0
1.83542e+06	0
1.83552e+06	0
1.83562e+06	0
1.83572e+06	0
1.83582e+06	0
1.83592e+06	0
1.83602e+06	0
1.83612e+06	0
1.83622e+06	0
1.83632e+06	0
1.83642e+06	0
1.83652e+06	0
1.83662e+06	0
1.83672e+06	0
1.83682e+06	0
1.83692e+06	0
1.83702e+06	0
1.83712e+06	0
1.83722e+06	0
1.83732e+06	0
1.83742e+06	0
1.83752e+06	0
1.83762e+06	0
1.83772e+06	0
1.83782e+06	0
1.83792e+06	0
1.83802e+06	0
1.83812e+06	0
1.83822e+06	0
1.83832e+06	0
1.83842e+06	0
1.83852e+06	0
1.83862e+06	0
1.83872e+06	0
1.83882e+06	0
1.83892e+06	0
1.83902e+06	0
1.83912e+06	0
1.83922e+06	0
1.83932e+06	0
1.83942e+06	0
1.83952e+06	0
1.83962e+06	0
1.83972e+06	0
1.83982e+06	0
1.83992e+06	0
1.84002e+06	0
1.84012e+06	0
1.84022e+06	0
1.84032e+06	0
1.84042e+06	0
1.84052e+06	0
1.84062e+06	0
1.84072e+06	0
1.84082e+06	0
1.84092e+06	0
1.84102e+06	0
1.84112e+06	0
1.84122e+06	0
1.84132e+06	0
1.84142e+06	0
1.84152e+06	0
1.84162e+06	0
1.84172e+06	0
1.84182e+06	0
1.84192e+06	0
1.84202e+06	0
1.84212e+06	0
1.84222e+06	0
1.84232e+06	0
1.84242e+06	0
1.84252e+06	0
1.84262e+06	0
1.84272e+06	0
1.84282e+06	0
1.84292e+06	0
1.84302e+06	0
1.84312e+06	0
1.84322e+06	0
1.84332e+06	0
1.84342e+06	0
1.84352e+06	0
1.84362e+06	0
1.84372e+06	0
1.84382e+06	0
1.84392e+06	0
1.84402e+06	0
1.84412e+06	0
1.84422e+06	0
1.84432e+06	0
1.84442e+06	0
1.84452e+06	0
1.84462e+06	0
1.84472e+06	0
1.84482e+06	0
1.84492e+06	0
1.84502e+06	0
1.84512e+06	0
1.84522e+06	0
1.84532e+06	0
1.84542e+06	0
1.84552e+06	0
1.84562e+06	0
1.84572e+06	0
1.84582e+06	0
1.84592e+06	0
1.84602e+06	0
1.84612e+06	0
1.84622e+06	0
1.84632e+06	0
1.84642e+06	0
1.84652e+06	0
1.84662e+06	0
1.84672e+06	0
1.84682e+06	0
1.84692e+06	0
1.84702e+06	0
1.84712e+06	0
1.84722e+06	0
1.84732e+06	0
1.84742e+06	0
1.84752e+06	0
1.84762e+06	0
1.84772e+06	0
1.84782e+06	0
1.84792e+06	0
1.84802e+06	0
1.84812e+06	0
1.84822e+06	0
1.84832e+06	0
1.84842e+06	0
1.84852e+06	0
1.84862e+06	0
1.84872e+06	0
1.84882e+06	0
1.84892e+06	0
1.84902e+06	0
1.84912e+06	0
1.84922e+06	0
1.84932e+06	0
1.84942e+06	0
1.84952e+06	0
1.84962e+06	0
1.84972e+06	0
1.84982e+06	0
1.84992e+06	0
1.85002e+06	0
1.85012e+06	0
1.85022e+06	0
1.85032e+06	0
1.85042e+06	0
1.85052e+06	0
1.85062e+06	0
1.85072e+06	0
1.85082e+06	0
1.85092e+06	0
1.85102e+06	0
1.85112e+06	0
1.85122e+06	0
1.85132e+06	0
1.85142e+06	0
1.85152e+06	0
1.85162e+06	0
1.85172e+06	0
1.85182e+06	0
1.85192e+06	0
1.85202e+06	0
1.85212e+06	0
1.85222e+06	0
1.85232e+06	0
1.85242e+06	0
1.85252e+06	0
1.85262e+06	0
1.85272e+06	0
1.85282e+06	0
1.85292e+06	0
1.85302e+06	0
1.85312e+06	0
1.85322e+06	0
1.85332e+06	0
1.85342e+06	0
1.85352e+06	0
1.85362e+06	0
1.85372e+06	0
1.85382e+06	0
1.85392e+06	0
1.85402e+06	0
1.85412e+06	0
1.85422e+06	0
1.85432e+06	0
1.85442e+06	0
1.85452e+06	0
1.85462e+06	0
1.85472e+06	0
1.85482e+06	0
1.85492e+06	0
1.85502e+06	0
1.85512e+06	0
1.85522e+06	0
1.85532e+06	0
1.85542e+06	0
1.85552e+06	0
1.85562e+06	0
1.85572e+06	0
1.85582e+06	0
1.85592e+06	0
1.85602e+06	0
1.85612e+06	0
1.85622e+06	0
1.85632e+06	0
1.85642e+06	0
1.85652e+06	0
1.85662e+06	0
1.85672e+06	0
1.85682e+06	0
1.85692e+06	0
1.85702e+06	0
1.85712e+06	0
1.85722e+06	0
1.85732e+06	0
1.85742e+06	0
1.85752e+06	0
1.85762e+06	0
1.85772e+06	0
1.85782e+06	0
1.85792e+06	0
1.85802e+06	0
1.85812e+06	0
1.85822e+06	0
1.85832e+06	0
1.85842e+06	0
1.85852e+06	0
1.85862e+06	0
1.85872e+06	0
1.85882e+06	0
1.85892e+06	0
1.85902e+06	0
1.85912e+06	0
1.85922e+06	0
1.85932e+06	0
1.85942e+06	0
1.85952e+06	0
1.85962e+06	0
1.85972e+06	0
1.85982e+06	0
1.85992e+06	0
1.86002e+06	0
1.86012e+06	0
1.86022e+06	0
1.86032e+06	0
1.86042e+06	0
1.86052e+06	0
1.86062e+06	0
1.86072e+06	0
1.86082e+06	0
1.86092e+06	0
1.86102e+06	0
1.86112e+06	0
1.86122e+06	0
1.86132e+06	0
1.86142e+06	0
1.86152e+06	0
1.86162e+06	0
1.86172e+06	0
1.86182e+06	0
1.86192e+06	0
1.86202e+06	0
1.86212e+06	0
1.86222e+06	0
1.86232e+06	0
1.86242e+06	0
1.86252e+06	0
1.86262e+06	0
1.86272e+06	0
1.86282e+06	0
1.86292e+06	0
1.86302e+06	0
1.86312e+06	0
1.86322e+06	0
1.86332e+06	0
1.86342e+06	0
1.86352e+06	0
1.86362e+06	0
1.86372e+06	0
1.86382e+06	0
1.86392e+06	0
1.86402e+06	0
1.86412e+06	0
1.86422e+06	0
1.86432e+06	0
1.86442e+06	0
1.86452e+06	0
1.86462e+06	0
1.86472e+06	0
1.86482e+06	0
1.86492e+06	0
1.86502e+06	0
1.86512e+06	0
1.86522e+06	0
1.86532e+06	0
1.86542e+06	0
1.86552e+06	0
1.86562e+06	0
1.86572e+06	0
1.86582e+06	0
1.86592e+06	0
1.86602e+06	0
1.86612e+06	0
1.86622e+06	0
1.86632e+06	0
1.86642e+06	0
1.86652e+06	0
1.86662e+06	0
1.86672e+06	0
1.86682e+06	0
1.86692e+06	0
1.86702e+06	0
1.86712e+06	0
1.86722e+06	0
1.86732e+06	0
1.86742e+06	0
1.86752e+06	0
1.86762e+06	0
1.86772e+06	0
1.86782e+06	0
1.86792e+06	0
1.86802e+06	0
1.86812e+06	0
1.86822e+06	0
1.86832e+06	0
1.86842e+06	0
1.86852e+06	0
1.86862e+06	0
1.86872e+06	0
1.86882e+06	0
1.86892e+06	0
1.86902e+06	0
1.86912e+06	0
1.86922e+06	0
1.86932e+06	0
1.86942e+06	0
1.86952e+06	0
1.86962e+06	0
1.86972e+06	0
1.86982e+06	0
1.86992e+06	0
1.87002e+06	0
1.87012e+06	0
1.87022e+06	0
1.87032e+06	0
1.87042e+06	0
1.87052e+06	0
1.87062e+06	0
1.87072e+06	0
1.87082e+06	0
1.87092e+06	0
1.87102e+06	0
1.87112e+06	0
1.87122e+06	0
1.87132e+06	0
1.87142e+06	0
1.87152e+06	0
1.87162e+06	0
1.87172e+06	0
1.87182e+06	0
1.87192e+06	0
1.87202e+06	0
1.87212e+06	0
1.87222e+06	0
1.87232e+06	0
1.87242e+06	0
1.87252e+06	0
1.87262e+06	0
1.87272e+06	0
1.87282e+06	0
1.87292e+06	0
1.87302e+06	0
1.87312e+06	0
1.87322e+06	0
1.87332e+06	0
1.87342e+06	0
1.87352e+06	0
1.87362e+06	0
1.87372e+06	0
1.87382e+06	0
1.87392e+06	0
1.87402e+06	0
1.87412e+06	0
1.87422e+06	0
1.87432e+06	0
1.87442e+06	0
1.87452e+06	0
1.87462e+06	0
1.87472e+06	0
1.87482e+06	0
1.87492e+06	0
1.87502e+06	0
1.87512e+06	0
1.87522e+06	0
1.87532e+06	0
1.87542e+06	0
1.87552e+06	0
1.87562e+06	0
1.87572e+06	0
1.87582e+06	0
1.87592e+06	0
1.87602e+06	0
1.87612e+06	0
1.87622e+06	0
1.87632e+06	0
1.87642e+06	0
1.87652e+06	0
1.87662e+06	0
1.87672e+06	0
1.87682e+06	0
1.87692e+06	0
1.87702e+06	0
1.87712e+06	0
1.87722e+06	0
1.87732e+06	0
1.87742e+06	0
1.87752e+06	0
1.87762e+06	0
1.87772e+06	0
1.87782e+06	0
1.87792e+06	0
1.87802e+06	0
1.87812e+06	0
1.87822e+06	0
1.87832e+06	0
1.87842e+06	0
1.87852e+06	0
1.87862e+06	0
1.87872e+06	0
1.87882e+06	0
1.87892e+06	0
1.87902e+06	0
1.87912e+06	0
1.87922e+06	0
1.87932e+06	0
1.87942e+06	0
1.87952e+06	0
1.87962e+06	0
1.87972e+06	0
1.87982e+06	0
1.87992e+06	0
1.88002e+06	0
1.88012e+06	0
1.88022e+06	0
1.88032e+06	0
1.88042e+06	0
1.88052e+06	0
1.88062e+06	0
1.88072e+06	0
1.88082e+06	0
1.88092e+06	0
1.88102e+06	0
1.88112e+06	0
1.88122e+06	0
1.88132e+06	0
1.88142e+06	0
1.88152e+06	0
1.88162e+06	0
1.88172e+06	0
1.88182e+06	0
1.88192e+06	0
1.88202e+06	0
1.88212e+06	0
1.88222e+06	0
1.88232e+06	0
1.88242e+06	0
1.88252e+06	0
1.88262e+06	0
1.88272e+06	0
1.88282e+06	0
1.88292e+06	0
1.88302e+06	0
1.88312e+06	0
1.88322e+06	0
1.88332e+06	0
1.88342e+06	0
1.88352e+06	0
1.88362e+06	0
1.88372e+06	0
1.88382e+06	0
1.88392e+06	0
1.88402e+06	0
1.88412e+06	0
1.88422e+06	0
1.88432e+06	0
1.88442e+06	0
1.88452e+06	0
1.88462e+06	0
1.88472e+06	0
1.88482e+06	0
1.88492e+06	0
1.88502e+06	0
1.88512e+06	0
1.88522e+06	0
1.88532e+06	0
1.88542e+06	0
1.88552e+06	0
1.88562e+06	0
1.88572e+06	0
1.88582e+06	0
1.88592e+06	0
1.88602e+06	0
1.88612e+06	0
1.88622e+06	0
1.88632e+06	0
1.88642e+06	0
1.88652e+06	0
1.88662e+06	0
1.88672e+06	0
1.88682e+06	0
1.88692e+06	0
1.88702e+06	0
1.88712e+06	0
1.88722e+06	0
1.88732e+06	0
1.88742e+06	0
1.88752e+06	0
1.88762e+06	0
1.88772e+06	0
1.88782e+06	0
1.88792e+06	0
1.88802e+06	0
1.88812e+06	0
1.88822e+06	0
1.88832e+06	0
1.88842e+06	0
1.88852e+06	0
1.88862e+06	0
1.88872e+06	0
1.88882e+06	0
1.88892e+06	0
1.88902e+06	0
1.88912e+06	0
1.88922e+06	0
1.88932e+06	0
1.88942e+06	0
1.88952e+06	0
1.88962e+06	0
1.88972e+06	0
1.88982e+06	0
1.88992e+06	0
1.89002e+06	0
1.89012e+06	0
1.89022e+06	0
1.89032e+06	0
1.89042e+06	0
1.89052e+06	0
1.89062e+06	0
1.89072e+06	0
1.89082e+06	0
1.89092e+06	0
1.89102e+06	0
1.89112e+06	0
1.89122e+06	0
1.89132e+06	0
1.89142e+06	0
1.89152e+06	0
1.89162e+06	0
1.89172e+06	0
1.89182e+06	0
1.89192e+06	0
1.89202e+06	0
1.89212e+06	0
1.89222e+06	0
1.89232e+06	0
1.89242e+06	0
1.89252e+06	0
1.89262e+06	0
1.89272e+06	0
1.89282e+06	0
1.89292e+06	0
1.89302e+06	0
1.89312e+06	0
1.89322e+06	0
1.89332e+06	0
1.89342e+06	0
1.89352e+06	0
1.89362e+06	0
1.89372e+06	0
1.89382e+06	0
1.89392e+06	0
1.89402e+06	0
1.89412e+06	0
1.89422e+06	0
1.89432e+06	0
1.89442e+06	0
1.89452e+06	0
1.89462e+06	0
1.89472e+06	0
1.89482e+06	0
1.89492e+06	0
1.89502e+06	0
1.89512e+06	0
1.89522e+06	0
1.89532e+06	0
1.89542e+06	0
1.89552e+06	0
1.89562e+06	0
1.89572e+06	0
1.89582e+06	0
1.89592e+06	0
1.89602e+06	0
1.89612e+06	0
1.89622e+06	0
1.89632e+06	0
1.89642e+06	0
1.89652e+06	0
1.89662e+06	0
1.89672e+06	0
1.89682e+06	0
1.89692e+06	0
1.89702e+06	0
1.89712e+06	0
1.89722e+06	0
1.89732e+06	0
1.89742e+06	0
1.89752e+06	0
1.89762e+06	0
1.89772e+06	0
1.89782e+06	0
1.89792e+06	0
1.89802e+06	0
1.89812e+06	0
1.89822e+06	0
1.89832e+06	0
1.89842e+06	0
1.89852e+06	0
1.89862e+06	0
1.89872e+06	0
1.89882e+06	0
1.89892e+06	0
1.89902e+06	0
1.89912e+06	0
1.89922e+06	0
1.89932e+06	0
1.89942e+06	0
1.89952e+06	0
1.89962e+06	0
1.89972e+06	0
1.89982e+06	0
1.89992e+06	0
1.90002e+06	0
1.90012e+06	0
1.90022e+06	0
1.90032e+06	0
1.90042e+06	0
1.90052e+06	0
1.90062e+06	0
1.90072e+06	0
1.90082e+06	0
1.90092e+06	0
1.90102e+06	0
1.90112e+06	0
1.90122e+06	0
1.90132e+06	0
1.90142e+06	0
1.90152e+06	0
1.90162e+06	0
1.90172e+06	0
1.90182e+06	0
1.90192e+06	0
1.90202e+06	0
1.90212e+06	0
1.90222e+06	0
1.90232e+06	0
1.90242e+06	0
1.90252e+06	0
1.90262e+06	0
1.90272e+06	0
1.90282e+06	0
1.90292e+06	0
1.90302e+06	0
1.90312e+06	0
1.90322e+06	0
1.90332e+06	0
1.90342e+06	0
1.90352e+06	0
1.90362e+06	0
1.90372e+06	0
1.90382e+06	0
1.90392e+06	0
1.90402e+06	0
1.90412e+06	0
1.90422e+06	0
1.90432e+06	0
1.90442e+06	0
1.90452e+06	0
1.90462e+06	0
1.90472e+06	0
1.90482e+06	0
1.90492e+06	0
1.90502e+06	0
1.90512e+06	0
1.90522e+06	0
1.90532e+06	0
1.90542e+06	0
1.90552e+06	0
1.90562e+06	0
1.90572e+06	0
1.90582e+06	0
1.90592e+06	0
1.90602e+06	0
1.90612e+06	0
1.90622e+06	0
1.90632e+06	0
1.90642e+06	0
1.90652e+06	0
1.90662e+06	0
1.90672e+06	0
1.90682e+06	0
1.90692e+06	0
1.90702e+06	0
1.90712e+06	0
1.90722e+06	0
1.90732e+06	0
1.90742e+06	0
1.90752e+06	0
1.90762e+06	0
1.90772e+06	0
1.90782e+06	0
1.90792e+06	0
1.90802e+06	0
1.90812e+06	0
1.90822e+06	0
1.90832e+06	0
1.90842e+06	0
1.90852e+06	0
1.90862e+06	0
1.90872e+06	0
1.90882e+06	0
1.90892e+06	0
1.90902e+06	0
1.90912e+06	0
1.90922e+06	0
1.90932e+06	0
1.90942e+06	0
1.90952e+06	0
1.90962e+06	0
1.90972e+06	0
1.90982e+06	0
1.90992e+06	0
1.91002e+06	0
1.91012e+06	0
1.91022e+06	0
1.91032e+06	0
1.91042e+06	0
1.91052e+06	0
1.91062e+06	0
1.91072e+06	0
1.91082e+06	0
1.91092e+06	0
1.91102e+06	0
1.91112e+06	0
1.91122e+06	0
1.91132e+06	0
1.91142e+06	0
1.91152e+06	0
1.91162e+06	0
1.91172e+06	0
1.91182e+06	0
1.91192e+06	0
1.91202e+06	0
1.91212e+06	0
1.91222e+06	0
1.91232e+06	0
1.91242e+06	0
1.91252e+06	0
1.91262e+06	0
1.91272e+06	0
1.91282e+06	0
1.91292e+06	0
1.91302e+06	0
1.91312e+06	0
1.91322e+06	0
1.91332e+06	0
1.91342e+06	0
1.91352e+06	0
1.91362e+06	0
1.91372e+06	0
1.91382e+06	0
1.91392e+06	0
1.91402e+06	0
1.91412e+06	0
1.91422e+06	0
1.91432e+06	0
1.91442e+06	0
1.91452e+06	0
1.91462e+06	0
1.91472e+06	0
1.91482e+06	0
1.91492e+06	0
1.91502e+06	0
1.91512e+06	0
1.91522e+06	0
1.91532e+06	0
1.91542e+06	0
1.91552e+06	0
1.91562e+06	0
1.91572e+06	0
1.91582e+06	0
1.91592e+06	0
1.91602e+06	0
1.91612e+06	0
1.91622e+06	0
1.91632e+06	0
1.91642e+06	0
1.91652e+06	0
1.91662e+06	0
1.91672e+06	0
1.91682e+06	0
1.91692e+06	0
1.91702e+06	0
1.91712e+06	0
1.91722e+06	0
1.91732e+06	0
1.91742e+06	0
1.91752e+06	0
1.91762e+06	0
1.91772e+06	0
1.91782e+06	0
1.91792e+06	0
1.91802e+06	1.08694e-322
1.91812e+06	5.00488e-321
1.91822e+06	2.29721e-319
1.91832e+06	1.04364e-317
1.91842e+06	4.69414e-316
1.91852e+06	2.09035e-314
1.91862e+06	9.21593e-313
1.91872e+06	4.02269e-311
1.91882e+06	1.7384e-309
1.91892e+06	7.43775e-308
1.91902e+06	3.15058e-306
1.91912e+06	1.32128e-304
1.91922e+06	5.48603e-303
1.91932e+06	2.25516e-301
1.91942e+06	9.17812e-300
1.91952e+06	3.69817e-298
1.91962e+06	1.47529e-296
1.91972e+06	5.82674e-295
1.91982e+06	2.2784e-293
1.91992e+06	8.82048e-292
1.92002e+06	3.38073e-290
1.92012e+06	1.28288e-288
1.92022e+06	4.8197e-287
1.92032e+06	1.79271e-285
1.92042e+06	6.60172e-284
1.92052e+06	2.40692e-282
1.92062e+06	8.68805e-281
1.92072e+06	3.10485e-279
1.92082e+06	1.09854e-277
1.92092e+06	3.84812e-276
1.92102e+06	1.33456e-274
1.92112e+06	4.58231e-273
1.92122e+06	1.55771e-271
1.92132e+06	5.24262e-270
1.92142e+06	1.74689e-268
1.92152e+06	5.76289e-267
1.92162e+06	1.88223e-265
1.92172e+06	6.08641e-264
1.92182e+06	1.94853e-262
1.92192e+06	6.17604e-261
1.92202e+06	1.93807e-259
1.92212e+06	6.02125e-258
1.92222e+06	1.85208e-256
1.92232e+06	5.64017e-255
1.92242e+06	1.70051e-253
1.92252e+06	5.07604e-252
1.92262e+06	1.50013e-250
1.92272e+06	4.38922e-249
1.92282e+06	1.27146e-247
1.92292e+06	3.64651e-246
1.92302e+06	1.0354e-244
1.92312e+06	2.91068e-243
1.92322e+06	8.10102e-242
1.92332e+06	2.23224e-240
1.92342e+06	6.08976e-239
1.92352e+06	1.64481e-237
1.92362e+06	4.39834e-236
1.92372e+06	1.16444e-234
1.92382e+06	3.05215e-233
1.92392e+06	7.92044e-232
1.92402e+06	2.03494e-230
1.92412e+06	5.17617e-229
1.92422e+06	1.30354e-227
1.92432e+06	3.2501e-226
1.92442e+06	8.02279e-225
1.92452e+06	1.9607e-223
1.92462e+06	4.74411e-222
1.92472e+06	1.13646e-220
1.92482e+06	2.69534e-219
1.92492e+06	6.32889e-218
1.92502e+06	1.47129e-216
1.92512e+06	3.38632e-215
1.92522e+06	7.71638e-214
1.92532e+06	1.74083e-212
1.92542e+06	3.88827e-211
1.92552e+06	8.59831e-210
1.92562e+06	1.88247e-208
1.92572e+06	4.08036e-207
1.92582e+06	8.75641e-206
1.92592e+06	1.86042e-204
1.92602e+06	3.91339e-203
1.92612e+06	8.14991e-202
1.92622e+06	1.68039e-200
1.92632e+06	3.43022e-199
1.92642e+06	6.93254e-198
1.92652e+06	1.38714e-196
1.92662e+06	2.74792e-195
1.92672e+06	5.38947e-194
1.92682e+06	1.04651e-192
1.92692e+06	2.01187e-191
1.92702e+06	3.82924e-190
1.92712e+06	7.21577e-189
1.92722e+06	1.3462e-187
1.92732e+06	2.48653e-186
1.92742e+06	4.5471e-185
1.92752e+06	8.23252e-184
1.92762e+06	1.47566e-182
1.92772e+06	2.61878e-181
1.92782e+06	4.60118e-180
1.92792e+06	8.00378e-179
1.92802e+06	1.37841e-177
1.92812e+06	2.35027e-176
1.92822e+06	3.96749e-175
1.92832e+06	6.63087e-174
1.92842e+06	1.09719e-172
1.92852e+06	1.79742e-171
1.92862e+06	2.91525e-170
1.92872e+06	4.68122e-169
1.92882e+06	7.44215e-168
1.92892e+06	1.17137e-166
1.92902e+06	1.82536e-165
1.92912e+06	2.81618e-164
1.92922e+06	4.30158e-163
1.92932e+06	6.50508e-162
1.92942e+06	9.73946e-161
1.92952e+06	1.44369e-159
1.92962e+06	2.1187e-158
1.92972e+06	3.07839e-157
1.92982e+06	4.42827e-156
1.92992e+06	6.30668e-155
1.93002e+06	8.89253e-154
1.93012e+06	1.24139e-152
1.93022e+06	1.71572e-151
1.93032e+06	2.34769e-150
1.93042e+06	3.18049e-149
1.93052e+06	4.26583e-148
1.93062e+06	5.66461e-147
1.93072e+06	7.44721e-146
1.93082e+06	9.69337e-145
1.93092e+06	1.24914e-143
1.93102e+06	1.5937e-142
1.93112e+06	2.01307e-141
1.93122e+06	2.51749e-140
1.93132e+06	3.11698e-139
1.93142e+06	3.82083e-138
1.93152e+06	4.63701e-137
1.93162e+06	5.57154e-136
1.93172e+06	6.62781e-135
1.93182e+06	7.80587e-134
1.93192e+06	9.10185e-133
1.93202e+06	1.05074e-131
1.93212e+06	1.20093e-130
1.93222e+06	1.35893e-129
1.93232e+06	1.52242e-128
1.93242e+06	1.6886e-127
1.93252e+06	1.85429e-126
1.93262e+06	2.01598e-125
1.93272e+06	2.16996e-124
1.93282e+06	2.31246e-123
1.93292e+06	2.43979e-122
1.93302e+06	2.54852e-121
1.93312e+06	2.63562e-120
1.93322e+06	2.69856e-119
1.93332e+06	2.73552e-118
1.93342e+06	2.74539e-117
1.93352e+06	2.72788e-116
1.93362e+06	2.68351e-115
1.93372e+06	2.6136e-114
1.93382e+06	2.52018e-113
1.93392e+06	2.40592e-112
1.93402e+06	2.27399e-111
1.93412e+06	2.12791e-110
1.93422e+06	1.97139e-109
1.93432e+06	1.80822e-108
1.93442e+06	1.64205e-107
1.93452e+06	1.47631e-106
1.93462e+06	1.3141e-105
1.93472e+06	1.15807e-104
1.93482e+06	1.01041e-103
1.93492e+06	8.72806e-103
1.93502e+06	7.4644e-102
1.93512e+06	6.32018e-101
1.93522e+06	5.29811e-100
1.93532e+06	4.39714e-99
1.93542e+06	3.61307e-98
1.93552e+06	2.93926e-97
1.93562e+06	2.36733e-96
1.93572e+06	1.88771e-95
1.93582e+06	1.49029e-94
1.93592e+06	1.16483e-93
1.93602e+06	9.01383e-93
1.93612e+06	6.90582e-92
1.93622e+06	5.23814e-91
1.93632e+06	3.93366e-90
1.93642e+06	2.92465e-89
1.93652e+06	2.15282e-88
1.93662e+06	1.56891e-87
1.93672e+06	1.132e-86
1.93682e+06	8.08634e-86
1.93692e+06	5.71892e-85
1.93702e+06	4.00437e-84
1.93712e+06	2.77594e-83
1.93722e+06	1.90522e-82
1.93732e+06	1.2946e-81
1.93742e+06	8.7093e-81
1.93752e+06	5.8008e-80
1.93762e+06	3.82517e-79
1.93772e+06	2.4973e-78
1.93782e+06	1.61416e-77
1.93792e+06	1.03295e-76
1.93802e+06	6.54443e-76
1.93812e+06	4.10506e-75
1.93822e+06	2.54933e-74
1.93832e+06	1.56743e-73
1.93842e+06	9.54131e-73
1.93852e+06	5.75023e-72
1.93862e+06	3.43099e-71
1.93872e+06	2.0268e-70
1.93882e+06	1.18539e-69
1.93892e+06	6.86383e-69
1.93902e+06	3.93487e-68
1.93912e+06	2.23332e-67
1.93922e+06	1.25496e-66
1.93932e+06	6.98176e-66
1.93942e+06	3.84555e-65
1.93952e+06	2.09705e-64
1.93962e+06	1.13218e-63
1.93972e+06	6.05176e-63
1.93982e+06	3.20261e-62
1.93992e+06	1.67797e-61
1.94002e+06	8.70407e-61
1.94012e+06	4.47011e-60
1.94022e+06	2.27285e-59
1.94032e+06	1.14415e-58
1.94042e+06	5.70229e-58
1.94052e+06	2.81369e-57
1.94062e+06	1.37455e-56
1.94072e+06	6.64815e-56
1.94082e+06	3.18346e-55
1.94092e+06	1.50924e-54
1.94102e+06	7.0839e-54
1.94112e+06	3.29189e-53
1.94122e+06	1.51453e-52
1.94132e+06	6.89868e-52
1.94142e+06	3.1111e-51
1.94152e+06	1.38906e-50
1.94162e+06	6.14022e-50
1.94172e+06	2.68724e-49
1.94182e+06	1.16436e-48
1.94192e+06	4.9949e-48
1.94202e+06	2.12141e-47
1.94212e+06	8.92036e-47
1.94222e+06	3.71363e-46
1.94232e+06	1.53064e-45
1.94242e+06	6.24609e-45
1.94252e+06	2.52349e-44
1.94262e+06	1.00938e-43
1.94272e+06	3.99731e-43
1.94282e+06	1.56726e-42
1.94292e+06	6.08376e-42
1.94302e+06	2.33811e-41
1.94312e+06	8.89647e-41
1.94322e+06	3.35144e-40
1.94332e+06	1.24999e-39
1.94342e+06	4.61573e-39
1.94352e+06	1.68747e-38
1.94362e+06	6.10793e-38
1.94372e+06	2.18884e-37
1.94382e+06	7.76596e-37
1.94392e+06	2.72797e-36
1.94402e+06	9.48738e-36
1.94412e+06	3.26675e-35
1.94422e+06	1.11365e-34
1.94432e+06	3.75878e-34
1.94442e+06	1.25605e-33
1.94452e+06	4.15561e-33
1.94462e+06	1.36121e-32
1.94472e+06	4.41453e-32
1.94482e+06	1.41745e-31
1.94492e+06	4.50608e-31
1.94502e+06	1.41826e-30
1.94512e+06	4.41961e-30
1.94522e+06	1.36358e-29
1.94532e+06	4.16529e-29
1.94542e+06	1.25974e-28
1.94552e+06	3.77214e-28
1.94562e+06	1.11832e-27
1.94572e+06	3.28262e-27
1.94582e+06	9.53997e-27
1.94592e+06	2.74504e-26
1.94602e+06	7.82038e-26
1.94612e+06	2.20589e-25
1.94622e+06	6.16055e-25
1.94632e+06	1.70347e-24
1.94642e+06	4.66372e-24
1.94652e+06	1.26419e-23
1.94662e+06	3.39296e-23
1.94672e+06	9.01635e-23
1.94682e+06	2.37231e-22
1.94692e+06	6.18019e-22
1.94702e+06	1.59414e-21
1.94712e+06	4.0714e-21
1.94722e+06	1.02958e-20
1.94732e+06	2.57794e-20
1.94742e+06	6.3913e-20
1.94752e+06	1.56895e-19
1.94762e+06	3.81362e-19
1.94772e+06	9.1786e-19
1.94782e+06	2.1874e-18
1.94792e+06	5.16176e-18
1.94802e+06	1.20611e-17
1.94812e+06	2.79063e-17
1.94822e+06	6.39358e-17
1.94832e+06	1.4505e-16
1.94842e+06	3.25859e-16
1.94852e+06	7.24908e-16
1.94862e+06	1.59691e-15
1.94872e+06	3.48362e-15
1.94882e+06	7.52553e-15
1.94892e+06	1.60992e-14
1.94902e+06	3.41068e-14
1.94912e+06	7.15567e-14
1.94922e+06	1.48675e-13
1.94932e+06	3.05925e-13
1.94942e+06	6.23425e-13
1.94952e+06	1.25821e-12
1.94962e+06	2.51496e-12
1.94972e+06	4.97878e-12
1.94982e+06	9.76201e-12
1.94992e+06	1.89577e-11
1.95002e+06	3.64648e-11
1.95012e+06	6.94719e-11
1.95022e+06	1.311e-10
1.95032e+06	2.45054e-10
1.95042e+06	4.53731e-10
1.95052e+06	8.32183e-10
1.95062e+06	1.51194e-09
1.95072e+06	2.72117e-09
1.95082e+06	4.85166e-09
1.95092e+06	8.5694e-09
1.95102e+06	1.4995e-08
1.95112e+06	2.59947e-08
1.95122e+06	4.46456e-08
1.95132e+06	7.59691e-08
1.95142e+06	1.28077e-07
1.95152e+06	2.13938e-07
1.95162e+06	3.54077e-07
1.95172e+06	5.80645e-07
1.95182e+06	9.43486e-07
1.95192e+06	1.51908e-06
1.95202e+06	2.42355e-06
1.95212e+06	3.83143e-06
1.95222e+06	6.00221e-06
1.95232e+06	9.31776e-06
1.95242e+06	1.4334e-05
1.95252e+06	2.18515e-05
1.95262e+06	3.30113e-05
1.95272e+06	4.9421e-05
1.95282e+06	7.33216e-05
1.95292e+06	0.000107802
1.95302e+06	0.000157072
1.95312e+06	0.000226801
1.95322e+06	0.00032454
1.95332e+06	0.000460221
1.95342e+06	0.000646754
1.95352e+06	0.000900705
1.95362e+06	0.00124307
1.95372e+06	0.00170008
1.95382e+06	0.00230412
1.95392e+06	0.00309452
1.95402e+06	0.00411841
1.95412e+06	0.00543134
1.95422e+06	0.00709771
1.95432e+06	0.00919086
1.95442e+06	0.0117927
1.95452e+06	0.0149926
1.95462e+06	0.0188862
1.95472e+06	0.0235722
1.95482e+06	0.0291501
1.95492e+06	0.0357151
1.95502e+06	0.0433537
1.95512e+06	0.0521378
1.95522e+06	0.0621187
1.95532e+06	0.0733202
1.95542e+06	0.0857329
1.95552e+06	0.099308
1.95562e+06	0.113952
1.95572e+06	0.129526
1.95582e+06	0.145838
1.95592e+06	0.162652
1.95602e+06	0.179685
1.95612e+06	0.196617
1.95622e+06	0.213097
1.95632e+06	0.228755
1.95642e+06	0.243217
1.95652e+06	0.256117
1.95662e+06	0.267114
1.95672e+06	0.275906
1.95682e+06	0.282244
1.95692e+06	0.285944
1.95702e+06	0.286894
1.95712e+06	0.285062
1.95722e+06	0.280499
1.95732e+06	0.273331
1.95742e+06	0.263758
1.95752e+06	0.252046
1.95762e+06	0.238508
1.95772e+06	0.223497
1.95782e+06	0.207386
1.95792e+06	0.190556
1.95802e+06	0.17338
1.95812e+06	0.156208
1.95822e+06	0.139357
1.95832e+06	0.123105
1.95842e+06	0.10768
1.95852e+06	0.0932636
1.95862e+06	0.0799829
1.95872e+06	0.0679187
1.95882e+06	0.0571064
1.95892e+06	0.0475425
1.95902e+06	0.0391903
1.95912e+06	0.0319868
1.95922e+06	0.0258499
1.95932e+06	0.0206842
1.95942e+06	0.0163874
1.95952e+06	0.0128551
1.95962e+06	0.00998459
1.95972e+06	0.00767859
1.95982e+06	0.00584704
1.95992e+06	0.00440869
1.96002e+06	0.00329181
1.96012e+06	0.00243428
1.96022e+06	0.00178332
1.96032e+06	0.00129484
1.96042e+06	0.000932651
1.96052e+06	0.000667487
1.96062e+06	0.000476067
1.96072e+06	0.000340143
1.96082e+06	0.000245629
1.96092e+06	0.000181813
1.96102e+06	0.000140669
1.96112e+06	0.000116271
1.96122e+06	0.000104304
1.96132e+06	0.000101669
1.96142e+06	0.00010616
1.96152e+06	0.000116214
1.96162e+06	0.00013071
1.96172e+06	0.000148821
1.96182e+06	0.000169901
1.96192e+06	0.0001934
1.96202e+06	0.000218804
1.96212e+06	0.000245599
1.96222e+06	0.000273244
1.96232e+06	0.00030116
1.96242e+06	0.000328734
1.96252e+06	0.000355326
1.96262e+06	0.000380284
1.96272e+06	0.000402966
1.96282e+06	0.000422764
1.96292e+06	0.000439128
1.96302e+06	0.000451591
1.96312e+06	0.000459788
1.96322e+06	0.000463477
1.96332e+06	0.000462548
1.96342e+06	0.000457028
1.96352e+06	0.00044708
1.96362e+06	0.000432998
1.96372e+06	0.000415186
1.96382e+06	0.000394146
1.96392e+06	0.000370449
1.96402e+06	0.000344712
1.96412e+06	0.000317572
1.96422e+06	0.000289657
1.96432e+06	0.000261568
1.96442e+06	0.000233852
1.96452e+06	0.000206992
1.96462e+06	0.000181395
1.96472e+06	0.000157381
1.96482e+06	0.000135188
1.96492e+06	0.000114969
1.96502e+06	9.68007e-05
1.96512e+06	8.06928e-05
1.96522e+06	6.65959e-05
1.96532e+06	5.44149e-05
1.96542e+06	4.40195e-05
1.96552e+06	3.52557e-05
1.96562e+06	2.79557e-05
1.96572e+06	2.19467e-05
1.96582e+06	1.70578e-05
1.96592e+06	1.31261e-05
1.96602e+06	1.00001e-05
1.96612e+06	7.5428e-06
1.96622e+06	5.63269e-06
1.96632e+06	4.16444e-06
1.96642e+06	3.04828e-06
1.96652e+06	2.20907e-06
1.96662e+06	1.58497e-06
1.96672e+06	1.12587e-06
1.96682e+06	7.91801e-07
1.96692e+06	5.51314e-07
1.96702e+06	3.80048e-07
1.96712e+06	2.5938e-07
1.96722e+06	1.75263e-07
1.96732e+06	1.17247e-07
1.96742e+06	7.7655e-08
1.96752e+06	5.09208e-08
1.96762e+06	3.3058e-08
1.96772e+06	2.12479e-08
1.96782e+06	1.35211e-08
1.96792e+06	8.51857e-09
1.96802e+06	5.31346e-09
1.96812e+06	3.28129e-09
1.96822e+06	2.00618e-09
1.96832e+06	1.21437e-09
1.96842e+06	7.27763e-10
1.96852e+06	4.31803e-10
1.96862e+06	2.53652e-10
1.96872e+06	1.47519e-10
1.96882e+06	8.49407e-11
1.96892e+06	4.84217e-11
1.96902e+06	2.73288e-11
1.96912e+06	1.52707e-11
1.96922e+06	8.44801e-12
1.96932e+06	4.62708e-12
1.96942e+06	2.50909e-12
1.96952e+06	1.34705e-12
1.96962e+06	7.15989e-13
1.96972e+06	3.76779e-13
1.96982e+06	1.96302e-13
1.96992e+06	1.01256e-13
1.97002e+06	5.17095e-14
1.97012e+06	2.61444e-14
1.97022e+06	1.30872e-14
1.97032e+06	6.48587e-15
1.97042e+06	3.18235e-15
1.97052e+06	1.54591e-15
1.97062e+06	7.43496e-16
1.97072e+06	3.54022e-16
1.97082e+06	1.66893e-16
1.97092e+06	7.78939e-17
1.97102e+06	3.59936e-17
1.97112e+06	1.64666e-17
1.97122e+06	7.45832e-18
1.97132e+06	3.34453e-18
1.97142e+06	1.48486e-18
1.97152e+06	6.52668e-19
1.97162e+06	2.84025e-19
1.97172e+06	1.22371e-19
1.97182e+06	5.21984e-20
1.97192e+06	2.20441e-20
1.97202e+06	9.21692e-21
1.97212e+06	3.81536e-21
1.97222e+06	1.56366e-21
1.97232e+06	6.34464e-22
1.97242e+06	2.54875e-22
1.97252e+06	1.01369e-22
1.97262e+06	3.99154e-23
1.97272e+06	1.55608e-23
1.97282e+06	6.00596e-24
1.97292e+06	2.29503e-24
1.97302e+06	8.68264e-25
1.97312e+06	3.25216e-25
1.97322e+06	1.20601e-25
1.97332e+06	4.42776e-26
1.97342e+06	1.60944e-26
1.97352e+06	5.79195e-27
1.97362e+06	2.06362e-27
1.97372e+06	7.27936e-28
1.97382e+06	2.54222e-28
1.97392e+06	8.79001e-29
1.97402e+06	3.00901e-29
1.97412e+06	1.0198e-29
1.97422e+06	3.42186e-30
1.97432e+06	1.13676e-30
1.97442e+06	3.73878e-31
1.97452e+06	1.21744e-31
1.97462e+06	3.92487e-32
1.97472e+06	1.25273e-32
1.97482e+06	3.95866e-33
1.97492e+06	1.2385e-33
1.97502e+06	3.83619e-34
1.97512e+06	1.17642e-34
1.97522e+06	3.57175e-35
1.97532e+06	1.07363e-35
1.97542e+06	3.19513e-36
1.97552e+06	9.4141e-37
1.97562e+06	2.74616e-37
1.97572e+06	7.93102e-38
1.97582e+06	2.26772e-38
1.97592e+06	6.4196e-39
1.97602e+06	1.79921e-39
1.97612e+06	4.99247e-40
1.97622e+06	1.37153e-40
1.97632e+06	3.73036e-41
1.97642e+06	1.00451e-41
1.97652e+06	2.67802e-42
1.97662e+06	7.06856e-43
1.97672e+06	1.84716e-43
1.97682e+06	4.779e-44
1.97692e+06	1.22412e-44
1.97702e+06	3.10435e-45
1.97712e+06	7.79424e-46
1.97722e+06	1.93746e-46
1.97732e+06	4.76815e-47
1.97742e+06	1.16178e-47
1.97752e+06	2.80256e-48
1.97762e+06	6.69334e-49
1.97772e+06	1.58266e-49
1.97782e+06	3.70501e-50
1.97792e+06	8.58714e-51
1.97802e+06	1.97045e-51
1.97812e+06	4.47649e-52
1.97822e+06	1.00686e-52
1.97832e+06	2.2421e-53
1.97842e+06	4.9431e-54
1.97852e+06	1.07895e-54
1.97862e+06	2.33163e-55
1.97872e+06	4.98856e-56
1.97882e+06	1.05669e-56
1.97892e+06	2.21617e-57
1.97902e+06	4.6082e-58
1.97912e+06	9.82196e-59
1.97922e+06	3.77725e-59
1.97932e+06	9.72678e-59
1.97942e+06	4.66969e-58
1.97952e+06	2.30444e-57
1.97962e+06	1.12773e-56
1.97972e+06	5.46478e-56
1.97982e+06	2.62205e-55
1.97992e+06	1.2457e-54
1.98002e+06	5.85988e-54
1.98012e+06	2.72941e-53
1.98022e+06	1.2588e-52
1.98032e+06	5.74843e-52
1.98042e+06	2.59927e-51
1.98052e+06	1.16376e-50
1.98062e+06	5.15927e-50
1.98072e+06	2.26478e-49
1.98082e+06	9.84411e-49
1.98092e+06	4.23685e-48
1.98102e+06	1.80562e-47
1.98112e+06	7.61952e-47
1.98122e+06	3.18383e-46
1.98132e+06	1.31732e-45
1.98142e+06	5.39707e-45
1.98152e+06	2.18951e-44
1.98162e+06	8.79555e-44
1.98172e+06	3.49869e-43
1.98182e+06	1.37809e-42
1.98192e+06	5.37501e-42
1.98202e+06	2.07593e-41
1.98212e+06	7.93926e-41
1.98222e+06	3.00665e-40
1.98232e+06	1.12751e-39
1.98242e+06	4.18695e-39
1.98252e+06	1.53962e-38
1.98262e+06	5.60624e-38
1.98272e+06	2.02149e-37
1.98282e+06	7.21799e-37
1.98292e+06	2.55215e-36
1.98302e+06	8.93602e-36
1.98312e+06	3.09835e-35
1.98322e+06	1.06382e-34
1.98332e+06	3.61707e-34
1.98342e+06	1.21786e-33
1.98352e+06	4.06065e-33
1.98362e+06	1.34075e-32
1.98372e+06	4.38388e-32
1.98382e+06	1.41948e-31
1.98392e+06	4.55154e-31
1.98402e+06	1.44527e-30
1.98412e+06	4.54469e-30
1.98422e+06	1.41521e-29
1.98432e+06	4.36421e-29
1.98442e+06	1.33277e-28
1.98452e+06	4.03064e-28
1.98462e+06	1.20715e-27
1.98472e+06	3.58028e-27
1.98482e+06	1.05158e-26
1.98492e+06	3.05874e-26
1.98502e+06	8.81076e-26
1.98512e+06	2.51338e-25
1.98522e+06	7.10029e-25
1.98532e+06	1.98641e-24
1.98542e+06	5.50348e-24
1.98552e+06	1.51002e-23
1.98562e+06	4.10301e-23
1.98572e+06	1.10408e-22
1.98582e+06	2.94222e-22
1.98592e+06	7.76477e-22
1.98602e+06	2.02936e-21
1.98612e+06	5.25252e-21
1.98622e+06	1.34634e-20
1.98632e+06	3.41759e-20
1.98642e+06	8.59141e-20
1.98652e+06	2.13888e-19
1.98662e+06	5.27334e-19
1.98672e+06	1.28755e-18
1.98682e+06	3.11329e-18
1.98692e+06	7.45508e-18
1.98702e+06	1.76792e-17
1.98712e+06	4.15191e-17
1.98722e+06	9.65627e-17
1.98732e+06	2.22406e-16
1.98742e+06	5.07292e-16
1.98752e+06	1.14589e-15
1.98762e+06	2.56332e-15
1.98772e+06	5.6785e-15
1.98782e+06	1.24576e-14
1.98792e+06	2.7065e-14
1.98802e+06	5.82306e-14
1.98812e+06	1.24069e-13
1.98822e+06	2.61782e-13
1.98832e+06	5.46997e-13
1.98842e+06	1.13187e-12
1.98852e+06	2.31936e-12
1.98862e+06	4.70658e-12
1.98872e+06	9.45808e-12
1.98882e+06	1.88218e-11
1.98892e+06	3.70918e-11
1.98902e+06	7.23856e-11
1.98912e+06	1.39889e-10
1.98922e+06	2.67712e-10
1.98932e+06	5.07348e-10
1.98942e+06	9.52129e-10
1.98952e+06	1.76944e-09
1.98962e+06	3.2563e-09
1.98972e+06	5.93419e-09
1.98982e+06	1.07089e-08
1.98992e+06	1.91368e-08
1.99002e+06	3.38641e-08
1.99012e+06	5.93403e-08
1.99022e+06	1.02967e-07
1.99032e+06	1.76925e-07
1.99042e+06	3.01033e-07
1.99052e+06	5.07194e-07
1.99062e+06	8.4619e-07
1.99072e+06	1.39796e-06
1.99082e+06	2.28692e-06
1.99092e+06	3.70456e-06
1.99102e+06	5.94224e-06
1.99112e+06	9.43822e-06
1.99122e+06	1.48441e-05
1.99132e+06	2.31176e-05
1.99142e+06	3.56494e-05
1.99152e+06	5.44356e-05
1.99162e+06	8.23062e-05
1.99172e+06	0.000123225
1.99182e+06	0.000182677
1.99192e+06	0.000268152
1.99202e+06	0.000389757
1.99212e+06	0.000560943
1.99222e+06	0.000799383
1.99232e+06	0.00112798
1.99242e+06	0.001576
1.99252e+06	0.00218031
1.99262e+06	0.00298666
1.99272e+06	0.00405098
1.99282e+06	0.00544048
1.99292e+06	0.00723466
1.99302e+06	0.00952579
1.99312e+06	0.0124189
1.99322e+06	0.0160313
1.99332e+06	0.0204904
1.99342e+06	0.0259316
1.99352e+06	0.0324942
1.99362e+06	0.0403162
1.99372e+06	0.0495276
1.99382e+06	0.0602434
1.99392e+06	0.0725545
1.99402e+06	0.0865192
1.99412e+06	0.102153
1.99422e+06	0.119422
1.99432e+06	0.13823
1.99442e+06	0.158421
1.99452e+06	0.179768
1.99462e+06	0.201976
1.99472e+06	0.224685
1.99482e+06	0.247478
1.99492e+06	0.269888
1.99502e+06	0.291419
1.99512e+06	0.311556
1.99522e+06	0.329792
1.99532e+06	0.345642
1.99542e+06	0.358672
1.99552e+06	0.368512
1.99562e+06	0.374877
1.99572e+06	0.377579
1.99582e+06	0.376538
1.99592e+06	0.371785
1.99602e+06	0.363459
1.99612e+06	0.351804
1.99622e+06	0.337152
1.99632e+06	0.319913
1.99642e+06	0.30055
1.99652e+06	0.279565
1.99662e+06	0.257471
1.99672e+06	0.234776
1.99682e+06	0.211962
1.99692e+06	0.18947
1.99702e+06	0.167688
1.99712e+06	0.146941
1.99722e+06	0.127486
1.99732e+06	0.109512
1.99742e+06	0.0931409
1.99752e+06	0.0784326
1.99762e+06	0.0653931
1.99772e+06	0.0539816
1.99782e+06	0.0441203
1.99792e+06	0.0357035
1.99802e+06	0.0286063
1.99812e+06	0.022693
1.99822e+06	0.0178238
1.99832e+06	0.0138609
1.99842e+06	0.0106723
1.99852e+06	0.00813599
1.99862e+06	0.00614107
1.99872e+06	0.00458949
1.99882e+06	0.00339611
1.99892e+06	0.00248836
1.99902e+06	0.00180553
1.99912e+06	0.00129763
1.99922e+06	0.00092422
1.99932e+06	0.000653081
1.99942e+06	0.00045901
1.99952e+06	0.000322658
1.99962e+06	0.000229519
1.99972e+06	0.000169069
1.99982e+06	0.000134074
1.99992e+06	0.00012006
2.00002e+06	0.000124945
2.00012e+06	0.000148827
2.00022e+06	0.000193913
2.00032e+06	0.000264578
2.00042e+06	0.00036755
2.00052e+06	0.000512196
2.00062e+06	0.000710895
2.00072e+06	0.000979477
2.00082e+06	0.0013377
2.00092e+06	0.00180972
2.00102e+06	0.0024245
2.00112e+06	0.00321615
2.00122e+06	0.00422404
2.00132e+06	0.00549269
2.00142e+06	0.00707137
2.00152e+06	0.00901323
2.00162e+06	0.0113741
2.00172e+06	0.0142104
2.00182e+06	0.0175775
2.00192e+06	0.021526
2.00202e+06	0.0260992
2.00212e+06	0.0313291
2.00222e+06	0.0372329
2.00232e+06	0.0438088
2.00242e+06	0.0510333
2.00252e+06	0.0588576
2.00262e+06	0.0672061
2.00272e+06	0.0759752
2.00282e+06	0.0850339
2.00292e+06	0.0942257
2.00302e+06	0.103372
2.00312e+06	0.112278
2.00322e+06	0.120738
2.00332e+06	0.128543
2.00342e+06	0.135491
2.00352e+06	0.141394
2.00362e+06	0.146086
2.00372e+06	0.149431
2.00382e+06	0.151333
2.00392e+06	0.151733
2.00402e+06	0.150621
2.00412e+06	0.148029
2.00422e+06	0.144034
2.00432e+06	0.138753
2.00442e+06	0.132335
2.00452e+06	0.124958
2.00462e+06	0.116819
2.00472e+06	0.108123
2.00482e+06	0.0990782
2.00492e+06	0.089887
2.00502e+06	0.0807369
2.00512e+06	0.0717967
2.00522e+06	0.0632112
2.00532e+06	0.0550986
2.00542e+06	0.0475493
2.00552e+06	0.0406261
2.00562e+06	0.0343655
2.00572e+06	0.0287805
2.00582e+06	0.0238633
2.00592e+06	0.0195893
2.00602e+06	0.0159208
2.00612e+06	0.0128106
2.00622e+06	0.0102054
2.00632e+06	0.00804912
2.00642e+06	0.00628529
2.00652e+06	0.00485918
2.00662e+06	0.00371932
2.00672e+06	0.00281859
2.00682e+06	0.00211486
2.00692e+06	0.00157121
2.00702e+06	0.00115594
2.00712e+06	0.000842308
2.00722e+06	0.000608161
2.00732e+06	0.000435433
2.00742e+06	0.000309635
2.00752e+06	0.000219333
2.00762e+06	0.000155649
2.00772e+06	0.000111806
2.00782e+06	8.27201e-05
2.00792e+06	6.46612e-05
2.00802e+06	5.49543e-05
2.00812e+06	5.17424e-05
2.00822e+06	5.37898e-05
2.00832e+06	6.0326e-05
2.00842e+06	7.09209e-05
2.00852e+06	8.53844e-05
2.00862e+06	0.000103687
2.00872e+06	0.000125893
2.00882e+06	0.000152108
2.00892e+06	0.000182427
2.00902e+06	0.0002169
2.00912e+06	0.000255494
2.00922e+06	0.000298062
2.00932e+06	0.000344321
2.00942e+06	0.000393836
2.00952e+06	0.00044601
2.00962e+06	0.00050008
2.00972e+06	0.000555133
2.00982e+06	0.000610118
2.00992e+06	0.000663879
2.01002e+06	0.00071519
2.01012e+06	0.000762802
2.01022e+06	0.000805488
2.01032e+06	0.0008421
2.01042e+06	0.000871616
2.01052e+06	0.00089319
2.01062e+06	0.000906191
2.01072e+06	0.000910233
2.01082e+06	0.000905196
2.01092e+06	0.000891229
2.01102e+06	0.000868747
2.01112e+06	0.000838406
2.01122e+06	0.000801074
2.01132e+06	0.000757788
2.01142e+06	0.000709708
2.01152e+06	0.000658066
2.01162e+06	0.000604109
2.01172e+06	0.000549059
2.01182e+06	0.00049406
2.01192e+06	0.000440146
2.01202e+06	0.000388214
2.01212e+06	0.000339003
2.01222e+06	0.000293084
2.01232e+06	0.000250864
2.01242e+06	0.000212589
2.01252e+06	0.000178361
2.01262e+06	0.000148155
2.01272e+06	0.00012184
2.01282e+06	9.92023e-05
2.01292e+06	7.99669e-05
2.01302e+06	6.38197e-05
2.01312e+06	5.04263e-05
2.01322e+06	3.94472e-05
2.01332e+06	3.05515e-05
2.01342e+06	2.34264e-05
2.01352e+06	1.77843e-05
2.01362e+06	1.33667e-05
2.01372e+06	9.94646e-06
2.01382e+06	7.32774e-06
2.01392e+06	5.34476e-06
2.01402e+06	3.85962e-06
2.01412e+06	2.75941e-06
2.01422e+06	1.9532e-06
2.01432e+06	1.36878e-06
2.01442e+06	9.4968e-07
2.01452e+06	6.52347e-07
2.01462e+06	4.43646e-07
2.01472e+06	2.98711e-07
2.01482e+06	1.99124e-07
2.01492e+06	1.31417e-07
2.01502e+06	8.58695e-08
2.01512e+06	5.55498e-08
2.01522e+06	3.55781e-08
2.01532e+06	2.256e-08
2.01542e+06	1.4163e-08
2.01552e+06	8.8029e-09
2.01562e+06	5.41694e-09
2.01572e+06	3.3002e-09
2.01582e+06	1.99059e-09
2.01592e+06	1.18873e-09
2.01602e+06	7.02812e-10
2.01612e+06	4.11389e-10
2.01622e+06	2.3841e-10
2.01632e+06	1.36789e-10
2.01642e+06	7.77028e-11
2.01652e+06	4.36997e-11
2.01662e+06	2.4332e-11
2.01672e+06	1.34132e-11
2.01682e+06	7.32061e-12
2.01692e+06	3.95565e-12
2.01702e+06	2.11614e-12
2.01712e+06	1.1208e-12
2.01722e+06	5.8772e-13
2.01732e+06	3.05119e-13
2.01742e+06	1.56828e-13
2.01752e+06	7.98063e-14
2.01762e+06	4.02075e-14
2.01772e+06	2.00555e-14
2.01782e+06	9.90415e-15
2.01792e+06	4.84237e-15
2.01802e+06	2.34399e-15
2.01812e+06	1.12334e-15
2.01822e+06	5.32995e-16
2.01832e+06	2.50375e-16
2.01842e+06	1.16444e-16
2.01852e+06	5.36168e-17
2.01862e+06	2.44423e-17
2.01872e+06	1.10316e-17
2.01882e+06	4.92939e-18
2.01892e+06	2.18074e-18
2.01902e+06	9.55152e-19
2.01912e+06	4.14189e-19
2.01922e+06	1.7782e-19
2.01932e+06	7.55823e-20
2.01942e+06	3.18066e-20
2.01952e+06	1.32517e-20
2.01962e+06	5.46615e-21
2.01972e+06	2.23228e-21
2.01982e+06	9.02555e-22
2.01992e+06	3.6129e-22
2.02002e+06	1.43184e-22
2.02012e+06	5.61812e-23
2.02022e+06	2.18245e-23
2.02032e+06	8.39371e-24
2.02042e+06	3.19611e-24
2.02052e+06	1.20488e-24
2.02062e+06	4.49704e-25
2.02072e+06	1.66175e-25
2.02082e+06	6.0794e-26
2.02092e+06	2.20198e-26
2.02102e+06	7.89628e-27
2.02112e+06	2.80343e-27
2.02122e+06	9.854e-28
2.02132e+06	3.4292e-28
2.02142e+06	1.18149e-28
2.02152e+06	4.03019e-29
2.02162e+06	1.36106e-29
2.02172e+06	4.55079e-30
2.02182e+06	1.50644e-30
2.02192e+06	4.93714e-31
2.02202e+06	1.60198e-31
2.02212e+06	5.14627e-32
2.02222e+06	1.63677e-32
2.02232e+06	5.15393e-33
2.02242e+06	1.60674e-33
2.02252e+06	4.9592e-34
2.02262e+06	1.51542e-34
2.02272e+06	4.58473e-35
2.02282e+06	1.37325e-35
2.02292e+06	4.07234e-36
2.02302e+06	1.19562e-36
2.02312e+06	3.47538e-37
2.02322e+06	1.00015e-37
2.02332e+06	2.84963e-38
2.02342e+06	8.03836e-39
2.02352e+06	2.24493e-39
2.02362e+06	6.20721e-40
2.02372e+06	1.69921e-40
2.02382e+06	4.60532e-41
2.02392e+06	1.236e-41
2.02402e+06	3.29441e-42
2.02412e+06	9.11044e-43
2.02422e+06	4.17658e-43
2.02432e+06	8.30799e-43
2.02442e+06	3.08142e-42
2.02452e+06	1.20511e-41
2.02462e+06	4.68583e-41
2.02472e+06	1.80436e-40
2.02482e+06	6.87898e-40
2.02492e+06	2.59646e-39
2.02502e+06	9.70282e-39
2.02512e+06	3.5898e-38
2.02522e+06	1.31492e-37
2.02532e+06	4.76856e-37
2.02542e+06	1.71211e-36
2.02552e+06	6.086e-36
2.02562e+06	2.14185e-35
2.02572e+06	7.46286e-35
2.02582e+06	2.57441e-34
2.02592e+06	8.79238e-34
2.02602e+06	2.97299e-33
2.02612e+06	9.9526e-33
2.02622e+06	3.29866e-32
2.02632e+06	1.08242e-31
2.02642e+06	3.51649e-31
2.02652e+06	1.13105e-30
2.02662e+06	3.60172e-30
2.02672e+06	1.13552e-29
2.02682e+06	3.54437e-29
2.02692e+06	1.09532e-28
2.02702e+06	3.35117e-28
2.02712e+06	1.01511e-27
2.02722e+06	3.04427e-27
2.02732e+06	9.03881e-27
2.02742e+06	2.65703e-26
2.02752e+06	7.73285e-26
2.02762e+06	2.22812e-25
2.02772e+06	6.35618e-25
2.02782e+06	1.79519e-24
2.02792e+06	5.01974e-24
2.02802e+06	1.38966e-23
2.02812e+06	3.80886e-23
2.02822e+06	1.03356e-22
2.02832e+06	2.77675e-22
2.02842e+06	7.38573e-22
2.02852e+06	1.94494e-21
2.02862e+06	5.07081e-21
2.02872e+06	1.3089e-20
2.02882e+06	3.34495e-20
2.02892e+06	8.46315e-20
2.02902e+06	2.11998e-19
2.02912e+06	5.2576e-19
2.02922e+06	1.29092e-18
2.02932e+06	3.13813e-18
2.02942e+06	7.55264e-18
2.02952e+06	1.79963e-17
2.02962e+06	4.24546e-17
2.02972e+06	9.9157e-17
2.02982e+06	2.29287e-16
2.02992e+06	5.24919e-16
2.03002e+06	1.18977e-15
2.03012e+06	2.66987e-15
2.03022e+06	5.93163e-15
2.03032e+06	1.30471e-14
2.03042e+06	2.84128e-14
2.03052e+06	6.12589e-14
2.03062e+06	1.30762e-13
2.03072e+06	2.76345e-13
2.03082e+06	5.782e-13
2.03092e+06	1.19774e-12
2.03102e+06	2.45642e-12
2.03112e+06	4.98771e-12
2.03122e+06	1.00267e-11
2.03132e+06	1.99558e-11
2.03142e+06	3.93223e-11
2.03152e+06	7.67123e-11
2.03162e+06	1.48166e-10
2.03172e+06	2.83328e-10
2.03182e+06	5.36399e-10
2.03192e+06	1.00541e-09
2.03202e+06	1.86576e-09
2.03212e+06	3.42787e-09
2.03222e+06	6.23521e-09
2.03232e+06	1.12288e-08
2.03242e+06	2.00205e-08
2.03252e+06	3.53405e-08
2.03262e+06	6.17629e-08
2.03272e+06	1.06866e-07
2.03282e+06	1.83067e-07
2.03292e+06	3.10481e-07
2.03302e+06	5.21338e-07
2.03312e+06	8.66682e-07
2.03322e+06	1.42645e-06
2.03332e+06	2.32441e-06
2.03342e+06	3.74995e-06
2.03352e+06	5.98955e-06
2.03362e+06	9.47155e-06
2.03372e+06	1.48288e-05
2.03382e+06	2.29851e-05
2.03392e+06	3.52731e-05
2.03402e+06	5.35919e-05
2.03412e+06	8.06142e-05
2.03422e+06	0.000120055
2.03432e+06	0.000177014
2.03442e+06	0.0002584
2.03452e+06	0.000373451
2.03462e+06	0.000534358
2.03472e+06	0.000756988
2.03482e+06	0.0010617
2.03492e+06	0.00147426
2.03502e+06	0.00202675
2.03512e+06	0.00275858
2.03522e+06	0.00371731
2.03532e+06	0.00495939
2.03542e+06	0.00655067
2.03552e+06	0.00856644
2.03562e+06	0.011091
2.03572e+06	0.0142168
2.03582e+06	0.0180422
2.03592e+06	0.0226691
2.03602e+06	0.0281991
2.03612e+06	0.0347293
2.03622e+06	0.042346
2.03632e+06	0.0511196
2.03642e+06	0.0610971
2.03652e+06	0.0722954
2.03662e+06	0.0846951
2.03672e+06	0.0982346
2.03682e+06	0.112805
2.03692e+06	0.128248
2.03702e+06	0.144354
2.03712e+06	0.160867
2.03722e+06	0.177485
2.03732e+06	0.193872
2.03742e+06	0.209666
2.03752e+06	0.22449
2.03762e+06	0.237972
2.03772e+06	0.249754
2.03782e+06	0.259512
2.03792e+06	0.26697
2.03802e+06	0.27191
2.03812e+06	0.274187
2.03822e+06	0.273733
2.03832e+06	0.270563
2.03842e+06	0.264769
2.03852e+06	0.256523
2.03862e+06	0.246062
2.03872e+06	0.23368
2.03882e+06	0.219715
2.03892e+06	0.20453
2.03902e+06	0.188502
2.03912e+06	0.172003
2.03922e+06	0.155387
2.03932e+06	0.138981
2.03942e+06	0.123072
2.03952e+06	0.1079
2.03962e+06	0.093659
2.03972e+06	0.0804892
2.03982e+06	0.068484
2.03992e+06	0.0576904
2.04002e+06	0.0481151
2.04012e+06	0.0397304
2.04022e+06	0.032481
2.04032e+06	0.0262906
2.04042e+06	0.0210687
2.04052e+06	0.0167163
2.04062e+06	0.0131314
2.04072e+06	0.0102128
2.04082e+06	0.00786415
2.04092e+06	0.0059955
2.04102e+06	0.00452553
2.04112e+06	0.00338208
2.04122e+06	0.00250247
2.04132e+06	0.00183327
2.04142e+06	0.00132972
2.04152e+06	0.000954917
2.04162e+06	0.000678966
2.04172e+06	0.000477978
2.04182e+06	0.000333154
2.04192e+06	0.000229913
2.04202e+06	0.000157095
2.04212e+06	0.000106279
2.04222e+06	7.11893e-05
2.04232e+06	4.72139e-05
2.04242e+06	3.10037e-05
2.04252e+06	2.01581e-05
2.04262e+06	1.29771e-05
2.04272e+06	8.27185e-06
2.04282e+06	5.22066e-06
2.04292e+06	3.2625e-06
2.04302e+06	2.01873e-06
2.04312e+06	1.23684e-06
2.04322e+06	7.50347e-07
2.04332e+06	4.50737e-07
2.04342e+06	2.68103e-07
2.04352e+06	1.57908e-07
2.04362e+06	9.2094e-08
2.04372e+06	5.31851e-08
2.04382e+06	3.04147e-08
