267104	1.61887e-06
267204	2.65575e-06
267304	4.31341e-06
267404	6.93602e-06
267504	1.10422e-05
267604	1.74045e-05
267704	2.71595e-05
267804	4.19605e-05
267904	6.41823e-05
268004	9.71958e-05
268104	0.000145726
268204	0.000216313
268304	0.000317897
268404	0.000462538
268504	0.000666292
268604	0.000950253
268704	0.00134175
268804	0.00187568
268904	0.002596
269004	0.0035572
269104	0.00482578
269204	0.00648163
269304	0.00861903
269404	0.0113472
269504	0.0147903
269604	0.0190863
269704	0.0243851
269804	0.0308449
269904	0.0386278
270004	0.0478932
270104	0.0587901
270204	0.0714482
270304	0.0859678
270404	0.102409
270504	0.12078
270604	0.14103
270704	0.163036
270804	0.186601
270904	0.211447
271004	0.237216
271104	0.263479
271204	0.289737
271304	0.315441
271404	0.340009
271504	0.362844
271604	0.383359
271704	0.401005
271804	0.415288
271904	0.425801
272004	0.432236
272104	0.434403
272204	0.432236
272304	0.425801
272404	0.415288
272504	0.401005
272604	0.383359
272704	0.362844
272804	0.340009
272904	0.315441
273004	0.289737
273104	0.263479
273204	0.237216
273304	0.211447
273404	0.186601
273504	0.163036
273604	0.14103
273704	0.12078
273804	0.102409
273904	0.0859678
274004	0.0714482
274104	0.0587901
274204	0.0478932
274304	0.0386278
274404	0.0308449
274504	0.0243851
274604	0.0190863
274704	0.0147903
274804	0.0113472
274904	0.00861903
275004	0.00648163
275104	0.00482578
275204	0.0035572
275304	0.002596
275404	0.00187569
275504	0.00134176
275604	0.000950268
275704	0.00066632
275804	0.000462588
275904	0.000317987
276004	0.00021647
276104	0.000145999
276204	9.76648e-05
276304	6.4981e-05
276404	4.3307e-05
276504	2.94071e-05
276604	2.11189e-05
276704	1.71196e-05
276804	1.67806e-05
276904	2.01018e-05
277004	2.77246e-05
277104	4.10272e-05
277204	6.23107e-05
277304	9.50914e-05
277404	0.000144521
277504	0.00021796
277604	0.000325739
277704	0.000482137
277804	0.000706622
277904	0.00102538
278004	0.00147314
278104	0.0020954
278204	0.00295086
278304	0.00411421
278404	0.00567914
278504	0.00776131
278604	0.0105013
278704	0.0140673
278804	0.0186567
278904	0.0244972
279004	0.031846
279104	0.0409874
279204	0.0522279
279304	0.0658888
279404	0.0822958
279504	0.101766
279604	0.12459
279704	0.151015
279804	0.181223
279904	0.21531
280004	0.253264
280104	0.294944
280204	0.340065
280304	0.388188
280404	0.438711
280504	0.490877
280604	0.543781
280704	0.596392
280804	0.647585
280904	0.696176
281004	0.740966
281104	0.78079
281204	0.814569
281304	0.841352
281404	0.86037
281504	0.871064
281604	0.873115
281704	0.866463
281804	0.851306
281904	0.828091
282004	0.797495
282104	0.760387
282204	0.717792
282304	0.670841
282404	0.620722
282504	0.568634
282604	0.515733
282704	0.463099
282804	0.411699
282904	0.362362
283004	0.315765
283104	0.272421
283204	0.232689
283304	0.196773
283404	0.164746
283504	0.136559
283604	0.112068
283704	0.0910548
283804	0.0732453
283904	0.0583329
284004	0.0459943
284104	0.0359048
284204	0.0277496
284304	0.0212334
284404	0.0160856
284504	0.0120646
284604	0.00895875
284704	0.00658624
284804	0.00479386
284904	0.00345453
285004	0.00246462
285104	0.00174088
285204	0.00121743
285304	0.000842902
285404	0.000577786
285504	0.000392115
285604	0.000263462
285704	0.000175258
285804	0.000115424
285904	7.52611e-05
286004	4.85851e-05
286104	3.10521e-05
286204	1.96489e-05
286304	1.23095e-05
286404	7.63486e-06
286504	4.68833e-06
286604	2.85031e-06
286704	1.71563e-06
286804	1.02238e-06
286904	6.03195e-07
287004	3.52339e-07
287104	2.0376e-07
287204	1.16664e-07
287304	6.61317e-08
287404	3.71142e-08
287504	2.06219e-08
287604	1.13442e-08
287704	6.17839e-09
287804	3.33146e-09
287904	1.77848e-09
288004	9.3999e-10
288104	4.91873e-10
288204	2.54824e-10
288304	1.30703e-10
288404	6.63721e-11
288504	3.33691e-11
288604	1.66096e-11
288704	8.18525e-12
288804	3.99357e-12
288904	1.92907e-12
289004	9.22554e-13
289104	4.3681e-13
289204	2.04762e-13
289304	9.50309e-14
289404	4.36653e-14
289504	1.98639e-14
289604	8.94646e-15
289704	3.98928e-15
289804	1.76114e-15
289904	7.69753e-16
290004	3.33093e-16
290104	1.42704e-16
290204	6.05292e-17
290304	2.54185e-17
290404	1.0568e-17
290504	4.35003e-18
290604	1.77276e-18
290704	7.15257e-19
290804	2.85715e-19
290904	1.12995e-19
291004	4.42431e-20
291104	1.71509e-20
291204	6.58242e-21
291304	2.50116e-21
291404	9.40924e-22
291504	3.50449e-22
291604	1.29227e-22
291704	4.71776e-23
291804	1.70521e-23
291904	6.10204e-24
292004	2.16187e-24
292104	7.58303e-25
292204	2.63337e-25
292304	9.05396e-26
292404	3.08192e-26
292504	1.03863e-26
292604	3.46545e-27
292704	1.14476e-27
292804	3.74392e-28
292904	1.21226e-28
293004	3.88616e-29
293104	1.2334e-29
293204	3.87564e-30
293304	1.2057e-30
293404	3.7136e-31
293504	1.13242e-31
293604	3.4188e-32
293704	1.02188e-32
293804	3.024e-33
293904	8.85973e-34
294004	2.5699e-34
294104	7.38024e-35
294204	2.09836e-35
294304	5.90675e-36
294404	1.64616e-36
294504	4.54208e-37
294604	1.24078e-37
294704	3.35575e-38
294804	8.98549e-39
294904	2.38205e-39
295004	6.25199e-40
295104	1.62459e-40
295204	4.17949e-41
295304	1.06454e-41
295404	2.68446e-42
295504	6.70207e-43
295604	1.6566e-43
295704	4.05401e-44
295804	9.82218e-45
295904	2.35607e-45
296004	5.59533e-46
296104	1.31559e-46
296204	3.06247e-47
296304	7.05798e-48
296404	1.61045e-48
296504	3.63805e-49
296604	8.13671e-50
296704	1.80171e-50
296804	3.94984e-51
296904	8.57295e-52
297004	1.84221e-52
297104	3.91925e-53
297204	8.25516e-54
297304	1.72149e-54
297404	3.55419e-55
297504	7.26498e-56
297604	1.47023e-56
297704	2.94572e-57
297804	5.84328e-58
297904	1.14757e-58
298004	2.23129e-59
298104	4.29529e-60
298204	8.18625e-61
298304	1.54467e-61
298404	2.88563e-62
298504	5.3371e-63
298604	9.77296e-64
298704	1.77176e-64
298804	3.18009e-65
298904	5.65108e-66
299004	9.94215e-67
299104	1.73175e-67
299204	2.98641e-68
299304	5.09882e-69
299404	8.61881e-70
299504	1.44239e-70
299604	2.38986e-71
299704	3.92032e-72
299804	6.36689e-73
299904	1.02374e-73
300004	1.62971e-74
300104	2.56854e-75
300204	4.00793e-76
300304	6.19171e-77
300404	9.47019e-78
300504	1.43405e-78
300604	2.14994e-79
300704	3.19113e-80
300804	4.68944e-81
300904	6.82266e-82
301004	9.82752e-83
301104	1.40149e-83
301204	1.97877e-84
301304	2.76603e-85
301404	3.82803e-86
301504	5.24507e-87
301604	7.11514e-88
301704	9.55594e-89
301804	1.27063e-89
301904	1.67272e-90
302004	2.18014e-91
302104	2.81321e-92
302204	3.59399e-93
302304	4.54579e-94
302404	5.69243e-95
302504	7.05739e-96
302604	8.66258e-97
302704	1.05271e-97
302804	1.26656e-98
302904	1.50869e-99
303004	1.77922e-100
303104	2.07739e-101
303204	2.4014e-102
303304	2.74831e-103
303404	3.11405e-104
303504	3.49335e-105
303604	3.87986e-106
303704	4.26626e-107
303804	4.64445e-108
303904	5.00587e-109
304004	5.34172e-110
304104	5.64339e-111
304204	5.90278e-112
304304	6.11265e-113
304404	6.267e-114
304504	6.36131e-115
304604	6.3928e-116
304704	6.36051e-117
304804	6.26542e-118
304904	6.11035e-119
305004	5.89981e-120
305104	5.63985e-121
305204	5.3377e-122
305304	5.00147e-123
305404	4.63979e-124
305504	4.26144e-125
305604	3.87499e-126
305704	3.48853e-127
305804	3.10936e-128
305904	2.74383e-129
306004	2.39718e-130
306104	2.07348e-131
306204	1.77565e-132
306304	1.50547e-133
306404	1.2637e-134
306504	1.0502e-135
306604	8.64085e-137
306704	7.03881e-138
306804	5.67673e-139
306904	4.53268e-140
307004	3.58318e-141
307104	2.80439e-142
307204	2.17303e-143
307304	1.66706e-144
307404	1.26617e-145
307504	9.5212e-147
307604	7.08839e-148
307704	5.22469e-149
307804	3.81268e-150
307904	2.75459e-151
308004	1.97034e-152
308104	1.39535e-153
308204	9.7832e-155
308304	6.79104e-156
308404	4.66712e-157
308504	3.17554e-158
308604	2.13917e-159
308704	1.42668e-160
308804	9.42038e-162
308904	6.15837e-163
309004	3.98585e-164
309104	2.55407e-165
309204	1.62032e-166
309304	1.01772e-167
309404	6.32863e-169
309504	3.89628e-170
309604	2.37491e-171
309704	1.43318e-172
309804	8.56272e-174
309904	5.065e-175
310004	2.96623e-176
310104	1.71984e-177
310204	9.87249e-179
310304	5.61078e-180
310404	3.15701e-181
310504	1.75868e-182
310604	9.69961e-184
310704	5.29638e-185
310804	2.86326e-186
310904	1.5325e-187
311004	8.12073e-189
311104	4.26037e-190
311204	2.21288e-191
311304	1.13795e-192
311404	5.7936e-194
311504	2.92031e-195
311604	1.45736e-196
311704	7.2005e-198
311804	3.52221e-199
311904	1.70578e-200
312004	8.17881e-202
312104	3.88252e-203
312204	1.82471e-204
312304	8.49047e-206
312404	3.91134e-207
312504	1.78393e-208
312604	8.05538e-210
312704	3.60124e-211
312804	1.59395e-212
312904	6.98481e-214
313004	3.03034e-215
313104	1.30162e-216
313204	5.53524e-218
313304	2.33047e-219
313404	9.71425e-221
313504	4.00896e-222
313604	1.63799e-223
313704	6.62593e-225
313804	2.65363e-226
313904	1.05218e-227
314004	4.13045e-229
314104	1.60532e-230
314204	6.17709e-232
314304	2.35322e-233
314404	8.8756e-235
314504	3.31429e-236
314604	1.22529e-237
314704	4.48484e-239
314804	1.62522e-240
314904	5.83085e-242
315004	2.07114e-243
315104	7.28358e-245
315204	2.53593e-246
315304	8.7415e-248
315404	2.98327e-249
315504	1.00799e-250
315604	3.37191e-252
315704	1.11674e-253
315804	3.66174e-255
315904	1.18872e-256
316004	3.82056e-258
316104	1.21572e-259
316204	3.82997e-261
316304	1.19458e-262
316404	3.68886e-264
316504	1.12778e-265
316604	3.41363e-267
316704	1.02297e-268
316804	3.03507e-270
316904	8.9152e-272
317004	2.59269e-273
317104	7.46494e-275
317204	2.12794e-276
317304	6.00551e-278
317404	1.67802e-279
317504	4.64196e-281
317604	1.27134e-282
317704	3.44732e-284
317804	9.25458e-286
317904	2.45974e-287
318004	6.4726e-289
318104	1.68626e-290
318204	4.3494e-292
318304	1.11068e-293
318404	2.80807e-295
318504	7.02882e-297
318604	1.74187e-298
318704	4.27369e-300
318804	1.03812e-301
318904	2.49662e-303
319004	5.94447e-305
319104	1.4013e-306
319204	3.27043e-308
319304	7.55676e-310
319404	1.72872e-311
319504	3.91534e-313
319604	8.77954e-315
319704	1.94909e-316
319804	4.28399e-318
319904	9.32252e-320
320004	2.00591e-321
320104	4.44659e-323
320204	0
320304	0
320404	0
320504	0
320604	0
320704	0
320804	0
320904	0
321004	0
321104	0
321204	0
321304	0
321404	0
321504	0
321604	0
321704	0
321804	0
321904	0
322004	0
322104	0
322204	0
322304	0
322404	0
322504	0
322604	0
322704	0
322804	0
322904	0
323004	0
323104	0
323204	0
323304	0
323404	0
323504	0
323604	0
323704	0
323804	0
323904	0
324004	0
324104	0
324204	0
324304	0
324404	0
324504	0
324604	0
324704	0
324804	0
324904	0
325004	0
325104	0
325204	0
325304	0
325404	0
325504	0
325604	0
325704	0
325804	0
325904	0
326004	0
326104	0
326204	0
326304	0
326404	0
326504	0
326604	0
326704	0
326804	0
326904	0
327004	0
327104	0
327204	0
327304	0
327404	0
327504	0
327604	0
327704	0
327804	0
327904	0
328004	0
328104	0
328204	0
328304	0
328404	0
328504	0
328604	0
328704	0
328804	0
328904	0
329004	0
329104	0
329204	0
329304	0
329404	0
329504	0
329604	0
329704	0
329804	0
329904	0
330004	0
330104	0
330204	0
330304	0
330404	0
330504	0
330604	0
330704	0
330804	0
330904	0
331004	0
331104	0
331204	0
331304	0
331404	0
331504	0
331604	0
331704	0
331804	0
331904	0
332004	0
332104	0
332204	0
332304	0
332404	0
332504	0
332604	0
332704	0
332804	0
332904	0
333004	0
333104	0
333204	0
333304	0
333404	0
333504	0
333604	0
333704	0
333804	0
333904	0
334004	0
334104	0
334204	0
334304	0
334404	0
334504	0
334604	0
334704	0
334804	0
334904	0
335004	0
335104	0
335204	0
335304	0
335404	0
335504	0
335604	0
335704	0
335804	0
335904	0
336004	0
336104	0
336204	0
336304	0
336404	0
336504	0
336604	0
336704	0
336804	0
336904	0
337004	0
337104	0
337204	0
337304	0
337404	0
337504	0
337604	0
337704	0
337804	0
337904	0
338004	0
338104	0
338204	0
338304	0
338404	0
338504	0
338604	0
338704	0
338804	0
338904	0
339004	0
339104	0
339204	0
339304	0
339404	0
339504	0
339604	0
339704	0
339804	0
339904	0
340004	0
340104	0
340204	0
340304	0
340404	0
340504	0
340604	0
340704	0
340804	0
340904	0
341004	0
341104	0
341204	0
341304	0
341404	0
341504	0
341604	0
341704	0
341804	0
341904	0
342004	0
342104	0
342204	0
342304	0
342404	0
342504	0
342604	0
342704	0
342804	0
342904	0
343004	0
343104	0
343204	0
343304	0
343404	0
343504	0
343604	0
343704	0
343804	0
343904	0
344004	0
344104	0
344204	0
344304	0
344404	0
344504	0
344604	0
344704	0
344804	0
344904	0
345004	0
345104	0
345204	0
345304	0
345404	0
345504	0
345604	0
345704	0
345804	0
345904	0
346004	0
346104	0
346204	0
346304	0
346404	0
346504	0
346604	0
346704	0
346804	0
346904	0
347004	0
347104	0
347204	0
347304	0
347404	0
347504	0
347604	0
347704	0
347804	0
347904	0
348004	0
348104	0
348204	0
348304	0
348404	0
348504	0
348604	0
348704	0
348804	0
348904	0
349004	0
349104	0
349204	0
349304	0
349404	0
349504	0
349604	0
349704	0
349804	0
349904	0
350004	0
350104	0
350204	0
350304	0
350404	0
350504	0
350604	0
350704	0
350804	0
350904	0
351004	0
351104	0
351204	0
351304	0
351404	0
351504	0
351604	0
351704	0
351804	0
351904	0
352004	0
352104	0
352204	0
352304	0
352404	0
352504	0
352604	0
352704	0
352804	0
352904	0
353004	0
353104	0
353204	0
353304	0
353404	0
353504	0
353604	0
353704	0
353804	0
353904	0
354004	0
354104	0
354204	0
354304	0
354404	0
354504	0
354604	0
354704	0
354804	0
354904	0
355004	0
355104	0
355204	0
355304	0
355404	0
355504	0
355604	0
355704	0
355804	0
355904	0
356004	0
356104	0
356204	0
356304	0
356404	0
356504	0
356604	0
356704	0
356804	0
356904	0
357004	0
357104	0
357204	0
357304	0
357404	0
357504	0
357604	0
357704	0
357804	0
357904	0
358004	0
358104	0
358204	0
358304	0
358404	0
358504	0
358604	0
358704	0
358804	0
358904	0
359004	0
359104	0
359204	0
359304	0
359404	0
359504	0
359604	0
359704	0
359804	0
359904	0
360004	0
360104	0
360204	0
360304	0
360404	0
360504	0
360604	0
360704	0
360804	0
360904	0
361004	0
361104	0
361204	0
361304	0
361404	0
361504	0
361604	0
361704	0
361804	0
361904	0
362004	0
362104	0
362204	0
362304	0
362404	0
362504	0
362604	0
362704	0
362804	0
362904	0
363004	0
363104	0
363204	0
363304	0
363404	0
363504	0
363604	0
363704	0
363804	0
363904	0
364004	0
364104	0
364204	0
364304	0
364404	0
364504	0
364604	0
364704	0
364804	0
364904	0
365004	0
365104	0
365204	0
365304	0
365404	0
365504	0
365604	0
365704	0
365804	0
365904	0
366004	0
366104	0
366204	0
366304	0
366404	0
366504	0
366604	0
366704	0
366804	0
366904	0
367004	0
367104	0
367204	0
367304	1.4822e-323
367404	6.07701e-322
367504	2.83149e-320
367604	1.30115e-318
367704	5.91938e-317
367804	2.66613e-315
367904	1.1889e-313
368004	5.24885e-312
368104	2.29425e-310
368204	9.92828e-309
368304	4.25368e-307
368404	1.80432e-305
368504	7.57735e-304
368604	3.1505e-302
368704	1.29688e-300
368804	5.28536e-299
368904	2.13259e-297
369004	8.51917e-296
369104	3.36934e-294
369204	1.31932e-292
369304	5.11458e-291
369404	1.96304e-289
369504	7.4594e-288
369604	2.80631e-286
369704	1.04526e-284
369804	3.85454e-283
369904	1.40727e-281
370004	5.08671e-280
370104	1.82035e-278
370204	6.44955e-277
370304	2.26236e-275
370404	7.85687e-274
370504	2.70144e-272
370604	9.196e-271
370704	3.09927e-269
370804	1.03413e-267
370904	3.41625e-266
371004	1.11733e-264
371104	3.61801e-263
371204	1.15988e-261
371304	3.68144e-260
371404	1.15685e-258
371504	3.59909e-257
371604	1.10858e-255
371704	3.38063e-254
371804	1.02067e-252
371904	3.05091e-251
372004	9.02883e-250
372104	2.64539e-248
372204	7.67372e-247
372304	2.20383e-245
372404	6.26627e-244
372504	1.76399e-242
372604	4.91632e-241
372704	1.35657e-239
372804	3.70595e-238
372904	1.00234e-236
373004	2.68403e-235
373104	7.11568e-234
373204	1.86768e-232
373304	4.8534e-231
373404	1.24867e-229
373504	3.18057e-228
373604	8.02083e-227
373704	2.00258e-225
373804	4.95016e-224
373904	1.21145e-222
374004	2.93527e-221
374104	7.04122e-220
374204	1.67226e-218
374304	3.93205e-217
374404	9.15356e-216
374504	2.10969e-214
374604	4.81397e-213
374704	1.08754e-211
374804	2.43246e-210
374904	5.38644e-209
375004	1.1809e-207
375104	2.56322e-206
375204	5.50824e-205
375304	1.17192e-203
375404	2.46853e-202
375504	5.14799e-201
375604	1.0629e-199
375704	2.17273e-198
375804	4.3972e-197
375904	8.81055e-196
376004	1.74778e-194
376104	3.43264e-193
376204	6.67461e-192
376304	1.28494e-190
376404	2.44903e-189
376504	4.62129e-188
376604	8.63354e-187
376704	1.59688e-185
376804	2.92424e-184
376904	5.30164e-183
377004	9.51623e-182
377104	1.69113e-180
377204	2.9754e-179
377304	5.18287e-178
377404	8.93827e-177
377504	1.52614e-175
377604	2.57982e-174
377704	4.31762e-173
377804	7.1541e-172
377904	1.17361e-170
378004	1.90611e-169
378104	3.065e-168
378204	4.87943e-167
378304	7.6907e-166
378404	1.2001e-164
378504	1.85408e-163
378604	2.83594e-162
378704	4.29458e-161
378804	6.43877e-160
378904	9.55743e-159
379004	1.40455e-157
379104	2.04357e-156
379204	2.94374e-155
379304	4.19823e-154
379404	5.92775e-153
379504	8.28649e-152
379604	1.14686e-150
379704	1.57146e-149
379804	2.13185e-148
379904	2.86329e-147
380004	3.80742e-146
380104	5.0125e-145
380204	6.53333e-144
380304	8.43086e-143
380404	1.07713e-141
380504	1.36244e-140
380604	1.70619e-139
380704	2.1154e-138
380804	2.59666e-137
380904	3.15569e-136
381004	3.79692e-135
381104	4.52298e-134
381204	5.33428e-133
381304	6.2285e-132
381404	7.20026e-131
381504	8.24082e-130
381604	9.3379e-129
381704	1.04758e-127
381804	1.16353e-126
381904	1.27947e-125
382004	1.39295e-124
382104	1.50141e-123
382204	1.60222e-122
382304	1.69278e-121
382404	1.77066e-120
382504	1.8337e-119
382604	1.88009e-118
382704	1.90847e-117
382804	1.918e-116
382904	1.9084e-115
383004	1.87995e-114
383104	1.8335e-113
383204	1.77041e-112
383304	1.69248e-111
383404	1.60188e-110
383504	1.50104e-109
383604	1.39255e-108
383704	1.27906e-107
383804	1.16312e-106
383904	1.04716e-105
384004	9.33391e-105
384104	8.237e-104
384204	7.19667e-103
384304	6.22517e-102
384404	5.33123e-101
384504	4.52024e-100
384604	3.79448e-99
384704	3.15355e-98
384804	2.5948e-97
384904	2.11381e-96
385004	1.70485e-95
385104	1.36132e-94
385204	1.0762e-93
385304	8.42334e-93
385404	6.52727e-92
385504	5.00767e-91
385604	3.80362e-90
385704	2.86032e-89
385804	2.12956e-88
385904	1.56972e-87
386004	1.14555e-86
386104	8.27674e-86
386204	5.92056e-85
386304	4.19299e-84
386404	2.93996e-83
386504	2.04087e-82
386604	1.40264e-81
386704	9.54414e-81
386804	6.42958e-80
386904	4.2883e-79
387004	2.83169e-78
387104	1.85124e-77
387204	1.19822e-76
387304	7.67835e-76
387404	4.87143e-75
387504	3.05986e-74
387604	1.90285e-73
387704	1.17156e-72
387804	7.14134e-72
387904	4.30976e-71
388004	2.57504e-70
388104	1.52325e-69
388204	8.92106e-69
388304	5.17271e-68
388404	2.96946e-67
388504	1.68769e-66
388604	9.49655e-66
388704	5.29049e-65
388804	2.91798e-64
388904	1.59341e-63
389004	8.61446e-63
389104	4.6109e-62
389204	2.44344e-61
389304	1.28196e-60
389404	6.65891e-60
389504	3.42444e-59
389604	1.74354e-58
389704	8.78888e-58
389804	4.38623e-57
389904	2.16723e-56
390004	1.06017e-55
390104	5.13459e-55
390204	2.46202e-54
390304	1.16879e-53
390404	5.49332e-53
390504	2.55618e-52
390604	1.17762e-51
390704	5.37127e-51
390804	2.42552e-50
390904	1.0844e-49
391004	4.7999e-49
391104	2.10345e-48
391204	9.12616e-48
391304	3.92014e-47
391404	1.66714e-46
391504	7.01939e-46
391604	2.92607e-45
391704	1.20761e-44
391804	4.93429e-44
391904	1.99609e-43
392004	7.99453e-43
392104	3.17003e-42
392204	1.24448e-41
392304	4.83697e-41
392404	1.86129e-40
392504	7.09108e-40
392604	2.67466e-39
392704	9.98803e-39
392804	3.69274e-38
392904	1.35169e-37
393004	4.89845e-37
393104	1.75752e-36
393204	6.24305e-36
393304	2.19559e-35
393404	7.64474e-35
393504	2.63531e-34
393604	8.99409e-34
393704	3.03906e-33
393804	1.01667e-32
393904	3.36726e-32
394004	1.10416e-31
394104	3.58461e-31
394204	1.15215e-30
394304	3.66635e-30
394404	1.15509e-29
394504	3.60293e-29
394604	1.11263e-28
394704	3.40177e-28
394804	1.02971e-27
394904	3.08591e-27
395004	9.15604e-27
395104	2.68961e-26
395204	7.82218e-26
395304	2.25228e-25
395404	6.4206e-25
395504	1.81211e-24
395604	5.06352e-24
395704	1.4008e-23
395804	3.83669e-23
395904	1.04039e-22
396004	2.79312e-22
396104	7.42407e-22
396204	1.95367e-21
396304	5.09e-21
396404	1.31293e-20
396504	3.3529e-20
396604	8.47731e-20
396704	2.12204e-19
396804	5.25901e-19
396904	1.29036e-18
397004	3.13457e-18
397104	7.53877e-18
397204	1.79507e-17
397304	4.23172e-17
397404	9.87668e-17
397504	2.28224e-16
397604	5.22119e-16
397704	1.18259e-15
397804	2.6519e-15
397904	5.88756e-15
398004	1.29411e-14
398104	2.81621e-14
398204	6.06757e-14
398304	1.29426e-13
398404	2.7333e-13
398504	5.71489e-13
398604	1.183e-12
398704	2.4245e-12
398804	4.91943e-12
398904	9.88244e-12
399004	1.96549e-11
399104	3.87021e-11
399204	7.54493e-11
399304	1.45624e-10
399404	2.78271e-10
399504	5.26453e-10
399604	9.86073e-10
399704	1.82858e-09
399804	3.35721e-09
399904	6.10237e-09
400004	1.09818e-08
400104	1.95663e-08
400204	3.45145e-08
400304	6.02767e-08
400404	1.04221e-07
400504	1.78409e-07
400604	3.02369e-07
400704	5.07357e-07
400804	8.42844e-07
400904	1.38624e-06
401004	2.25728e-06
401104	3.63907e-06
401204	5.80834e-06
401304	9.17849e-06
401404	1.43598e-05
401504	2.22423e-05
401604	3.41091e-05
401704	5.17866e-05
401804	7.78434e-05
401904	0.000115847
402004	0.000170687
402104	0.000248987
402204	0.000359591
402304	0.00051416
402404	0.000727855
402504	0.00102011
402604	0.0014155
402704	0.00194459
402804	0.00264485
402904	0.00356151
403004	0.00474813
403104	0.00626713
403204	0.00818976
403304	0.0105957
403404	0.0135721
403504	0.0172117
403604	0.02161
403704	0.0268622
403804	0.0330588
403904	0.04028
404004	0.0485903
404104	0.0580318
404204	0.0686182
404304	0.0803285
404404	0.0931017
404504	0.106832
404604	0.121368
404704	0.136509
404804	0.152012
404904	0.167591
405004	0.182929
405104	0.197683
405204	0.211501
405304	0.224034
405404	0.234948
405504	0.243942
405604	0.250761
405704	0.255205
405804	0.257143
405904	0.256519
406004	0.253349
406104	0.247729
406204	0.239823
406304	0.22986
406404	0.218118
406504	0.204917
406604	0.190599
406704	0.175518
406804	0.160021
406904	0.144441
407004	0.129081
407104	0.114206
407204	0.10004
407304	0.0867597
407404	0.0744933
407504	0.0633248
407604	0.0532951
407704	0.0444076
407804	0.0366341
407904	0.0299206
408004	0.0241942
408104	0.0193691
408204	0.015352
408304	0.012047
408404	0.00935941
408504	0.00719906
408604	0.00548226
408704	0.00413335
408804	0.00308534
408904	0.00228016
409004	0.00166838
409104	0.00120866
409204	0.000867025
409304	0.000615975
409404	0.000433621
409504	0.000302826
409604	0.000210412
409704	0.000146468
409804	0.000103772
409904	7.73403e-05
410004	6.4111e-05
410104	6.27767e-05
410204	7.3776e-05
410304	9.94672e-05
410404	0.000144511
410504	0.000216507
410604	0.000326932
410704	0.000492447
410804	0.000736656
410904	0.00109239
411004	0.00160463
411104	0.00233411
411204	0.00336172
411304	0.00479373
411404	0.00676783
411504	0.00945987
411604	0.0130912
411704	0.0179362
411804	0.0243298
411904	0.0326741
412004	0.0434436
412104	0.057188
412204	0.0745318
412304	0.0961691
412404	0.122853
412504	0.15538
412604	0.194562
412704	0.241202
412804	0.296046
412904	0.359745
413004	0.432801
413104	0.515511
413204	0.607919
413304	0.709757
413404	0.82041
413504	0.938878
413604	1.06376
413704	1.19326
413804	1.32521
413904	1.45711
414004	1.58619
414104	1.70953
414204	1.82413
414304	1.92703
414404	2.01549
414504	2.08704
414604	2.13962
414704	2.1717
414804	2.18232
414904	2.17118
415004	2.1386
415104	2.08555
415204	2.01358
415304	1.92475
415404	1.82153
415504	1.7067
415604	1.58319
415704	1.45401
415804	1.32208
415904	1.19016
416004	1.06074
416104	0.935989
416204	0.817692
416304	0.707238
416404	0.605617
416504	0.513438
416604	0.430958
416704	0.358129
416804	0.294646
416904	0.240004
417004	0.19355
417104	0.154535
417204	0.122156
417304	0.0956009
417404	0.0740739
417504	0.0568232
417604	0.0431562
417704	0.0324502
417804	0.0241574
417904	0.0178049
418004	0.0129922
418104	0.00938614
418204	0.00671348
418304	0.00475407
418404	0.00333306
418504	0.00231357
418604	0.00158997
418704	0.00108189
418804	0.000728971
418904	0.000486493
419004	0.000321778
419104	0.000211266
419204	0.000138218
419304	9.09448e-05
419404	6.14684e-05
419504	4.45355e-05
419604	3.69202e-05
419704	3.69587e-05
419804	4.42721e-05
419904	5.96503e-05
420004	8.50757e-05
420104	0.000123881
420204	0.000181037
420304	0.00026359
420404	0.000381245
420504	0.000547139
420604	0.000778807
420704	0.00109938
420804	0.00153906
420904	0.0021368
421004	0.0029424
421104	0.00401881
421204	0.00544472
421304	0.00731747
421404	0.00975613
421504	0.0129046
421604	0.0169348
421704	0.0220493
421804	0.028484
421904	0.0365093
422004	0.0464307
422104	0.0585874
422204	0.0733492
422304	0.0911106
422404	0.112282
422504	0.13728
422604	0.166508
422704	0.200342
422804	0.239109
422904	0.283058
423004	0.332341
423104	0.386982
423204	0.44685
423304	0.511642
423404	0.58086
423504	0.653796
423604	0.729537
423704	0.806963
423804	0.884768
423904	0.961486
424004	1.03553
424104	1.10526
424204	1.16901
424304	1.22516
424404	1.27224
424504	1.30894
424604	1.33422
424704	1.34731
424804	1.3478
424904	1.33562
425004	1.31107
425104	1.27482
425204	1.22784
425304	1.17141
425404	1.10702
425504	1.03634
425604	0.961129
425704	0.883178
425804	0.804244
425904	0.72599
426004	0.649929
426104	0.577395
426204	0.509508
426304	0.447165
426404	0.391033
426504	0.341555
426604	0.298969
426704	0.263322
426804	0.234499
426904	0.212248
427004	0.196204
427104	0.185924
427204	0.180905
427304	0.180616
427404	0.184521
427504	0.192105
427604	0.202905
427704	0.216536
427804	0.232725
427904	0.25135
428004	0.272481
428104	0.296419
428204	0.323742
428304	0.355355
428404	0.392525
428504	0.436918
428604	0.490624
428704	0.556167
428804	0.636489
428904	0.734914
429004	0.855087
429104	1.00087
429204	1.17619
429304	1.38492
429404	1.63062
429504	1.91634
429604	2.24435
429704	2.61591
429804	3.03103
429904	3.4882
430004	3.98425
430104	4.51423
430204	5.07136
430304	5.64705
430404	6.2311
430504	6.81189
430604	7.37679
430704	7.91252
430804	8.40571
430904	8.84342
431004	9.21369
431104	9.50608
431204	9.71214
431304	9.82583
431404	9.84379
431504	9.76549
431604	9.59328
431704	9.33222
431804	8.98985
431904	8.57585
432004	8.10151
432104	7.57929
432204	7.02222
432304	6.44342
432404	5.85555
432504	5.27039
432604	4.69849
432704	4.14892
432804	3.6291
432904	3.14469
433004	2.69969
433104	2.29648
433204	1.93602
433304	1.61802
433404	1.34121
433504	1.10355
433604	0.902505
433704	0.735243
433804	0.598873
433904	0.490611
434004	0.407938
434104	0.348726
434204	0.311328
434304	0.294653
434404	0.2982
434504	0.32208
434604	0.367014
434704	0.434299
434804	0.525768
434904	0.643708
435004	0.790777
435104	0.969874
435204	1.18401
435304	1.43612
435404	1.7289
435504	2.06462
435604	2.44486
435704	2.87034
435804	3.34071
435904	3.85437
436004	4.40827
436104	4.99785
436204	5.61698
436304	6.25794
436404	6.91151
436504	7.56715
436604	8.2132
436704	8.83721
436804	9.42631
436904	9.96763
437004	10.4487
437104	10.8581
437204	11.1855
437304	11.4226
437404	11.5631
437504	11.6032
437604	11.5414
437704	11.3792
437804	11.1205
437904	10.7717
438004	10.3413
438104	9.83983
438204	9.27904
438304	8.67179
438404	8.03135
438504	7.37104
438604	6.70369
438704	6.0413
438804	5.39466
438904	4.77313
439004	4.18444
439104	3.63463
439204	3.12802
439304	2.66729
439404	2.25361
439504	1.88681
439604	1.56559
439704	1.28773
439804	1.05033
439904	0.850017
440004	0.683131
440104	0.545918
440204	0.434659
440304	0.345782
440404	0.275944
440504	0.222087
440604	0.181464
440704	0.151651
440804	0.130537
440904	0.11631
441004	0.10743
441104	0.1026
441204	0.100736
441304	0.100938
441404	0.102465
441504	0.10471
441604	0.107182
441704	0.10949
441804	0.11133
441904	0.112476
442004	0.112768
442104	0.11211
442204	0.110458
442304	0.107819
442404	0.104241
442504	0.0998079
442604	0.0946295
442704	0.0888378
442804	0.0825772
442904	0.0759979
443004	0.0692491
443104	0.0624732
443204	0.0558003
443304	0.0493447
443404	0.043202
443504	0.0374478
443604	0.0321371
443704	0.0273052
443804	0.0229689
443904	0.0191291
444004	0.0157727
444104	0.0128758
444204	0.0104064
444304	0.00832702
444404	0.00659694
444504	0.00517453
444604	0.00401879
444704	0.00309077
444804	0.00235446
444904	0.00177751
445004	0.00133158
445104	0.000992519
445204	0.000740434
445304	0.000559695
445404	0.000438966
445504	0.000371352
445604	0.000354743
445704	0.00039245
445804	0.000494232
445904	0.000677839
446004	0.000971186
446104	0.00141531
446204	0.00206821
446304	0.00300984
446404	0.00434813
446504	0.00622644
446604	0.0088322
446704	0.0124068
446804	0.0172568
446904	0.023765
447004	0.032403
447104	0.0437417
447204	0.058461
447304	0.0773567
447404	0.101342
447504	0.131444
447604	0.168791
447704	0.214595
447804	0.270114
447904	0.336617
448004	0.415321
448104	0.507332
448204	0.613563
448304	0.73466
448404	0.87091
448504	1.02216
448604	1.18776
448704	1.36645
448804	1.5564
448904	1.75512
449004	1.95954
449104	2.16602
449204	2.37045
449304	2.56838
449404	2.75516
449504	2.92615
449604	3.07685
449704	3.20315
449804	3.30148
449904	3.369
450004	3.40373
450104	3.40463
450204	3.37167
450304	3.30584
450404	3.20908
450504	3.08418
450604	2.93468
450704	2.76467
450804	2.57863
450904	2.38119
451004	2.17702
451104	1.97058
451204	1.76598
451304	1.5669
451404	1.37644
451504	1.19712
451604	1.03081
451704	0.878788
451804	0.74174
451904	0.619844
452004	0.512833
452104	0.420081
452204	0.340685
452304	0.27355
452404	0.217463
452504	0.171157
452604	0.133374
452704	0.102899
452804	0.0785983
452904	0.0594403
453004	0.0445055
453104	0.0329921
453204	0.0242143
453304	0.0175954
453404	0.0126587
453504	0.0090167
453604	0.00635873
453704	0.00443975
453804	0.00306911
453904	0.00210055
454004	0.00142338
454104	0.000954934
454204	0.000634298
454304	0.00041714
454404	0.000271607
454504	0.000175096
454604	0.000111764
454704	7.06403e-05
454804	4.42213e-05
454904	2.74344e-05
455004	1.68935e-05
455104	1.03672e-05
455204	6.40596e-06
455304	4.0849e-06
455404	2.82951e-06
455504	2.29986e-06
455604	2.31599e-06
455704	2.81209e-06
455804	3.81083e-06
455904	5.41223e-06
456004	7.79292e-06
456104	1.12136e-05
456204	1.6033e-05
456304	2.27268e-05
456404	3.19115e-05
456504	4.4371e-05
456604	6.10859e-05
456704	8.3263e-05
456804	0.000112363
456904	0.000150126
457004	0.000198585
457104	0.000260072
457204	0.000337208
457304	0.000432871
457404	0.000550144
457504	0.000692232
457604	0.000862351
457704	0.00106359
457804	0.00129873
457904	0.00157009
458004	0.00187925
458104	0.00222691
458204	0.00261262
458304	0.00303465
458404	0.00348977
458504	0.00397322
458604	0.00447864
458704	0.00499811
458804	0.00552234
458904	0.00604083
459004	0.00654226
459104	0.00701481
459204	0.00744666
459304	0.00782643
459404	0.00814372
459504	0.00838956
459604	0.00855683
459704	0.00864059
459804	0.00863835
459904	0.00855019
460004	0.00837871
460104	0.00812898
460204	0.00780821
460304	0.00742548
460404	0.00699124
460504	0.00651691
460604	0.0060143
460704	0.00549524
460804	0.00497101
460904	0.00445205
461004	0.00394759
461104	0.00346546
461204	0.00301195
461304	0.00259174
461404	0.00220796
461504	0.0018623
461604	0.00155512
461704	0.00128569
461804	0.00105236
461904	0.000852805
462004	0.000684215
462104	0.000543491
462204	0.000427414
462304	0.000332784
462404	0.000256528
462504	0.000195777
462604	0.000147927
462704	0.00011066
462804	8.19575e-05
462904	6.00959e-05
463004	4.36273e-05
463104	3.13566e-05
463204	2.23129e-05
463304	1.57196e-05
463404	1.09643e-05
463504	7.57148e-06
463604	5.1765e-06
463704	3.50388e-06
463804	2.34811e-06
463904	1.55792e-06
464004	1.02336e-06
464104	6.65534e-07
464204	4.28517e-07
464304	2.73164e-07
464404	1.72399e-07
464504	1.07722e-07
464604	6.66394e-08
464704	4.08145e-08
464804	2.47488e-08
464904	1.48577e-08
465004	8.83093e-09
465104	5.19658e-09
465204	3.02751e-09
465304	1.74627e-09
465404	9.97228e-10
465504	5.63812e-10
465604	3.15596e-10
465704	1.74898e-10
465804	9.59612e-11
465904	5.21271e-11
466004	2.80342e-11
466104	1.49269e-11
466204	7.86882e-12
466304	4.10682e-12
466404	2.12207e-12
466504	1.0856e-12
466604	5.4984e-13
466704	2.75715e-13
466804	1.36881e-13
466904	6.72792e-14
467004	3.27398e-14
467104	1.57735e-14
467204	7.52383e-15
467304	3.55308e-15
467404	1.66123e-15
467504	7.68971e-16
467604	3.5241e-16
467704	1.59898e-16
467804	7.18282e-17
467904	3.19451e-17
468004	1.4066e-17
468104	6.13187e-18
468204	2.64651e-18
468304	1.13086e-18
468404	4.78415e-19
468504	2.00381e-19
468604	8.3093e-20
468704	3.41138e-20
468804	1.3866e-20
468904	5.57997e-21
469004	2.22315e-21
469104	8.76925e-22
469204	3.42463e-22
469304	1.3241e-22
469404	5.06858e-23
469504	1.92091e-23
469604	7.20754e-24
469704	2.67746e-24
469804	9.84727e-25
469904	3.58563e-25
470004	1.29263e-25
470104	4.61357e-26
470204	1.63027e-26
470304	5.70344e-27
470404	1.97548e-27
470504	6.77431e-28
470604	2.29993e-28
470704	7.73074e-29
470804	2.57267e-29
470904	8.47628e-30
471004	2.76492e-30
471104	8.92931e-31
471204	2.85502e-31
471304	9.03772e-32
471404	2.83247e-32
471504	8.78876e-33
471604	2.6999e-33
471704	8.21155e-34
471804	2.47263e-34
471904	7.37141e-35
472004	2.1757e-35
472104	6.35776e-36
472204	1.83936e-36
472304	5.26849e-37
472404	1.49404e-37
472504	4.19465e-38
472604	1.16597e-38
472704	3.20874e-39
472804	8.74257e-40
472904	2.35831e-40
473004	6.29825e-41
473104	1.66531e-41
473204	4.35942e-42
473304	1.12984e-42
473404	2.89912e-43
473504	7.36495e-44
473604	1.85238e-44
473704	4.61264e-45
473804	1.13717e-45
473904	2.7756e-46
474004	6.70728e-47
474104	1.6047e-47
474204	3.80098e-48
474304	8.91367e-49
474404	2.06954e-49
474504	4.75717e-50
474604	1.08263e-50
474704	2.43932e-51
474804	5.44146e-52
474904	1.20176e-52
475004	2.62771e-53
475104	5.68847e-54
475204	1.21918e-54
475304	2.58702e-55
475404	5.43486e-56
475504	1.1304e-56
475604	2.32775e-57
475704	4.74565e-58
475804	9.57881e-59
475904	1.91419e-59
476004	3.78718e-60
476104	7.41828e-61
476204	1.43863e-61
476304	2.76216e-62
476404	5.25059e-63
476504	9.88153e-64
476604	1.84118e-64
476704	3.39646e-65
476804	6.20317e-66
476904	1.12165e-66
477004	2.00798e-67
477104	3.55891e-68
477204	6.24499e-69
477304	1.08494e-69
477404	1.86609e-70
477504	3.17775e-71
477604	5.35751e-72
477704	8.9426e-73
477804	1.47782e-73
477904	2.41789e-74
478004	3.91658e-75
478104	6.2811e-76
478204	9.97291e-77
478304	1.56771e-77
478404	2.43986e-78
478504	3.75942e-79
478604	5.73502e-80
478704	8.66176e-81
478804	1.29519e-81
478904	1.91743e-82
479004	2.81077e-83
479104	4.10781e-84
479204	7.95101e-85
479304	1.54332e-84
479404	1.0099e-83
479504	6.90025e-83
479604	4.67297e-82
479704	3.1332e-81
479804	2.07989e-80
479904	1.36694e-79
480004	8.89438e-79
480104	5.7298e-78
480204	3.65443e-77
480304	2.30758e-76
480404	1.44262e-75
480504	8.92902e-75
480604	5.47157e-74
480704	3.31954e-73
480804	1.99389e-72
480904	1.18572e-71
481004	6.981e-71
481104	4.06923e-70
481204	2.34835e-69
481304	1.34175e-68
481404	7.5899e-68
481504	4.25068e-67
481604	2.35688e-66
481704	1.29382e-65
481804	7.03181e-65
481904	3.78371e-64
482004	2.0157e-63
482104	1.06314e-62
482204	5.55151e-62
482304	2.87005e-61
482404	1.46901e-60
482504	7.44421e-60
482604	3.73481e-59
482704	1.85513e-58
482804	9.12303e-58
482904	4.44181e-57
483004	2.14111e-56
483104	1.02182e-55
483204	4.82798e-55
483304	2.25847e-54
483404	1.04597e-53
483504	4.79605e-53
483604	2.17723e-52
483704	9.78547e-52
483804	4.35428e-51
483904	1.91826e-50
484004	8.36674e-50
484104	3.61295e-49
484204	1.54463e-48
484304	6.53799e-48
484404	2.73982e-47
484504	1.13672e-46
484604	4.66924e-46
484704	1.89887e-45
484804	7.64538e-45
484904	3.04762e-44
485004	1.20276e-43
485104	4.69955e-43
485204	1.81798e-42
485304	6.96274e-42
485404	2.64014e-41
485504	9.91133e-41
485604	3.68378e-40
485704	1.35554e-39
485804	4.93841e-39
485904	1.78123e-38
486004	6.36077e-38
486104	2.24883e-37
486204	7.87155e-37
486304	2.72785e-36
486404	9.35921e-36
486504	3.17917e-35
486604	1.06917e-34
486704	3.55988e-34
486804	1.1735e-33
486904	3.82987e-33
487004	1.2375e-32
487104	3.95879e-32
487204	1.25382e-31
487304	3.93159e-31
487404	1.22055e-30
487504	3.75147e-30
487604	1.14158e-29
487704	3.43925e-29
487804	1.02584e-28
487904	3.02939e-28
488004	8.85697e-28
488104	2.56374e-27
488204	7.34714e-27
488304	2.08459e-26
488404	5.8557e-26
488504	1.62853e-25
488604	4.48403e-25
488704	1.22236e-24
488804	3.29903e-24
488904	8.81516e-24
489004	2.33202e-23
489104	6.10787e-23
489204	1.58382e-22
489304	4.0661e-22
489404	1.03349e-21
489504	2.60072e-21
489604	6.47944e-21
489704	1.59823e-20
489804	3.90298e-20
489904	9.4365e-20
490004	2.25883e-19
490104	5.35318e-19
490204	1.25602e-18
490304	2.9177e-18
490404	6.71029e-18
490504	1.52791e-17
490604	3.44439e-17
490704	7.68748e-17
490804	1.69868e-16
490904	3.71619e-16
491004	8.04896e-16
491104	1.72599e-15
491204	3.66434e-15
491304	7.70211e-15
491404	1.6028e-14
491504	3.30224e-14
491604	6.73586e-14
491704	1.3603e-13
491804	2.71978e-13
491904	5.38381e-13
492004	1.05512e-12
492104	2.04726e-12
492204	3.93278e-12
492304	7.47969e-12
492404	1.4084e-11
492504	2.62557e-11
492604	4.84595e-11
492704	8.85505e-11
492804	1.60199e-10
492904	2.86937e-10
493004	5.08828e-10
493104	8.93329e-10
493204	1.55278e-09
493304	2.67217e-09
493404	4.55277e-09
493504	7.6797e-09
493604	1.28254e-08
493704	2.12057e-08
493804	3.47131e-08
493904	5.62588e-08
494004	9.02702e-08
494104	1.43402e-07
494204	2.2554e-07
494304	3.51195e-07
494404	5.41416e-07
494504	8.26362e-07
494604	1.24873e-06
494704	1.86819e-06
494804	2.76714e-06
494904	4.05787e-06
495004	5.89147e-06
495104	8.46847e-06
495204	1.20516e-05
495304	1.69801e-05
495404	2.3686e-05
495504	3.27116e-05
495604	4.4727e-05
495704	6.05471e-05
495804	8.11474e-05
495904	0.000107674
496004	0.000141452
496104	0.000183976
496204	0.000236902
496304	0.00030202
496404	0.000381206
496504	0.000476365
496604	0.000589356
496704	0.000721892
496804	0.000875434
496904	0.00105107
497004	0.00124939
497104	0.00147035
497204	0.00171317
497304	0.00197623
497404	0.002257
497504	0.00255201
497604	0.00285687
497704	0.00316633
497804	0.00347439
497904	0.00377448
498004	0.0040597
498104	0.00432302
498204	0.00455761
498304	0.00475713
498404	0.00491597
498504	0.00502957
498604	0.0050946
498704	0.00510911
498804	0.00507269
498904	0.00498641
499004	0.00485283
499104	0.00467583
499204	0.00446046
499304	0.00421267
499404	0.00393906
499504	0.00364657
499604	0.00334221
499704	0.00303278
499804	0.00272461
499904	0.0024234
500004	0.00213404
500104	0.00186053
500204	0.00160593
500304	0.00137239
500404	0.00116113
500504	0.000972623
500604	0.000806611
500704	0.000662279
500804	0.000538363
500904	0.000433277
501004	0.000345234
501104	0.000272345
501204	0.000212707
501304	0.000164475
501404	0.000125915
501504	9.54354e-05
501604	7.16143e-05
501704	5.32044e-05
501804	3.91338e-05
501904	2.84979e-05
502004	2.05462e-05
502104	1.46659e-05
502204	1.03643e-05
502304	7.25153e-06
502404	5.02315e-06
502504	3.44493e-06
502604	2.33906e-06
502704	1.57238e-06
502804	1.04649e-06
502904	6.8955e-07
503004	4.49837e-07
503104	2.90537e-07
503204	1.85782e-07
503304	1.17615e-07
503404	7.37194e-08
503504	4.57463e-08
503604	2.81053e-08
503704	1.70953e-08
503804	1.02949e-08
503904	6.13796e-09
504004	3.62313e-09
504104	2.11739e-09
504204	1.22511e-09
504304	7.01786e-10
504404	3.98009e-10
504504	2.23479e-10
504604	1.24234e-10
504704	6.83752e-11
504804	3.72576e-11
504904	2.00996e-11
505004	1.07354e-11
505104	5.67682e-12
505204	2.97201e-12
505304	1.54046e-12
505404	7.90513e-13
505504	4.01629e-13
505604	2.02021e-13
505704	1.00607e-13
505804	4.96036e-14
505904	2.42135e-14
506004	1.17019e-14
506104	5.59907e-15
506204	2.65235e-15
506304	1.24395e-15
506404	5.77605e-16
506504	2.65532e-16
506604	1.20854e-16
506704	5.44579e-17
506804	2.4295e-17
506904	1.07308e-17
507004	4.69249e-18
507104	2.03157e-18
507204	8.70797e-19
507304	3.69538e-19
507404	1.5526e-19
507504	6.45829e-20
507604	2.65976e-20
507704	1.08465e-20
507804	4.38352e-21
507904	1.76553e-21
508004	7.3463e-22
508104	3.82147e-22
508204	3.92756e-22
508304	7.78244e-22
508404	1.88966e-21
508504	4.71954e-21
508604	1.1739e-20
508704	2.89336e-20
508804	7.06136e-20
508904	1.70624e-19
509004	4.0818e-19
509104	9.66761e-19
509204	2.26696e-18
509304	5.26292e-18
509404	1.20967e-17
509504	2.75272e-17
509604	6.20176e-17
509704	1.38333e-16
509804	3.05487e-16
509904	6.67908e-16
510004	1.44577e-15
510104	3.0984e-15
510204	6.57404e-15
510304	1.38097e-14
510404	2.87207e-14
510504	5.91373e-14
510604	1.20555e-13
510704	2.43313e-13
510804	4.86188e-13
510904	9.61831e-13
511004	1.88387e-12
511104	3.65309e-12
511204	7.01336e-12
511304	1.33306e-11
511404	2.50859e-11
511504	4.67376e-11
511604	8.62107e-11
511704	1.57439e-10
511804	2.84656e-10
511904	5.09549e-10
512004	9.03044e-10
512104	1.58449e-09
512204	2.75249e-09
512304	4.7339e-09
512404	8.06064e-09
512504	1.35887e-08
512604	2.268e-08
512704	3.7477e-08
512804	6.13117e-08
512904	9.93069e-08
513004	1.59247e-07
513104	2.52827e-07
513204	3.97402e-07
513304	6.18435e-07
513404	9.5283e-07
513504	1.45343e-06
513604	2.19497e-06
513704	3.28187e-06
513804	4.85815e-06
513904	7.11997e-06
514004	1.0331e-05
514104	1.4841e-05
514204	2.11077e-05
514304	2.97218e-05
514404	4.14349e-05
514504	5.71894e-05
514604	7.81487e-05
514704	0.000105727
514804	0.000141614
514904	0.000187794
515004	0.000246556
515104	0.000320485
515204	0.000412435
515304	0.000525486
515404	0.000662863
515504	0.000827833
515604	0.00102357
515704	0.00125301
515804	0.0015186
515904	0.00182218
516004	0.00216469
516104	0.002546
516204	0.00296467
516304	0.00341785
516404	0.00390109
516504	0.00440835
516604	0.004932
516704	0.00546295
516804	0.00599085
516904	0.00650439
517004	0.00699168
517104	0.00744071
517204	0.00783978
517304	0.00817806
517404	0.00844605
517504	0.00863603
517604	0.00874242
517704	0.00876207
517804	0.00869437
517904	0.00854136
518004	0.00830755
518104	0.00799974
518204	0.00762669
518304	0.00719868
518404	0.00672709
518504	0.00622384
518604	0.00570094
518704	0.00517001
518804	0.00464188
518904	0.00412623
519004	0.00363136
519104	0.00316405
519204	0.00272944
519304	0.0023311
519404	0.00197109
519504	0.00165009
519604	0.00136762
519704	0.00112223
519804	0.000911706
519904	0.000733305
520004	0.000583945
520104	0.000460379
520204	0.000359349
520304	0.000277699
520404	0.000212466
520504	0.000160939
520604	0.000120696
520704	8.96145e-05
520804	6.58751e-05
520904	4.79426e-05
521004	3.45445e-05
521104	2.4643e-05
521204	1.74047e-05
521304	1.21701e-05
521404	8.4252e-06
521504	5.77461e-06
521604	3.91853e-06
521704	2.63257e-06
521804	1.75103e-06
521904	1.15309e-06
522004	7.51783e-07
522104	4.85264e-07
522204	3.10113e-07
522304	1.96209e-07
522404	1.22907e-07
522504	7.62235e-08
522604	4.68014e-08
