1.52334e+06	2.50281e-07
1.52344e+06	4.10605e-07
1.52354e+06	6.6693e-07
1.52364e+06	1.0725e-06
1.52374e+06	1.70756e-06
1.52384e+06	2.69164e-06
1.52394e+06	4.20071e-06
1.52404e+06	6.4907e-06
1.52414e+06	9.92948e-06
1.52424e+06	1.50393e-05
1.52434e+06	2.25527e-05
1.52444e+06	3.34843e-05
1.52454e+06	4.92216e-05
1.52464e+06	7.16385e-05
1.52474e+06	0.000103232
1.52484e+06	0.000147288
1.52494e+06	0.000208069
1.52504e+06	0.000291032
1.52514e+06	0.00040306
1.52524e+06	0.000552719
1.52534e+06	0.000750502
1.52544e+06	0.00100907
1.52554e+06	0.00134346
1.52564e+06	0.00177122
1.52574e+06	0.0023125
1.52584e+06	0.00298998
1.52594e+06	0.0038287
1.52604e+06	0.00485574
1.52614e+06	0.00609967
1.52624e+06	0.00758988
1.52634e+06	0.0093557
1.52644e+06	0.0114254
1.52654e+06	0.0138251
1.52664e+06	0.0165775
1.52674e+06	0.0197009
1.52684e+06	0.023208
1.52694e+06	0.0271052
1.52704e+06	0.031392
1.52714e+06	0.0360608
1.52724e+06	0.041097
1.52734e+06	0.0464799
1.52744e+06	0.052183
1.52754e+06	0.0581757
1.52764e+06	0.0644247
1.52774e+06	0.0708949
1.52784e+06	0.0775512
1.52794e+06	0.0843591
1.52804e+06	0.091285
1.52814e+06	0.0982965
1.52824e+06	0.105361
1.52834e+06	0.112444
1.52844e+06	0.11951
1.52854e+06	0.126514
1.52864e+06	0.133407
1.52874e+06	0.140126
1.52884e+06	0.146599
1.52894e+06	0.152741
1.52904e+06	0.158452
1.52914e+06	0.163625
1.52924e+06	0.168141
1.52934e+06	0.171882
1.52944e+06	0.174727
1.52954e+06	0.176566
1.52964e+06	0.177302
1.52974e+06	0.176856
1.52984e+06	0.175179
1.52994e+06	0.172249
1.53004e+06	0.16808
1.53014e+06	0.162719
1.53024e+06	0.156247
1.53034e+06	0.148779
1.53044e+06	0.140456
1.53054e+06	0.131439
1.53064e+06	0.121906
1.53074e+06	0.112043
1.53084e+06	0.102034
1.53094e+06	0.0920576
1.53104e+06	0.0822793
1.53114e+06	0.072845
1.53124e+06	0.0638788
1.53134e+06	0.0554798
1.53144e+06	0.0477212
1.53154e+06	0.0406505
1.53164e+06	0.0342911
1.53174e+06	0.0286446
1.53184e+06	0.023694
1.53194e+06	0.0194069
1.53204e+06	0.0157393
1.53214e+06	0.0126393
1.53224e+06	0.0100498
1.53234e+06	0.00791194
1.53244e+06	0.00616733
1.53254e+06	0.00475985
1.53264e+06	0.00363722
1.53274e+06	0.00275183
1.53284e+06	0.00206132
1.53294e+06	0.00152877
1.53304e+06	0.00112255
1.53314e+06	0.000816091
1.53324e+06	0.000587403
1.53334e+06	0.000418599
1.53344e+06	0.000295341
1.53354e+06	0.000206306
1.53364e+06	0.00014268
1.53374e+06	9.76951e-05
1.53384e+06	6.62284e-05
1.53394e+06	4.44504e-05
1.53404e+06	2.9537e-05
1.53414e+06	1.94319e-05
1.53424e+06	1.26568e-05
1.53434e+06	8.16192e-06
1.53444e+06	5.21097e-06
1.53454e+06	3.29384e-06
1.53464e+06	2.06132e-06
1.53474e+06	1.27716e-06
1.53484e+06	7.83434e-07
1.53494e+06	4.75792e-07
1.53504e+06	2.86082e-07
1.53514e+06	1.70302e-07
1.53524e+06	1.00371e-07
1.53534e+06	5.85672e-08
1.53544e+06	3.38343e-08
1.53554e+06	1.93516e-08
1.53564e+06	1.09581e-08
1.53574e+06	6.14339e-09
1.53584e+06	3.40989e-09
1.53594e+06	1.87382e-09
1.53604e+06	1.01947e-09
1.53614e+06	5.49133e-10
1.53624e+06	2.92845e-10
1.53634e+06	1.54616e-10
1.53644e+06	8.08221e-11
1.53654e+06	4.18275e-11
1.53664e+06	2.14314e-11
1.53674e+06	1.08717e-11
1.53684e+06	5.46008e-12
1.53694e+06	2.71493e-12
1.53704e+06	1.33652e-12
1.53714e+06	6.51403e-13
1.53724e+06	3.14327e-13
1.53734e+06	1.50165e-13
1.53744e+06	7.10256e-14
1.53754e+06	3.32596e-14
1.53764e+06	1.54197e-14
1.53774e+06	7.07771e-15
1.53784e+06	3.21637e-15
1.53794e+06	1.4471e-15
1.53804e+06	6.44592e-16
1.53814e+06	2.84269e-16
1.53824e+06	1.24117e-16
1.53834e+06	5.36525e-17
1.53844e+06	2.29618e-17
1.53854e+06	9.72925e-18
1.53864e+06	4.0814e-18
1.53874e+06	1.6951e-18
1.53884e+06	6.97012e-19
1.53894e+06	2.83754e-19
1.53904e+06	1.14367e-19
1.53914e+06	4.56368e-20
1.53924e+06	1.80297e-20
1.53934e+06	7.05208e-21
1.53944e+06	2.73089e-21
1.53954e+06	1.047e-21
1.53964e+06	3.97418e-22
1.53974e+06	1.4935e-22
1.53984e+06	5.55674e-23
1.53994e+06	2.04688e-23
1.54004e+06	7.46484e-24
1.54014e+06	2.6953e-24
1.54024e+06	9.63495e-25
1.54034e+06	3.40996e-25
1.54044e+06	1.19483e-25
1.54054e+06	4.14496e-26
1.54064e+06	1.42361e-26
1.54074e+06	4.84083e-27
1.54084e+06	1.62969e-27
1.54094e+06	5.43184e-28
1.54104e+06	1.79245e-28
1.54114e+06	5.85603e-29
1.54124e+06	1.89416e-29
1.54134e+06	6.06579e-30
1.54144e+06	1.92316e-30
1.54154e+06	6.0367e-31
1.54164e+06	1.87604e-31
1.54174e+06	5.77218e-32
1.54184e+06	1.75831e-32
1.54194e+06	5.30284e-33
1.54204e+06	1.58336e-33
1.54214e+06	4.68064e-34
1.54224e+06	1.3699e-34
1.54234e+06	3.96945e-35
1.54244e+06	1.13875e-35
1.54254e+06	3.23433e-36
1.54264e+06	9.09486e-37
1.54274e+06	2.53201e-37
1.54284e+06	6.97898e-38
1.54294e+06	1.90447e-38
1.54304e+06	5.14536e-39
1.54314e+06	1.3763e-39
1.54324e+06	3.64475e-40
1.54334e+06	9.55607e-41
1.54344e+06	2.48055e-41
1.54354e+06	6.37491e-42
1.54364e+06	1.62202e-42
1.54374e+06	4.08598e-43
1.54384e+06	1.01905e-43
1.54394e+06	2.51621e-44
1.54404e+06	6.15118e-45
1.54414e+06	1.48877e-45
1.54424e+06	3.5674e-46
1.54434e+06	8.46318e-47
1.54444e+06	1.9878e-47
1.54454e+06	4.62242e-48
1.54464e+06	1.0642e-48
1.54474e+06	2.42568e-49
1.54484e+06	5.47395e-50
1.54494e+06	1.223e-50
1.54504e+06	2.70525e-51
1.54514e+06	5.92441e-52
1.54524e+06	1.28452e-52
1.54534e+06	2.75736e-53
1.54544e+06	5.86008e-54
1.54554e+06	1.23302e-54
1.54564e+06	2.56859e-55
1.54574e+06	5.29755e-56
1.54584e+06	1.08172e-56
1.54594e+06	2.1868e-57
1.54604e+06	4.37684e-58
1.54614e+06	8.67301e-59
1.54624e+06	1.70152e-59
1.54634e+06	3.30491e-60
1.54644e+06	6.35535e-61
1.54654e+06	1.20998e-61
1.54664e+06	2.28072e-62
1.54674e+06	4.25621e-63
1.54684e+06	7.86378e-64
1.54694e+06	1.43846e-64
1.54704e+06	2.60507e-65
1.54714e+06	4.67089e-66
1.54724e+06	8.29156e-67
1.54734e+06	1.45724e-67
1.54744e+06	2.5356e-68
1.54754e+06	4.36806e-69
1.54764e+06	7.44996e-70
1.54774e+06	1.25799e-70
1.54784e+06	2.10308e-71
1.54794e+06	3.4809e-72
1.54804e+06	5.70407e-73
1.54814e+06	9.25412e-74
1.54824e+06	1.48642e-74
1.54834e+06	2.36378e-75
1.54844e+06	3.72159e-76
1.54854e+06	5.80105e-77
1.54864e+06	8.95246e-78
1.54874e+06	1.36784e-78
1.54884e+06	2.06911e-79
1.54894e+06	3.09878e-80
1.54904e+06	4.59468e-81
1.54914e+06	6.7449e-82
1.54924e+06	9.80288e-83
1.54934e+06	1.41055e-83
1.54944e+06	2.00947e-84
1.54954e+06	2.83419e-85
1.54964e+06	3.95764e-86
1.54974e+06	5.47141e-87
1.54984e+06	7.48892e-88
1.54994e+06	1.01484e-88
1.55004e+06	1.36154e-89
1.55014e+06	1.80852e-90
1.55024e+06	2.37832e-91
1.55034e+06	3.09654e-92
1.55044e+06	3.99152e-93
1.55054e+06	5.09399e-94
1.55064e+06	6.43628e-95
1.55074e+06	8.05135e-96
1.55084e+06	9.97148e-97
1.55094e+06	1.22266e-97
1.55104e+06	1.48427e-98
1.55114e+06	1.78391e-99
1.55124e+06	2.12272e-100
1.55134e+06	2.50074e-101
1.55144e+06	2.91677e-102
1.55154e+06	3.36816e-103
1.55164e+06	3.8507e-104
1.55174e+06	4.35857e-105
1.55184e+06	4.88433e-106
1.55194e+06	5.41906e-107
1.55204e+06	5.9525e-108
1.55214e+06	6.47339e-109
1.55224e+06	6.96981e-110
1.55234e+06	7.42964e-111
1.55244e+06	7.841e-112
1.55254e+06	8.1928e-113
1.55264e+06	8.4752e-114
1.55274e+06	8.6801e-115
1.55284e+06	8.8015e-116
1.55294e+06	8.83579e-117
1.55304e+06	8.78196e-118
1.55314e+06	8.64161e-119
1.55324e+06	8.41889e-120
1.55334e+06	8.12029e-121
1.55344e+06	7.75436e-122
1.55354e+06	7.33124e-123
1.55364e+06	6.86224e-124
1.55374e+06	6.35932e-125
1.55384e+06	5.83463e-126
1.55394e+06	5.29996e-127
1.55404e+06	4.76639e-128
1.55414e+06	4.24388e-129
1.55424e+06	3.74105e-130
1.55434e+06	3.26499e-131
1.55444e+06	2.82115e-132
1.55454e+06	2.41339e-133
1.55464e+06	2.04403e-134
1.55474e+06	1.71397e-135
1.55484e+06	1.4229e-136
1.55494e+06	1.16951e-137
1.55504e+06	9.51684e-139
1.55514e+06	7.6672e-140
1.55524e+06	6.11559e-141
1.55534e+06	4.82944e-142
1.55544e+06	3.77582e-143
1.55554e+06	2.9227e-144
1.55564e+06	2.23982e-145
1.55574e+06	1.69942e-146
1.55584e+06	1.27657e-147
1.55594e+06	9.49389e-149
1.55604e+06	6.9904e-150
1.55614e+06	5.09585e-151
1.55624e+06	3.6778e-152
1.55634e+06	2.62795e-153
1.55644e+06	1.8591e-154
1.55654e+06	1.3021e-155
1.55664e+06	9.02913e-157
1.55674e+06	6.19873e-158
1.55684e+06	4.21325e-159
1.55694e+06	2.83523e-160
1.55704e+06	1.88893e-161
1.55714e+06	1.24595e-162
1.55724e+06	8.13662e-164
1.55734e+06	5.2607e-165
1.55744e+06	3.36744e-166
1.55754e+06	2.13409e-167
1.55764e+06	1.33901e-168
1.55774e+06	8.31785e-170
1.55784e+06	5.11559e-171
1.55794e+06	3.11485e-172
1.55804e+06	1.87774e-173
1.55814e+06	1.12071e-174
1.55824e+06	6.62224e-176
1.55834e+06	3.87414e-177
1.55844e+06	2.24389e-178
1.55854e+06	1.28673e-179
1.55864e+06	7.30511e-181
1.55874e+06	4.10606e-182
1.55884e+06	2.28497e-183
1.55894e+06	1.2589e-184
1.55904e+06	6.86692e-186
1.55914e+06	3.70841e-187
1.55924e+06	1.98277e-188
1.55934e+06	1.04957e-189
1.55944e+06	5.50059e-191
1.55954e+06	2.85407e-192
1.55964e+06	1.46614e-193
1.55974e+06	7.45666e-195
1.55984e+06	3.75466e-196
1.55994e+06	1.87177e-197
1.56004e+06	9.23832e-199
1.56014e+06	4.51429e-200
1.56024e+06	2.18396e-201
1.56034e+06	1.04606e-202
1.56044e+06	4.96047e-204
1.56054e+06	2.32888e-205
1.56064e+06	1.08251e-206
1.56074e+06	4.98161e-208
1.56084e+06	2.26969e-209
1.56094e+06	1.02381e-210
1.56104e+06	4.57224e-212
1.56114e+06	2.02161e-213
1.56124e+06	8.84955e-215
1.56134e+06	3.83533e-216
1.56144e+06	1.64567e-217
1.56154e+06	6.99097e-219
1.56164e+06	2.94029e-220
1.56174e+06	1.22433e-221
1.56184e+06	5.04739e-223
1.56194e+06	2.06011e-224
1.56204e+06	8.32476e-226
1.56214e+06	3.3305e-227
1.56224e+06	1.31918e-228
1.56234e+06	5.17317e-230
1.56244e+06	2.00847e-231
1.56254e+06	7.72026e-233
1.56264e+06	2.93802e-234
1.56274e+06	1.10697e-235
1.56284e+06	4.12927e-237
1.56294e+06	1.52499e-238
1.56304e+06	5.57595e-240
1.56314e+06	2.0185e-241
1.56324e+06	7.23425e-243
1.56334e+06	2.56694e-244
1.56344e+06	9.0177e-246
1.56354e+06	3.13641e-247
1.56364e+06	1.08001e-248
1.56374e+06	3.68194e-250
1.56384e+06	1.24275e-251
1.56394e+06	4.15289e-253
1.56404e+06	1.37395e-254
1.56414e+06	4.5004e-256
1.56424e+06	1.45944e-257
1.56434e+06	4.68577e-259
1.56444e+06	1.48947e-260
1.56454e+06	4.68747e-262
1.56464e+06	1.4605e-263
1.56474e+06	4.50531e-265
1.56484e+06	1.37595e-266
1.56494e+06	4.16043e-268
1.56504e+06	1.24546e-269
1.56514e+06	3.69131e-271
1.56524e+06	1.08315e-272
1.56534e+06	3.14667e-274
1.56544e+06	9.05049e-276
1.56554e+06	2.57721e-277
1.56564e+06	7.26582e-279
1.56574e+06	2.02804e-280
1.56584e+06	5.60436e-282
1.56594e+06	1.53332e-283
1.56604e+06	4.15332e-285
1.56614e+06	1.11382e-286
1.56624e+06	2.95728e-288
1.56634e+06	7.77368e-290
1.56644e+06	2.0231e-291
1.56654e+06	5.21275e-293
1.56664e+06	1.32976e-294
1.56674e+06	3.35842e-296
1.56684e+06	8.39758e-298
1.56694e+06	2.07889e-299
1.56704e+06	5.09524e-301
1.56714e+06	1.23639e-302
1.56724e+06	2.97032e-304
1.56734e+06	7.06493e-306
1.56744e+06	1.66368e-307
1.56754e+06	3.87873e-309
1.56764e+06	8.95293e-311
1.56774e+06	2.04597e-312
1.56784e+06	4.62901e-314
1.56794e+06	1.0369e-315
1.56804e+06	2.29953e-317
1.56814e+06	5.04896e-319
1.56824e+06	1.09732e-320
1.56834e+06	2.37152e-322
1.56844e+06	4.94066e-324
1.56854e+06	0
1.56864e+06	0
1.56874e+06	0
1.56884e+06	0
1.56894e+06	0
1.56904e+06	0
1.56914e+06	0
1.56924e+06	0
1.56934e+06	0
1.56944e+06	0
1.56954e+06	0
1.56964e+06	0
1.56974e+06	0
1.56984e+06	0
1.56994e+06	0
1.57004e+06	0
1.57014e+06	0
1.57024e+06	0
1.57034e+06	0
1.57044e+06	0
1.57054e+06	0
1.57064e+06	0
1.57074e+06	0
1.57084e+06	0
1.57094e+06	0
1.57104e+06	0
1.57114e+06	0
1.57124e+06	0
1.57134e+06	0
1.57144e+06	0
1.57154e+06	0
1.57164e+06	0
1.57174e+06	0
1.57184e+06	0
1.57194e+06	0
1.57204e+06	0
1.57214e+06	0
1.57224e+06	0
1.57234e+06	0
1.57244e+06	0
1.57254e+06	0
1.57264e+06	0
1.57274e+06	0
1.57284e+06	0
1.57294e+06	0
1.57304e+06	0
1.57314e+06	0
1.57324e+06	0
1.57334e+06	0
1.57344e+06	0
1.57354e+06	0
1.57364e+06	0
1.57374e+06	0
1.57384e+06	0
1.57394e+06	0
1.57404e+06	0
1.57414e+06	0
1.57424e+06	0
1.57434e+06	0
1.57444e+06	0
1.57454e+06	0
1.57464e+06	0
1.57474e+06	0
1.57484e+06	0
1.57494e+06	0
1.57504e+06	0
1.57514e+06	0
1.57524e+06	0
1.57534e+06	0
1.57544e+06	0
1.57554e+06	0
1.57564e+06	0
1.57574e+06	0
1.57584e+06	0
1.57594e+06	0
1.57604e+06	0
1.57614e+06	0
1.57624e+06	0
1.57634e+06	0
1.57644e+06	0
1.57654e+06	0
1.57664e+06	0
1.57674e+06	0
1.57684e+06	0
1.57694e+06	0
1.57704e+06	0
1.57714e+06	0
1.57724e+06	0
1.57734e+06	0
1.57744e+06	0
1.57754e+06	0
1.57764e+06	0
1.57774e+06	0
1.57784e+06	0
1.57794e+06	0
1.57804e+06	0
1.57814e+06	0
1.57824e+06	0
1.57834e+06	0
1.57844e+06	0
1.57854e+06	0
1.57864e+06	0
1.57874e+06	0
1.57884e+06	0
1.57894e+06	0
1.57904e+06	0
1.57914e+06	0
1.57924e+06	0
1.57934e+06	0
1.57944e+06	0
1.57954e+06	0
1.57964e+06	0
1.57974e+06	0
1.57984e+06	0
1.57994e+06	0
1.58004e+06	0
1.58014e+06	0
1.58024e+06	0
1.58034e+06	0
1.58044e+06	0
1.58054e+06	0
1.58064e+06	0
1.58074e+06	0
1.58084e+06	0
1.58094e+06	0
1.58104e+06	0
1.58114e+06	0
1.58124e+06	0
1.58134e+06	0
1.58144e+06	0
1.58154e+06	0
1.58164e+06	0
1.58174e+06	0
1.58184e+06	0
1.58194e+06	0
1.58204e+06	0
1.58214e+06	0
1.58224e+06	0
1.58234e+06	0
1.58244e+06	0
1.58254e+06	0
1.58264e+06	0
1.58274e+06	0
1.58284e+06	0
1.58294e+06	0
1.58304e+06	0
1.58314e+06	0
1.58324e+06	0
1.58334e+06	0
1.58344e+06	0
1.58354e+06	0
1.58364e+06	0
1.58374e+06	0
1.58384e+06	0
1.58394e+06	0
1.58404e+06	0
1.58414e+06	0
1.58424e+06	0
1.58434e+06	0
1.58444e+06	0
1.58454e+06	0
1.58464e+06	0
1.58474e+06	0
1.58484e+06	0
1.58494e+06	0
1.58504e+06	0
1.58514e+06	0
1.58524e+06	0
1.58534e+06	0
1.58544e+06	0
1.58554e+06	0
1.58564e+06	0
1.58574e+06	0
1.58584e+06	0
1.58594e+06	0
1.58604e+06	0
1.58614e+06	0
1.58624e+06	0
1.58634e+06	0
1.58644e+06	0
1.58654e+06	0
1.58664e+06	0
1.58674e+06	0
1.58684e+06	0
1.58694e+06	0
1.58704e+06	0
1.58714e+06	0
1.58724e+06	0
1.58734e+06	0
1.58744e+06	0
1.58754e+06	0
1.58764e+06	0
1.58774e+06	0
1.58784e+06	0
1.58794e+06	0
1.58804e+06	0
1.58814e+06	0
1.58824e+06	0
1.58834e+06	0
1.58844e+06	0
1.58854e+06	0
1.58864e+06	0
1.58874e+06	0
1.58884e+06	0
1.58894e+06	0
1.58904e+06	0
1.58914e+06	0
1.58924e+06	0
1.58934e+06	0
1.58944e+06	0
1.58954e+06	0
1.58964e+06	0
1.58974e+06	0
1.58984e+06	0
1.58994e+06	0
1.59004e+06	0
1.59014e+06	0
1.59024e+06	0
1.59034e+06	0
1.59044e+06	0
1.59054e+06	0
1.59064e+06	0
1.59074e+06	0
1.59084e+06	0
1.59094e+06	0
1.59104e+06	0
1.59114e+06	0
1.59124e+06	0
1.59134e+06	0
1.59144e+06	0
1.59154e+06	0
1.59164e+06	0
1.59174e+06	0
1.59184e+06	0
1.59194e+06	0
1.59204e+06	0
1.59214e+06	0
1.59224e+06	0
1.59234e+06	0
1.59244e+06	0
1.59254e+06	0
1.59264e+06	0
1.59274e+06	0
1.59284e+06	0
1.59294e+06	0
1.59304e+06	0
1.59314e+06	0
1.59324e+06	0
1.59334e+06	0
1.59344e+06	0
1.59354e+06	0
1.59364e+06	0
1.59374e+06	0
1.59384e+06	0
1.59394e+06	0
1.59404e+06	0
1.59414e+06	0
1.59424e+06	0
1.59434e+06	0
1.59444e+06	0
1.59454e+06	0
1.59464e+06	0
1.59474e+06	0
1.59484e+06	0
1.59494e+06	0
1.59504e+06	0
1.59514e+06	0
1.59524e+06	0
1.59534e+06	0
1.59544e+06	0
1.59554e+06	0
1.59564e+06	0
1.59574e+06	0
1.59584e+06	0
1.59594e+06	0
1.59604e+06	0
1.59614e+06	0
1.59624e+06	0
1.59634e+06	0
1.59644e+06	0
1.59654e+06	0
1.59664e+06	0
1.59674e+06	0
1.59684e+06	0
1.59694e+06	0
1.59704e+06	0
1.59714e+06	0
1.59724e+06	0
1.59734e+06	0
1.59744e+06	0
1.59754e+06	0
1.59764e+06	0
1.59774e+06	0
1.59784e+06	0
1.59794e+06	0
1.59804e+06	0
1.59814e+06	0
1.59824e+06	0
1.59834e+06	0
1.59844e+06	0
1.59854e+06	0
1.59864e+06	0
1.59874e+06	0
1.59884e+06	0
1.59894e+06	0
1.59904e+06	0
1.59914e+06	0
1.59924e+06	0
1.59934e+06	0
1.59944e+06	0
1.59954e+06	0
1.59964e+06	0
1.59974e+06	0
1.59984e+06	0
1.59994e+06	0
1.60004e+06	0
1.60014e+06	0
1.60024e+06	0
1.60034e+06	0
1.60044e+06	0
1.60054e+06	0
1.60064e+06	0
1.60074e+06	0
1.60084e+06	0
1.60094e+06	0
1.60104e+06	0
1.60114e+06	0
1.60124e+06	0
1.60134e+06	0
1.60144e+06	0
1.60154e+06	0
1.60164e+06	0
1.60174e+06	0
1.60184e+06	0
1.60194e+06	0
1.60204e+06	0
1.60214e+06	0
1.60224e+06	0
1.60234e+06	0
1.60244e+06	0
1.60254e+06	0
1.60264e+06	0
1.60274e+06	0
1.60284e+06	0
1.60294e+06	0
1.60304e+06	0
1.60314e+06	0
1.60324e+06	0
1.60334e+06	0
1.60344e+06	0
1.60354e+06	0
1.60364e+06	0
1.60374e+06	0
1.60384e+06	0
1.60394e+06	0
1.60404e+06	0
1.60414e+06	0
1.60424e+06	0
1.60434e+06	0
1.60444e+06	0
1.60454e+06	0
1.60464e+06	0
1.60474e+06	0
1.60484e+06	0
1.60494e+06	0
1.60504e+06	0
1.60514e+06	0
1.60524e+06	0
1.60534e+06	0
1.60544e+06	0
1.60554e+06	0
1.60564e+06	0
1.60574e+06	0
1.60584e+06	0
1.60594e+06	0
1.60604e+06	0
1.60614e+06	0
1.60624e+06	0
1.60634e+06	0
1.60644e+06	0
1.60654e+06	0
1.60664e+06	0
1.60674e+06	0
1.60684e+06	0
1.60694e+06	0
1.60704e+06	0
1.60714e+06	0
1.60724e+06	0
1.60734e+06	0
1.60744e+06	0
1.60754e+06	0
1.60764e+06	0
1.60774e+06	0
1.60784e+06	0
1.60794e+06	0
1.60804e+06	0
1.60814e+06	0
1.60824e+06	0
1.60834e+06	0
1.60844e+06	0
1.60854e+06	0
1.60864e+06	0
1.60874e+06	0
1.60884e+06	0
1.60894e+06	0
1.60904e+06	0
1.60914e+06	0
1.60924e+06	0
1.60934e+06	0
1.60944e+06	0
1.60954e+06	0
1.60964e+06	0
1.60974e+06	0
1.60984e+06	0
1.60994e+06	0
1.61004e+06	0
1.61014e+06	0
1.61024e+06	0
1.61034e+06	0
1.61044e+06	0
1.61054e+06	0
1.61064e+06	0
1.61074e+06	0
1.61084e+06	0
1.61094e+06	0
1.61104e+06	0
1.61114e+06	0
1.61124e+06	0
1.61134e+06	0
1.61144e+06	0
1.61154e+06	0
1.61164e+06	0
1.61174e+06	0
1.61184e+06	0
1.61194e+06	0
1.61204e+06	0
1.61214e+06	0
1.61224e+06	0
1.61234e+06	0
1.61244e+06	0
1.61254e+06	0
1.61264e+06	0
1.61274e+06	0
1.61284e+06	0
1.61294e+06	0
1.61304e+06	0
1.61314e+06	0
1.61324e+06	0
1.61334e+06	0
1.61344e+06	0
1.61354e+06	0
1.61364e+06	0
1.61374e+06	0
1.61384e+06	0
1.61394e+06	0
1.61404e+06	0
1.61414e+06	0
1.61424e+06	0
1.61434e+06	0
1.61444e+06	0
1.61454e+06	0
1.61464e+06	0
1.61474e+06	0
1.61484e+06	0
1.61494e+06	0
1.61504e+06	0
1.61514e+06	0
1.61524e+06	0
1.61534e+06	0
1.61544e+06	0
1.61554e+06	0
1.61564e+06	0
1.61574e+06	0
1.61584e+06	0
1.61594e+06	0
1.61604e+06	0
1.61614e+06	0
1.61624e+06	0
1.61634e+06	0
1.61644e+06	0
1.61654e+06	0
1.61664e+06	0
1.61674e+06	0
1.61684e+06	0
1.61694e+06	0
1.61704e+06	0
1.61714e+06	0
1.61724e+06	0
1.61734e+06	0
1.61744e+06	0
1.61754e+06	0
1.61764e+06	0
1.61774e+06	0
1.61784e+06	0
1.61794e+06	0
1.61804e+06	0
1.61814e+06	0
1.61824e+06	0
1.61834e+06	0
1.61844e+06	0
1.61854e+06	0
1.61864e+06	0
1.61874e+06	0
1.61884e+06	0
1.61894e+06	0
1.61904e+06	0
1.61914e+06	0
1.61924e+06	0
1.61934e+06	0
1.61944e+06	0
1.61954e+06	0
1.61964e+06	0
1.61974e+06	0
1.61984e+06	0
1.61994e+06	0
1.62004e+06	0
1.62014e+06	0
1.62024e+06	0
1.62034e+06	0
1.62044e+06	0
1.62054e+06	0
1.62064e+06	0
1.62074e+06	0
1.62084e+06	0
1.62094e+06	0
1.62104e+06	0
1.62114e+06	0
1.62124e+06	0
1.62134e+06	0
1.62144e+06	0
1.62154e+06	0
1.62164e+06	0
1.62174e+06	0
1.62184e+06	0
1.62194e+06	0
1.62204e+06	0
1.62214e+06	0
1.62224e+06	0
1.62234e+06	0
1.62244e+06	0
1.62254e+06	0
1.62264e+06	0
1.62274e+06	0
1.62284e+06	0
1.62294e+06	0
1.62304e+06	0
1.62314e+06	0
1.62324e+06	0
1.62334e+06	0
1.62344e+06	0
1.62354e+06	0
1.62364e+06	0
1.62374e+06	0
1.62384e+06	0
1.62394e+06	0
1.62404e+06	0
1.62414e+06	0
1.62424e+06	0
1.62434e+06	0
1.62444e+06	0
1.62454e+06	0
1.62464e+06	0
1.62474e+06	0
1.62484e+06	0
1.62494e+06	0
1.62504e+06	0
1.62514e+06	0
1.62524e+06	0
1.62534e+06	0
1.62544e+06	0
1.62554e+06	0
1.62564e+06	0
1.62574e+06	0
1.62584e+06	0
1.62594e+06	0
1.62604e+06	0
1.62614e+06	0
1.62624e+06	0
1.62634e+06	0
1.62644e+06	0
1.62654e+06	0
1.62664e+06	0
1.62674e+06	0
1.62684e+06	0
1.62694e+06	0
1.62704e+06	0
1.62714e+06	0
1.62724e+06	0
1.62734e+06	0
1.62744e+06	0
1.62754e+06	0
1.62764e+06	0
1.62774e+06	0
1.62784e+06	0
1.62794e+06	0
1.62804e+06	0
1.62814e+06	0
1.62824e+06	0
1.62834e+06	0
1.62844e+06	0
1.62854e+06	0
1.62864e+06	0
1.62874e+06	0
1.62884e+06	0
1.62894e+06	0
1.62904e+06	0
1.62914e+06	0
1.62924e+06	0
1.62934e+06	0
1.62944e+06	0
1.62954e+06	0
1.62964e+06	0
1.62974e+06	0
1.62984e+06	0
1.62994e+06	0
1.63004e+06	0
1.63014e+06	0
1.63024e+06	0
1.63034e+06	0
1.63044e+06	0
1.63054e+06	0
1.63064e+06	0
1.63074e+06	0
1.63084e+06	0
1.63094e+06	0
1.63104e+06	0
1.63114e+06	0
1.63124e+06	0
1.63134e+06	0
1.63144e+06	0
1.63154e+06	0
1.63164e+06	0
1.63174e+06	0
1.63184e+06	0
1.63194e+06	0
1.63204e+06	0
1.63214e+06	0
1.63224e+06	0
1.63234e+06	0
1.63244e+06	0
1.63254e+06	0
1.63264e+06	0
1.63274e+06	0
1.63284e+06	0
1.63294e+06	0
1.63304e+06	0
1.63314e+06	0
1.63324e+06	0
1.63334e+06	0
1.63344e+06	0
1.63354e+06	0
1.63364e+06	0
1.63374e+06	0
1.63384e+06	0
1.63394e+06	0
1.63404e+06	0
1.63414e+06	0
1.63424e+06	0
1.63434e+06	0
1.63444e+06	0
1.63454e+06	0
1.63464e+06	0
1.63474e+06	0
1.63484e+06	0
1.63494e+06	0
1.63504e+06	0
1.63514e+06	0
1.63524e+06	0
1.63534e+06	0
1.63544e+06	0
1.63554e+06	0
1.63564e+06	0
1.63574e+06	0
1.63584e+06	0
1.63594e+06	0
1.63604e+06	0
1.63614e+06	0
1.63624e+06	0
1.63634e+06	0
1.63644e+06	0
1.63654e+06	0
1.63664e+06	0
1.63674e+06	0
1.63684e+06	0
1.63694e+06	0
1.63704e+06	0
1.63714e+06	0
1.63724e+06	0
1.63734e+06	0
1.63744e+06	0
1.63754e+06	0
1.63764e+06	0
1.63774e+06	0
1.63784e+06	0
1.63794e+06	0
1.63804e+06	0
1.63814e+06	0
1.63824e+06	0
1.63834e+06	0
1.63844e+06	0
1.63854e+06	0
1.63864e+06	0
1.63874e+06	0
1.63884e+06	0
1.63894e+06	0
1.63904e+06	0
1.63914e+06	0
1.63924e+06	0
1.63934e+06	0
1.63944e+06	0
1.63954e+06	0
1.63964e+06	0
1.63974e+06	0
1.63984e+06	0
1.63994e+06	0
1.64004e+06	0
1.64014e+06	0
1.64024e+06	0
1.64034e+06	0
1.64044e+06	0
1.64054e+06	0
1.64064e+06	0
1.64074e+06	0
1.64084e+06	0
1.64094e+06	0
1.64104e+06	0
1.64114e+06	0
1.64124e+06	0
1.64134e+06	0
1.64144e+06	0
1.64154e+06	0
1.64164e+06	0
1.64174e+06	0
1.64184e+06	0
1.64194e+06	0
1.64204e+06	0
1.64214e+06	0
1.64224e+06	0
1.64234e+06	0
1.64244e+06	0
1.64254e+06	0
1.64264e+06	0
1.64274e+06	0
1.64284e+06	0
1.64294e+06	0
1.64304e+06	0
1.64314e+06	0
1.64324e+06	0
1.64334e+06	0
1.64344e+06	0
1.64354e+06	0
1.64364e+06	0
1.64374e+06	0
1.64384e+06	0
1.64394e+06	0
1.64404e+06	0
1.64414e+06	0
1.64424e+06	0
1.64434e+06	0
1.64444e+06	0
1.64454e+06	0
1.64464e+06	0
1.64474e+06	0
1.64484e+06	0
1.64494e+06	0
1.64504e+06	0
1.64514e+06	0
1.64524e+06	0
1.64534e+06	0
1.64544e+06	0
1.64554e+06	0
1.64564e+06	0
1.64574e+06	0
1.64584e+06	0
1.64594e+06	0
1.64604e+06	0
1.64614e+06	0
1.64624e+06	0
1.64634e+06	0
1.64644e+06	0
1.64654e+06	0
1.64664e+06	0
1.64674e+06	0
1.64684e+06	0
1.64694e+06	0
1.64704e+06	0
1.64714e+06	0
1.64724e+06	0
1.64734e+06	0
1.64744e+06	0
1.64754e+06	0
1.64764e+06	0
1.64774e+06	0
1.64784e+06	0
1.64794e+06	0
1.64804e+06	0
1.64814e+06	0
1.64824e+06	0
1.64834e+06	0
1.64844e+06	0
1.64854e+06	0
1.64864e+06	0
1.64874e+06	0
1.64884e+06	0
1.64894e+06	0
1.64904e+06	0
1.64914e+06	0
1.64924e+06	0
1.64934e+06	0
1.64944e+06	0
1.64954e+06	0
1.64964e+06	0
1.64974e+06	0
1.64984e+06	0
1.64994e+06	0
1.65004e+06	0
1.65014e+06	0
1.65024e+06	0
1.65034e+06	0
1.65044e+06	0
1.65054e+06	0
1.65064e+06	0
1.65074e+06	0
1.65084e+06	0
1.65094e+06	0
1.65104e+06	0
1.65114e+06	0
1.65124e+06	0
1.65134e+06	0
1.65144e+06	0
1.65154e+06	0
1.65164e+06	0
1.65174e+06	0
1.65184e+06	0
1.65194e+06	0
1.65204e+06	0
1.65214e+06	0
1.65224e+06	0
1.65234e+06	0
1.65244e+06	0
1.65254e+06	0
1.65264e+06	0
1.65274e+06	0
1.65284e+06	0
1.65294e+06	0
1.65304e+06	0
1.65314e+06	0
1.65324e+06	0
1.65334e+06	0
1.65344e+06	0
1.65354e+06	0
1.65364e+06	0
1.65374e+06	0
1.65384e+06	0
1.65394e+06	0
1.65404e+06	0
1.65414e+06	0
1.65424e+06	0
1.65434e+06	0
1.65444e+06	0
1.65454e+06	0
1.65464e+06	0
1.65474e+06	0
1.65484e+06	0
1.65494e+06	0
1.65504e+06	0
1.65514e+06	0
1.65524e+06	0
1.65534e+06	0
1.65544e+06	0
1.65554e+06	0
1.65564e+06	0
1.65574e+06	0
1.65584e+06	0
1.65594e+06	0
1.65604e+06	0
1.65614e+06	0
1.65624e+06	0
1.65634e+06	0
1.65644e+06	0
1.65654e+06	0
1.65664e+06	0
1.65674e+06	0
1.65684e+06	0
1.65694e+06	0
1.65704e+06	0
1.65714e+06	0
1.65724e+06	0
1.65734e+06	0
1.65744e+06	0
1.65754e+06	0
1.65764e+06	0
1.65774e+06	0
1.65784e+06	0
1.65794e+06	0
1.65804e+06	0
1.65814e+06	0
1.65824e+06	0
1.65834e+06	0
1.65844e+06	0
1.65854e+06	0
1.65864e+06	0
1.65874e+06	0
1.65884e+06	0
1.65894e+06	0
1.65904e+06	0
1.65914e+06	0
1.65924e+06	0
1.65934e+06	0
1.65944e+06	0
1.65954e+06	0
1.65964e+06	0
1.65974e+06	0
1.65984e+06	0
1.65994e+06	0
1.66004e+06	0
1.66014e+06	0
1.66024e+06	0
1.66034e+06	0
1.66044e+06	0
1.66054e+06	0
1.66064e+06	0
1.66074e+06	0
1.66084e+06	0
1.66094e+06	0
1.66104e+06	0
1.66114e+06	0
1.66124e+06	0
1.66134e+06	0
1.66144e+06	0
1.66154e+06	0
1.66164e+06	0
1.66174e+06	0
1.66184e+06	0
1.66194e+06	0
1.66204e+06	0
1.66214e+06	0
1.66224e+06	0
1.66234e+06	0
1.66244e+06	0
1.66254e+06	0
1.66264e+06	0
1.66274e+06	0
1.66284e+06	0
1.66294e+06	0
1.66304e+06	0
1.66314e+06	0
1.66324e+06	0
1.66334e+06	0
1.66344e+06	0
1.66354e+06	0
1.66364e+06	0
1.66374e+06	0
1.66384e+06	0
1.66394e+06	0
1.66404e+06	0
1.66414e+06	0
1.66424e+06	0
1.66434e+06	0
1.66444e+06	0
1.66454e+06	0
1.66464e+06	0
1.66474e+06	0
1.66484e+06	0
1.66494e+06	0
1.66504e+06	0
1.66514e+06	0
1.66524e+06	0
1.66534e+06	0
1.66544e+06	0
1.66554e+06	0
1.66564e+06	0
1.66574e+06	0
1.66584e+06	0
1.66594e+06	0
1.66604e+06	0
1.66614e+06	0
1.66624e+06	0
1.66634e+06	0
1.66644e+06	0
1.66654e+06	0
1.66664e+06	0
1.66674e+06	0
1.66684e+06	0
1.66694e+06	0
1.66704e+06	0
1.66714e+06	0
1.66724e+06	0
1.66734e+06	0
1.66744e+06	0
1.66754e+06	0
1.66764e+06	0
1.66774e+06	0
1.66784e+06	0
1.66794e+06	0
1.66804e+06	0
1.66814e+06	0
1.66824e+06	0
1.66834e+06	0
1.66844e+06	0
1.66854e+06	0
1.66864e+06	0
1.66874e+06	0
1.66884e+06	0
1.66894e+06	0
1.66904e+06	0
1.66914e+06	0
1.66924e+06	0
1.66934e+06	0
1.66944e+06	0
1.66954e+06	0
1.66964e+06	0
1.66974e+06	0
1.66984e+06	0
1.66994e+06	0
1.67004e+06	0
1.67014e+06	0
1.67024e+06	0
1.67034e+06	0
1.67044e+06	0
1.67054e+06	0
1.67064e+06	0
1.67074e+06	0
1.67084e+06	0
1.67094e+06	0
1.67104e+06	0
1.67114e+06	0
1.67124e+06	0
1.67134e+06	0
1.67144e+06	0
1.67154e+06	0
1.67164e+06	0
1.67174e+06	0
1.67184e+06	0
1.67194e+06	0
1.67204e+06	0
1.67214e+06	0
1.67224e+06	0
1.67234e+06	0
1.67244e+06	0
1.67254e+06	0
1.67264e+06	0
1.67274e+06	0
1.67284e+06	0
1.67294e+06	0
1.67304e+06	0
1.67314e+06	0
1.67324e+06	0
1.67334e+06	0
1.67344e+06	0
1.67354e+06	0
1.67364e+06	0
1.67374e+06	0
1.67384e+06	0
1.67394e+06	0
1.67404e+06	0
1.67414e+06	0
1.67424e+06	0
1.67434e+06	0
1.67444e+06	0
1.67454e+06	0
1.67464e+06	0
1.67474e+06	0
1.67484e+06	0
1.67494e+06	0
1.67504e+06	0
1.67514e+06	0
1.67524e+06	0
1.67534e+06	0
1.67544e+06	0
1.67554e+06	0
1.67564e+06	0
1.67574e+06	0
1.67584e+06	0
1.67594e+06	0
1.67604e+06	0
1.67614e+06	0
1.67624e+06	0
1.67634e+06	0
1.67644e+06	0
1.67654e+06	0
1.67664e+06	0
1.67674e+06	0
1.67684e+06	0
1.67694e+06	0
1.67704e+06	0
1.67714e+06	0
1.67724e+06	0
1.67734e+06	0
1.67744e+06	0
1.67754e+06	0
1.67764e+06	0
1.67774e+06	0
1.67784e+06	0
1.67794e+06	0
1.67804e+06	0
1.67814e+06	0
1.67824e+06	0
1.67834e+06	0
1.67844e+06	0
1.67854e+06	0
1.67864e+06	0
1.67874e+06	0
1.67884e+06	0
1.67894e+06	0
1.67904e+06	0
1.67914e+06	0
1.67924e+06	0
1.67934e+06	0
1.67944e+06	0
1.67954e+06	0
1.67964e+06	0
1.67974e+06	0
1.67984e+06	0
1.67994e+06	0
1.68004e+06	0
1.68014e+06	0
1.68024e+06	0
1.68034e+06	0
1.68044e+06	0
1.68054e+06	0
1.68064e+06	0
1.68074e+06	0
1.68084e+06	0
1.68094e+06	0
1.68104e+06	0
1.68114e+06	0
1.68124e+06	0
1.68134e+06	0
1.68144e+06	0
1.68154e+06	0
1.68164e+06	0
1.68174e+06	0
1.68184e+06	0
1.68194e+06	0
1.68204e+06	0
1.68214e+06	0
1.68224e+06	0
1.68234e+06	0
1.68244e+06	0
1.68254e+06	0
1.68264e+06	0
1.68274e+06	0
1.68284e+06	0
1.68294e+06	0
1.68304e+06	0
1.68314e+06	0
1.68324e+06	0
1.68334e+06	0
1.68344e+06	0
1.68354e+06	0
1.68364e+06	0
1.68374e+06	0
1.68384e+06	0
1.68394e+06	0
1.68404e+06	0
1.68414e+06	0
1.68424e+06	0
1.68434e+06	0
1.68444e+06	0
1.68454e+06	0
1.68464e+06	0
1.68474e+06	0
1.68484e+06	0
1.68494e+06	0
1.68504e+06	0
1.68514e+06	0
1.68524e+06	0
1.68534e+06	0
1.68544e+06	0
1.68554e+06	0
1.68564e+06	0
1.68574e+06	0
1.68584e+06	0
1.68594e+06	0
1.68604e+06	0
1.68614e+06	0
1.68624e+06	0
1.68634e+06	0
1.68644e+06	0
1.68654e+06	0
1.68664e+06	0
1.68674e+06	0
1.68684e+06	0
1.68694e+06	0
1.68704e+06	0
1.68714e+06	0
1.68724e+06	0
1.68734e+06	0
1.68744e+06	0
1.68754e+06	0
1.68764e+06	0
1.68774e+06	0
1.68784e+06	0
1.68794e+06	0
1.68804e+06	0
1.68814e+06	0
1.68824e+06	0
1.68834e+06	0
1.68844e+06	0
1.68854e+06	0
1.68864e+06	0
1.68874e+06	0
1.68884e+06	0
1.68894e+06	0
1.68904e+06	0
1.68914e+06	0
1.68924e+06	0
1.68934e+06	0
1.68944e+06	0
1.68954e+06	0
1.68964e+06	0
1.68974e+06	0
1.68984e+06	0
1.68994e+06	0
1.69004e+06	0
1.69014e+06	0
1.69024e+06	0
1.69034e+06	0
1.69044e+06	0
1.69054e+06	0
1.69064e+06	0
1.69074e+06	0
1.69084e+06	0
1.69094e+06	0
1.69104e+06	0
1.69114e+06	0
1.69124e+06	0
1.69134e+06	0
1.69144e+06	0
1.69154e+06	0
1.69164e+06	0
1.69174e+06	0
1.69184e+06	0
1.69194e+06	0
1.69204e+06	0
1.69214e+06	0
1.69224e+06	0
1.69234e+06	0
1.69244e+06	0
1.69254e+06	0
1.69264e+06	0
1.69274e+06	0
1.69284e+06	0
1.69294e+06	0
1.69304e+06	0
1.69314e+06	0
1.69324e+06	0
1.69334e+06	0
1.69344e+06	0
1.69354e+06	0
1.69364e+06	0
1.69374e+06	0
1.69384e+06	0
1.69394e+06	0
1.69404e+06	0
1.69414e+06	0
1.69424e+06	0
1.69434e+06	0
1.69444e+06	0
1.69454e+06	0
1.69464e+06	0
1.69474e+06	0
1.69484e+06	0
1.69494e+06	0
1.69504e+06	0
1.69514e+06	0
1.69524e+06	0
1.69534e+06	0
1.69544e+06	0
1.69554e+06	0
1.69564e+06	0
1.69574e+06	0
1.69584e+06	0
1.69594e+06	0
1.69604e+06	0
1.69614e+06	0
1.69624e+06	0
1.69634e+06	0
1.69644e+06	0
1.69654e+06	0
1.69664e+06	0
1.69674e+06	0
1.69684e+06	0
1.69694e+06	0
1.69704e+06	0
1.69714e+06	0
1.69724e+06	0
1.69734e+06	0
1.69744e+06	0
1.69754e+06	0
1.69764e+06	0
1.69774e+06	0
1.69784e+06	0
1.69794e+06	0
1.69804e+06	0
1.69814e+06	0
1.69824e+06	0
1.69834e+06	0
1.69844e+06	0
1.69854e+06	0
1.69864e+06	0
1.69874e+06	0
1.69884e+06	0
1.69894e+06	0
1.69904e+06	0
1.69914e+06	0
1.69924e+06	0
1.69934e+06	0
1.69944e+06	0
1.69954e+06	0
1.69964e+06	0
1.69974e+06	0
1.69984e+06	0
1.69994e+06	0
1.70004e+06	0
1.70014e+06	0
1.70024e+06	0
1.70034e+06	0
1.70044e+06	0
1.70054e+06	0
1.70064e+06	0
1.70074e+06	0
1.70084e+06	0
1.70094e+06	0
1.70104e+06	0
1.70114e+06	0
1.70124e+06	0
1.70134e+06	0
1.70144e+06	0
1.70154e+06	0
1.70164e+06	0
1.70174e+06	0
1.70184e+06	0
1.70194e+06	0
1.70204e+06	0
1.70214e+06	0
1.70224e+06	0
1.70234e+06	0
1.70244e+06	0
1.70254e+06	0
1.70264e+06	0
1.70274e+06	0
1.70284e+06	0
1.70294e+06	0
1.70304e+06	0
1.70314e+06	0
1.70324e+06	0
1.70334e+06	0
1.70344e+06	0
1.70354e+06	0
1.70364e+06	0
1.70374e+06	0
1.70384e+06	0
1.70394e+06	0
1.70404e+06	0
1.70414e+06	0
1.70424e+06	0
1.70434e+06	0
1.70444e+06	0
1.70454e+06	0
1.70464e+06	0
1.70474e+06	0
1.70484e+06	0
1.70494e+06	0
1.70504e+06	0
1.70514e+06	0
1.70524e+06	0
1.70534e+06	0
1.70544e+06	0
1.70554e+06	0
1.70564e+06	0
1.70574e+06	0
1.70584e+06	0
1.70594e+06	0
1.70604e+06	0
1.70614e+06	0
1.70624e+06	0
1.70634e+06	0
1.70644e+06	0
1.70654e+06	0
1.70664e+06	0
1.70674e+06	0
1.70684e+06	0
1.70694e+06	0
1.70704e+06	0
1.70714e+06	0
1.70724e+06	0
1.70734e+06	0
1.70744e+06	0
1.70754e+06	0
1.70764e+06	0
1.70774e+06	0
1.70784e+06	0
1.70794e+06	0
1.70804e+06	0
1.70814e+06	0
1.70824e+06	0
1.70834e+06	0
1.70844e+06	0
1.70854e+06	0
1.70864e+06	0
1.70874e+06	0
1.70884e+06	0
1.70894e+06	0
1.70904e+06	0
1.70914e+06	0
1.70924e+06	0
1.70934e+06	0
1.70944e+06	0
1.70954e+06	0
1.70964e+06	0
1.70974e+06	0
1.70984e+06	0
1.70994e+06	0
1.71004e+06	0
1.71014e+06	0
1.71024e+06	0
1.71034e+06	0
1.71044e+06	0
1.71054e+06	0
1.71064e+06	0
1.71074e+06	0
1.71084e+06	0
1.71094e+06	0
1.71104e+06	0
1.71114e+06	0
1.71124e+06	0
1.71134e+06	0
1.71144e+06	0
1.71154e+06	0
1.71164e+06	0
1.71174e+06	0
1.71184e+06	0
1.71194e+06	0
1.71204e+06	0
1.71214e+06	0
1.71224e+06	0
1.71234e+06	0
1.71244e+06	0
1.71254e+06	0
1.71264e+06	0
1.71274e+06	0
1.71284e+06	0
1.71294e+06	0
1.71304e+06	0
1.71314e+06	0
1.71324e+06	0
1.71334e+06	0
1.71344e+06	0
1.71354e+06	0
1.71364e+06	0
1.71374e+06	0
1.71384e+06	0
1.71394e+06	0
1.71404e+06	0
1.71414e+06	0
1.71424e+06	0
1.71434e+06	0
1.71444e+06	0
1.71454e+06	0
1.71464e+06	0
1.71474e+06	0
1.71484e+06	0
1.71494e+06	0
1.71504e+06	0
1.71514e+06	0
1.71524e+06	0
1.71534e+06	0
1.71544e+06	0
1.71554e+06	0
1.71564e+06	0
1.71574e+06	0
1.71584e+06	0
1.71594e+06	0
1.71604e+06	0
1.71614e+06	0
1.71624e+06	0
1.71634e+06	0
1.71644e+06	0
1.71654e+06	0
1.71664e+06	0
1.71674e+06	0
1.71684e+06	0
1.71694e+06	0
1.71704e+06	0
1.71714e+06	0
1.71724e+06	0
1.71734e+06	0
1.71744e+06	0
1.71754e+06	0
1.71764e+06	0
1.71774e+06	0
1.71784e+06	0
1.71794e+06	0
1.71804e+06	0
1.71814e+06	0
1.71824e+06	0
1.71834e+06	0
1.71844e+06	0
1.71854e+06	0
1.71864e+06	0
1.71874e+06	0
1.71884e+06	0
1.71894e+06	0
1.71904e+06	0
1.71914e+06	0
1.71924e+06	0
1.71934e+06	0
1.71944e+06	0
1.71954e+06	0
1.71964e+06	0
1.71974e+06	0
1.71984e+06	0
1.71994e+06	0
1.72004e+06	0
1.72014e+06	0
1.72024e+06	0
1.72034e+06	0
1.72044e+06	0
1.72054e+06	0
1.72064e+06	0
1.72074e+06	0
1.72084e+06	0
1.72094e+06	0
1.72104e+06	0
1.72114e+06	0
1.72124e+06	0
1.72134e+06	0
1.72144e+06	0
1.72154e+06	0
1.72164e+06	0
1.72174e+06	0
1.72184e+06	0
1.72194e+06	0
1.72204e+06	0
1.72214e+06	0
1.72224e+06	0
1.72234e+06	0
1.72244e+06	0
1.72254e+06	0
1.72264e+06	0
1.72274e+06	0
1.72284e+06	0
1.72294e+06	0
1.72304e+06	0
1.72314e+06	0
1.72324e+06	0
1.72334e+06	0
1.72344e+06	0
1.72354e+06	0
1.72364e+06	0
1.72374e+06	0
1.72384e+06	0
1.72394e+06	0
1.72404e+06	0
1.72414e+06	0
1.72424e+06	0
1.72434e+06	0
1.72444e+06	0
1.72454e+06	0
1.72464e+06	0
1.72474e+06	0
1.72484e+06	0
1.72494e+06	0
1.72504e+06	0
1.72514e+06	0
1.72524e+06	0
1.72534e+06	0
1.72544e+06	0
1.72554e+06	0
1.72564e+06	0
1.72574e+06	0
1.72584e+06	0
1.72594e+06	0
1.72604e+06	0
1.72614e+06	0
1.72624e+06	0
1.72634e+06	0
1.72644e+06	0
1.72654e+06	0
1.72664e+06	0
1.72674e+06	0
1.72684e+06	0
1.72694e+06	0
1.72704e+06	0
1.72714e+06	0
1.72724e+06	0
1.72734e+06	0
1.72744e+06	0
1.72754e+06	0
1.72764e+06	0
1.72774e+06	0
1.72784e+06	0
1.72794e+06	0
1.72804e+06	0
1.72814e+06	0
1.72824e+06	0
1.72834e+06	0
1.72844e+06	0
1.72854e+06	0
1.72864e+06	0
1.72874e+06	0
1.72884e+06	0
1.72894e+06	0
1.72904e+06	0
1.72914e+06	0
1.72924e+06	0
1.72934e+06	0
1.72944e+06	0
1.72954e+06	0
1.72964e+06	0
1.72974e+06	0
1.72984e+06	0
1.72994e+06	0
1.73004e+06	0
1.73014e+06	0
1.73024e+06	0
1.73034e+06	0
1.73044e+06	0
1.73054e+06	0
1.73064e+06	0
1.73074e+06	0
1.73084e+06	0
1.73094e+06	0
1.73104e+06	0
1.73114e+06	0
1.73124e+06	0
1.73134e+06	0
1.73144e+06	0
1.73154e+06	0
1.73164e+06	0
1.73174e+06	0
1.73184e+06	0
1.73194e+06	0
1.73204e+06	0
1.73214e+06	0
1.73224e+06	0
1.73234e+06	0
1.73244e+06	0
1.73254e+06	0
1.73264e+06	0
1.73274e+06	0
1.73284e+06	0
1.73294e+06	0
1.73304e+06	0
1.73314e+06	0
1.73324e+06	0
1.73334e+06	0
1.73344e+06	0
1.73354e+06	0
1.73364e+06	0
1.73374e+06	0
1.73384e+06	0
1.73394e+06	0
1.73404e+06	0
1.73414e+06	0
1.73424e+06	0
1.73434e+06	0
1.73444e+06	0
1.73454e+06	0
1.73464e+06	0
1.73474e+06	0
1.73484e+06	0
1.73494e+06	0
1.73504e+06	0
1.73514e+06	0
1.73524e+06	0
1.73534e+06	0
1.73544e+06	0
1.73554e+06	0
1.73564e+06	0
1.73574e+06	0
1.73584e+06	0
1.73594e+06	0
1.73604e+06	0
1.73614e+06	0
1.73624e+06	0
1.73634e+06	0
1.73644e+06	0
1.73654e+06	0
1.73664e+06	0
1.73674e+06	0
1.73684e+06	0
1.73694e+06	0
1.73704e+06	0
1.73714e+06	0
1.73724e+06	0
1.73734e+06	0
1.73744e+06	0
1.73754e+06	0
1.73764e+06	0
1.73774e+06	0
1.73784e+06	0
1.73794e+06	0
1.73804e+06	0
1.73814e+06	0
1.73824e+06	0
1.73834e+06	0
1.73844e+06	0
1.73854e+06	0
1.73864e+06	0
1.73874e+06	0
1.73884e+06	0
1.73894e+06	0
1.73904e+06	0
1.73914e+06	0
1.73924e+06	0
1.73934e+06	0
1.73944e+06	0
1.73954e+06	0
1.73964e+06	0
1.73974e+06	0
1.73984e+06	0
1.73994e+06	0
1.74004e+06	0
1.74014e+06	0
1.74024e+06	0
1.74034e+06	0
1.74044e+06	0
1.74054e+06	0
1.74064e+06	0
1.74074e+06	0
1.74084e+06	0
1.74094e+06	0
1.74104e+06	0
1.74114e+06	0
1.74124e+06	0
1.74134e+06	0
1.74144e+06	0
1.74154e+06	0
1.74164e+06	0
1.74174e+06	0
1.74184e+06	0
1.74194e+06	0
1.74204e+06	0
1.74214e+06	0
1.74224e+06	0
1.74234e+06	0
1.74244e+06	0
1.74254e+06	0
1.74264e+06	0
1.74274e+06	0
1.74284e+06	0
1.74294e+06	0
1.74304e+06	0
1.74314e+06	0
1.74324e+06	0
1.74334e+06	0
1.74344e+06	0
1.74354e+06	0
1.74364e+06	0
1.74374e+06	0
1.74384e+06	0
1.74394e+06	0
1.74404e+06	0
1.74414e+06	0
1.74424e+06	0
1.74434e+06	0
1.74444e+06	0
1.74454e+06	0
1.74464e+06	0
1.74474e+06	0
1.74484e+06	0
1.74494e+06	0
1.74504e+06	0
1.74514e+06	0
1.74524e+06	0
1.74534e+06	0
1.74544e+06	0
1.74554e+06	0
1.74564e+06	0
1.74574e+06	0
1.74584e+06	0
1.74594e+06	0
1.74604e+06	0
1.74614e+06	0
1.74624e+06	0
1.74634e+06	0
1.74644e+06	0
1.74654e+06	0
1.74664e+06	0
1.74674e+06	0
1.74684e+06	0
1.74694e+06	0
1.74704e+06	0
1.74714e+06	0
1.74724e+06	0
1.74734e+06	0
1.74744e+06	0
1.74754e+06	0
1.74764e+06	0
1.74774e+06	0
1.74784e+06	0
1.74794e+06	0
1.74804e+06	0
1.74814e+06	0
1.74824e+06	0
1.74834e+06	0
1.74844e+06	0
1.74854e+06	0
1.74864e+06	0
1.74874e+06	0
1.74884e+06	0
1.74894e+06	0
1.74904e+06	0
1.74914e+06	0
1.74924e+06	0
1.74934e+06	0
1.74944e+06	0
1.74954e+06	0
1.74964e+06	0
1.74974e+06	0
1.74984e+06	0
1.74994e+06	0
1.75004e+06	0
1.75014e+06	0
1.75024e+06	0
1.75034e+06	0
1.75044e+06	0
1.75054e+06	0
1.75064e+06	0
1.75074e+06	0
1.75084e+06	0
1.75094e+06	0
1.75104e+06	0
1.75114e+06	0
1.75124e+06	0
1.75134e+06	0
1.75144e+06	0
1.75154e+06	0
1.75164e+06	0
1.75174e+06	0
1.75184e+06	0
1.75194e+06	0
1.75204e+06	0
1.75214e+06	0
1.75224e+06	0
1.75234e+06	0
1.75244e+06	0
1.75254e+06	0
1.75264e+06	0
1.75274e+06	0
1.75284e+06	0
1.75294e+06	0
1.75304e+06	0
1.75314e+06	0
1.75324e+06	0
1.75334e+06	0
1.75344e+06	0
1.75354e+06	0
1.75364e+06	0
1.75374e+06	0
1.75384e+06	0
1.75394e+06	0
1.75404e+06	0
1.75414e+06	0
1.75424e+06	0
1.75434e+06	0
1.75444e+06	0
1.75454e+06	0
1.75464e+06	0
1.75474e+06	0
1.75484e+06	0
1.75494e+06	0
1.75504e+06	0
1.75514e+06	0
1.75524e+06	0
1.75534e+06	0
1.75544e+06	0
1.75554e+06	0
1.75564e+06	0
1.75574e+06	0
1.75584e+06	0
1.75594e+06	0
1.75604e+06	0
1.75614e+06	0
1.75624e+06	0
1.75634e+06	0
1.75644e+06	0
1.75654e+06	0
1.75664e+06	0
1.75674e+06	0
1.75684e+06	0
1.75694e+06	0
1.75704e+06	0
1.75714e+06	0
1.75724e+06	0
1.75734e+06	0
1.75744e+06	0
1.75754e+06	0
1.75764e+06	0
1.75774e+06	0
1.75784e+06	0
1.75794e+06	0
1.75804e+06	0
1.75814e+06	0
1.75824e+06	0
1.75834e+06	0
1.75844e+06	0
1.75854e+06	0
1.75864e+06	0
1.75874e+06	0
1.75884e+06	0
1.75894e+06	0
1.75904e+06	0
1.75914e+06	0
1.75924e+06	0
1.75934e+06	0
1.75944e+06	0
1.75954e+06	0
1.75964e+06	0
1.75974e+06	0
1.75984e+06	0
1.75994e+06	0
1.76004e+06	0
1.76014e+06	0
1.76024e+06	0
1.76034e+06	0
1.76044e+06	0
1.76054e+06	0
1.76064e+06	0
1.76074e+06	0
1.76084e+06	0
1.76094e+06	0
1.76104e+06	0
1.76114e+06	0
1.76124e+06	0
1.76134e+06	0
1.76144e+06	0
1.76154e+06	0
1.76164e+06	0
1.76174e+06	0
1.76184e+06	0
1.76194e+06	0
1.76204e+06	0
1.76214e+06	0
1.76224e+06	0
1.76234e+06	0
1.76244e+06	0
1.76254e+06	0
1.76264e+06	0
1.76274e+06	0
1.76284e+06	0
1.76294e+06	0
1.76304e+06	0
1.76314e+06	0
1.76324e+06	0
1.76334e+06	0
1.76344e+06	0
1.76354e+06	0
1.76364e+06	0
1.76374e+06	0
1.76384e+06	0
1.76394e+06	0
1.76404e+06	0
1.76414e+06	0
1.76424e+06	0
1.76434e+06	0
1.76444e+06	0
1.76454e+06	0
1.76464e+06	0
1.76474e+06	0
1.76484e+06	0
1.76494e+06	0
1.76504e+06	0
1.76514e+06	0
1.76524e+06	0
1.76534e+06	0
1.76544e+06	0
1.76554e+06	0
1.76564e+06	0
1.76574e+06	0
1.76584e+06	0
1.76594e+06	0
1.76604e+06	0
1.76614e+06	0
1.76624e+06	0
1.76634e+06	0
1.76644e+06	0
1.76654e+06	0
1.76664e+06	0
1.76674e+06	0
1.76684e+06	0
1.76694e+06	0
1.76704e+06	0
1.76714e+06	0
1.76724e+06	0
1.76734e+06	0
1.76744e+06	0
1.76754e+06	0
1.76764e+06	0
1.76774e+06	0
1.76784e+06	0
1.76794e+06	0
1.76804e+06	0
1.76814e+06	0
1.76824e+06	0
1.76834e+06	0
1.76844e+06	0
1.76854e+06	0
1.76864e+06	0
1.76874e+06	0
1.76884e+06	0
1.76894e+06	0
1.76904e+06	0
1.76914e+06	0
1.76924e+06	0
1.76934e+06	0
1.76944e+06	0
1.76954e+06	0
1.76964e+06	0
1.76974e+06	0
1.76984e+06	0
1.76994e+06	0
1.77004e+06	0
1.77014e+06	0
1.77024e+06	0
1.77034e+06	0
1.77044e+06	0
1.77054e+06	0
1.77064e+06	0
1.77074e+06	0
1.77084e+06	0
1.77094e+06	0
1.77104e+06	0
1.77114e+06	0
1.77124e+06	0
1.77134e+06	0
1.77144e+06	0
1.77154e+06	0
1.77164e+06	0
1.77174e+06	0
1.77184e+06	0
1.77194e+06	0
1.77204e+06	0
1.77214e+06	0
1.77224e+06	0
1.77234e+06	0
1.77244e+06	0
1.77254e+06	0
1.77264e+06	0
1.77274e+06	0
1.77284e+06	0
1.77294e+06	0
1.77304e+06	0
1.77314e+06	0
1.77324e+06	0
1.77334e+06	0
1.77344e+06	0
1.77354e+06	0
1.77364e+06	0
1.77374e+06	0
1.77384e+06	0
1.77394e+06	0
1.77404e+06	0
1.77414e+06	0
1.77424e+06	0
1.77434e+06	0
1.77444e+06	0
1.77454e+06	0
1.77464e+06	0
1.77474e+06	0
1.77484e+06	0
1.77494e+06	0
1.77504e+06	0
1.77514e+06	0
1.77524e+06	0
1.77534e+06	0
1.77544e+06	0
1.77554e+06	0
1.77564e+06	0
1.77574e+06	0
1.77584e+06	0
1.77594e+06	0
1.77604e+06	0
1.77614e+06	0
1.77624e+06	0
1.77634e+06	0
1.77644e+06	0
1.77654e+06	0
1.77664e+06	0
1.77674e+06	0
1.77684e+06	0
1.77694e+06	0
1.77704e+06	0
1.77714e+06	0
1.77724e+06	0
1.77734e+06	0
1.77744e+06	0
1.77754e+06	0
1.77764e+06	0
1.77774e+06	0
1.77784e+06	0
1.77794e+06	0
1.77804e+06	0
1.77814e+06	0
1.77824e+06	0
1.77834e+06	0
1.77844e+06	0
1.77854e+06	0
1.77864e+06	0
1.77874e+06	0
1.77884e+06	0
1.77894e+06	0
1.77904e+06	0
1.77914e+06	0
1.77924e+06	0
1.77934e+06	0
1.77944e+06	0
1.77954e+06	0
1.77964e+06	0
1.77974e+06	0
1.77984e+06	0
1.77994e+06	0
1.78004e+06	0
1.78014e+06	0
1.78024e+06	0
1.78034e+06	0
1.78044e+06	0
1.78054e+06	0
1.78064e+06	0
1.78074e+06	0
1.78084e+06	0
1.78094e+06	0
1.78104e+06	0
1.78114e+06	0
1.78124e+06	0
1.78134e+06	0
1.78144e+06	0
1.78154e+06	0
1.78164e+06	0
1.78174e+06	0
1.78184e+06	0
1.78194e+06	0
1.78204e+06	0
1.78214e+06	0
1.78224e+06	0
1.78234e+06	0
1.78244e+06	0
1.78254e+06	0
1.78264e+06	0
1.78274e+06	0
1.78284e+06	0
1.78294e+06	0
1.78304e+06	0
1.78314e+06	0
1.78324e+06	0
1.78334e+06	0
1.78344e+06	0
1.78354e+06	0
1.78364e+06	0
1.78374e+06	0
1.78384e+06	0
1.78394e+06	0
1.78404e+06	0
1.78414e+06	0
1.78424e+06	0
1.78434e+06	0
1.78444e+06	0
1.78454e+06	0
1.78464e+06	0
1.78474e+06	0
1.78484e+06	0
1.78494e+06	0
1.78504e+06	0
1.78514e+06	0
1.78524e+06	0
1.78534e+06	0
1.78544e+06	0
1.78554e+06	0
1.78564e+06	0
1.78574e+06	0
1.78584e+06	0
1.78594e+06	0
1.78604e+06	0
1.78614e+06	0
1.78624e+06	0
1.78634e+06	0
1.78644e+06	0
1.78654e+06	0
1.78664e+06	0
1.78674e+06	0
1.78684e+06	0
1.78694e+06	0
1.78704e+06	0
1.78714e+06	0
1.78724e+06	0
1.78734e+06	0
1.78744e+06	0
1.78754e+06	0
1.78764e+06	0
1.78774e+06	0
1.78784e+06	0
1.78794e+06	0
1.78804e+06	0
1.78814e+06	0
1.78824e+06	0
1.78834e+06	0
1.78844e+06	0
1.78854e+06	0
1.78864e+06	0
1.78874e+06	0
1.78884e+06	0
1.78894e+06	0
1.78904e+06	0
1.78914e+06	0
1.78924e+06	0
1.78934e+06	0
1.78944e+06	0
1.78954e+06	0
1.78964e+06	0
1.78974e+06	0
1.78984e+06	0
1.78994e+06	0
1.79004e+06	0
1.79014e+06	0
1.79024e+06	0
1.79034e+06	0
1.79044e+06	0
1.79054e+06	0
1.79064e+06	0
1.79074e+06	0
1.79084e+06	0
1.79094e+06	0
1.79104e+06	0
1.79114e+06	0
1.79124e+06	0
1.79134e+06	0
1.79144e+06	0
1.79154e+06	0
1.79164e+06	0
1.79174e+06	0
1.79184e+06	0
1.79194e+06	0
1.79204e+06	0
1.79214e+06	0
1.79224e+06	0
1.79234e+06	0
1.79244e+06	0
1.79254e+06	0
1.79264e+06	0
1.79274e+06	0
1.79284e+06	0
1.79294e+06	0
1.79304e+06	0
1.79314e+06	0
1.79324e+06	0
1.79334e+06	0
1.79344e+06	0
1.79354e+06	0
1.79364e+06	0
1.79374e+06	0
1.79384e+06	0
1.79394e+06	0
1.79404e+06	0
1.79414e+06	0
1.79424e+06	0
1.79434e+06	0
1.79444e+06	0
1.79454e+06	0
1.79464e+06	0
1.79474e+06	0
1.79484e+06	0
1.79494e+06	0
1.79504e+06	0
1.79514e+06	0
1.79524e+06	0
1.79534e+06	0
1.79544e+06	0
1.79554e+06	0
1.79564e+06	0
1.79574e+06	0
1.79584e+06	0
1.79594e+06	0
1.79604e+06	0
1.79614e+06	0
1.79624e+06	0
1.79634e+06	0
1.79644e+06	0
1.79654e+06	0
1.79664e+06	0
1.79674e+06	0
1.79684e+06	0
1.79694e+06	0
1.79704e+06	0
1.79714e+06	0
1.79724e+06	0
1.79734e+06	0
1.79744e+06	0
1.79754e+06	0
1.79764e+06	0
1.79774e+06	0
1.79784e+06	0
1.79794e+06	0
1.79804e+06	0
1.79814e+06	0
1.79824e+06	0
1.79834e+06	0
1.79844e+06	0
1.79854e+06	0
1.79864e+06	0
1.79874e+06	0
1.79884e+06	0
1.79894e+06	0
1.79904e+06	0
1.79914e+06	0
1.79924e+06	0
1.79934e+06	0
1.79944e+06	0
1.79954e+06	0
1.79964e+06	0
1.79974e+06	0
1.79984e+06	0
1.79994e+06	0
1.80004e+06	0
1.80014e+06	0
1.80024e+06	0
1.80034e+06	0
1.80044e+06	0
1.80054e+06	0
1.80064e+06	0
1.80074e+06	0
1.80084e+06	0
1.80094e+06	0
1.80104e+06	0
1.80114e+06	0
1.80124e+06	0
1.80134e+06	0
1.80144e+06	0
1.80154e+06	0
1.80164e+06	0
1.80174e+06	0
1.80184e+06	0
1.80194e+06	0
1.80204e+06	0
1.80214e+06	0
1.80224e+06	0
1.80234e+06	0
1.80244e+06	0
1.80254e+06	0
1.80264e+06	0
1.80274e+06	0
1.80284e+06	0
1.80294e+06	0
1.80304e+06	0
1.80314e+06	0
1.80324e+06	0
1.80334e+06	0
1.80344e+06	0
1.80354e+06	0
1.80364e+06	0
1.80374e+06	0
1.80384e+06	0
1.80394e+06	0
1.80404e+06	0
1.80414e+06	0
1.80424e+06	0
1.80434e+06	0
1.80444e+06	0
1.80454e+06	0
1.80464e+06	0
1.80474e+06	0
1.80484e+06	0
1.80494e+06	0
1.80504e+06	0
1.80514e+06	0
1.80524e+06	0
1.80534e+06	0
1.80544e+06	0
1.80554e+06	0
1.80564e+06	0
1.80574e+06	0
1.80584e+06	0
1.80594e+06	0
1.80604e+06	0
1.80614e+06	0
1.80624e+06	0
1.80634e+06	0
1.80644e+06	0
1.80654e+06	0
1.80664e+06	0
1.80674e+06	0
1.80684e+06	0
1.80694e+06	0
1.80704e+06	0
1.80714e+06	0
1.80724e+06	0
1.80734e+06	0
1.80744e+06	0
1.80754e+06	0
1.80764e+06	0
1.80774e+06	0
1.80784e+06	0
1.80794e+06	0
1.80804e+06	0
1.80814e+06	0
1.80824e+06	0
1.80834e+06	0
1.80844e+06	0
1.80854e+06	0
1.80864e+06	0
1.80874e+06	0
1.80884e+06	0
1.80894e+06	0
1.80904e+06	0
1.80914e+06	0
1.80924e+06	0
1.80934e+06	0
1.80944e+06	0
1.80954e+06	0
1.80964e+06	0
1.80974e+06	0
1.80984e+06	0
1.80994e+06	0
1.81004e+06	0
1.81014e+06	0
1.81024e+06	0
1.81034e+06	0
1.81044e+06	0
1.81054e+06	0
1.81064e+06	0
1.81074e+06	0
1.81084e+06	0
1.81094e+06	0
1.81104e+06	0
1.81114e+06	0
1.81124e+06	0
1.81134e+06	0
1.81144e+06	0
1.81154e+06	0
1.81164e+06	0
1.81174e+06	0
1.81184e+06	0
1.81194e+06	0
1.81204e+06	0
1.81214e+06	0
1.81224e+06	0
1.81234e+06	0
1.81244e+06	0
1.81254e+06	0
1.81264e+06	0
1.81274e+06	0
1.81284e+06	0
1.81294e+06	0
1.81304e+06	0
1.81314e+06	0
1.81324e+06	0
1.81334e+06	0
1.81344e+06	0
1.81354e+06	0
1.81364e+06	0
1.81374e+06	0
1.81384e+06	0
1.81394e+06	0
1.81404e+06	0
1.81414e+06	0
1.81424e+06	0
1.81434e+06	0
1.81444e+06	0
1.81454e+06	0
1.81464e+06	0
1.81474e+06	0
1.81484e+06	0
1.81494e+06	4.94066e-324
1.81504e+06	1.43279e-322
1.81514e+06	6.73411e-321
1.81524e+06	3.09527e-319
1.81534e+06	1.40848e-317
1.81544e+06	6.34543e-316
1.81554e+06	2.83027e-314
1.81564e+06	1.24983e-312
1.81574e+06	5.46425e-311
1.81584e+06	2.3652e-309
1.81594e+06	1.01359e-307
1.81604e+06	4.30045e-306
1.81614e+06	1.80643e-304
1.81624e+06	7.51256e-303
1.81634e+06	3.09322e-301
1.81644e+06	1.26093e-299
1.81654e+06	5.08893e-298
1.81664e+06	2.03339e-296
1.81674e+06	8.04398e-295
1.81684e+06	3.1505e-293
1.81694e+06	1.22164e-291
1.81704e+06	4.68993e-290
1.81714e+06	1.78256e-288
1.81724e+06	6.70781e-287
1.81734e+06	2.49905e-285
1.81744e+06	9.21774e-284
1.81754e+06	3.36614e-282
1.81764e+06	1.21701e-280
1.81774e+06	4.35629e-279
1.81784e+06	1.54382e-277
1.81794e+06	5.41665e-276
1.81804e+06	1.88158e-274
1.81814e+06	6.47103e-273
1.81824e+06	2.20333e-271
1.81834e+06	7.42751e-270
1.81844e+06	2.47893e-268
1.81854e+06	8.1911e-267
1.81864e+06	2.67964e-265
1.81874e+06	8.67898e-264
1.81884e+06	2.78303e-262
1.81894e+06	8.83535e-261
1.81904e+06	2.77707e-259
1.81914e+06	8.64185e-258
1.81924e+06	2.66247e-256
1.81934e+06	8.12117e-255
1.81944e+06	2.4525e-253
1.81954e+06	7.3326e-252
1.81964e+06	2.17052e-250
1.81974e+06	6.36101e-249
1.81984e+06	1.84563e-247
1.81994e+06	5.30178e-246
1.82004e+06	1.50784e-244
1.82014e+06	4.24567e-243
1.82024e+06	1.18357e-241
1.82034e+06	3.26662e-240
1.82044e+06	8.92608e-239
1.82054e+06	2.41479e-237
1.82064e+06	6.46778e-236
1.82074e+06	1.7151e-234
1.82084e+06	4.50276e-233
1.82094e+06	1.17038e-231
1.82104e+06	3.01183e-230
1.82114e+06	7.67346e-229
1.82124e+06	1.93557e-227
1.82134e+06	4.83375e-226
1.82144e+06	1.19514e-224
1.82154e+06	2.92554e-223
1.82164e+06	7.09011e-222
1.82174e+06	1.7012e-220
1.82184e+06	4.04126e-219
1.82194e+06	9.50462e-218
1.82204e+06	2.21314e-216
1.82214e+06	5.10201e-215
1.82224e+06	1.16447e-213
1.82234e+06	2.63133e-212
1.82244e+06	5.8868e-211
1.82254e+06	1.30388e-209
1.82264e+06	2.85928e-208
1.82274e+06	6.20769e-207
1.82284e+06	1.33432e-205
1.82294e+06	2.83955e-204
1.82304e+06	5.98267e-203
1.82314e+06	1.24795e-201
1.82324e+06	2.57725e-200
1.82334e+06	5.26954e-199
1.82344e+06	1.06671e-197
1.82354e+06	2.13785e-196
1.82364e+06	4.24194e-195
1.82374e+06	8.33315e-194
1.82384e+06	1.62073e-192
1.82394e+06	3.12083e-191
1.82404e+06	5.94957e-190
1.82414e+06	1.12294e-188
1.82424e+06	2.0984e-187
1.82434e+06	3.88218e-186
1.82444e+06	7.11082e-185
1.82454e+06	1.2895e-183
1.82464e+06	2.31515e-182
1.82474e+06	4.11523e-181
1.82484e+06	7.24213e-180
1.82494e+06	1.26181e-178
1.82504e+06	2.17662e-177
1.82514e+06	3.71728e-176
1.82524e+06	6.2853e-175
1.82534e+06	1.05216e-173
1.82544e+06	1.7438e-172
1.82554e+06	2.86134e-171
1.82564e+06	4.64834e-170
1.82574e+06	7.47625e-169
1.82584e+06	1.19049e-167
1.82594e+06	1.87684e-166
1.82604e+06	2.92943e-165
1.82614e+06	4.52687e-164
1.82624e+06	6.92578e-163
1.82634e+06	1.04905e-161
1.82644e+06	1.57319e-160
1.82654e+06	2.33574e-159
1.82664e+06	3.43339e-158
1.82674e+06	4.99666e-157
1.82684e+06	7.19935e-156
1.82694e+06	1.02698e-154
1.82704e+06	1.45041e-153
1.82714e+06	2.02804e-152
1.82724e+06	2.80748e-151
1.82734e+06	3.84783e-150
1.82744e+06	5.22121e-149
1.82754e+06	7.0143e-148
1.82764e+06	9.32941e-147
1.82774e+06	1.22852e-145
1.82784e+06	1.60164e-144
1.82794e+06	2.06731e-143
1.82804e+06	2.64182e-142
1.82814e+06	3.3424e-141
1.82824e+06	4.18669e-140
1.82834e+06	5.19207e-139
1.82844e+06	6.3748e-138
1.82854e+06	7.74907e-137
1.82864e+06	9.32589e-136
1.82874e+06	1.11119e-134
1.82884e+06	1.31082e-133
1.82894e+06	1.53092e-132
1.82904e+06	1.7702e-131
1.82914e+06	2.02651e-130
1.82924e+06	2.29684e-129
1.82934e+06	2.57733e-128
1.82944e+06	2.8633e-127
1.82954e+06	3.14935e-126
1.82964e+06	3.42951e-125
1.82974e+06	3.69743e-124
1.82984e+06	3.94662e-123
1.82994e+06	4.17068e-122
1.83004e+06	4.36361e-121
1.83014e+06	4.52004e-120
1.83024e+06	4.63549e-119
1.83034e+06	4.70658e-118
1.83044e+06	4.73122e-117
1.83054e+06	4.70866e-116
1.83064e+06	4.63958e-115
1.83074e+06	4.52603e-114
1.83084e+06	4.37133e-113
1.83094e+06	4.1799e-112
1.83104e+06	3.95709e-111
1.83114e+06	3.70888e-110
1.83124e+06	3.44165e-109
1.83134e+06	3.16189e-108
1.83144e+06	2.87597e-107
1.83154e+06	2.58988e-106
1.83164e+06	2.30904e-105
1.83174e+06	2.03817e-104
1.83184e+06	1.78118e-103
1.83194e+06	1.5411e-102
1.83204e+06	1.32011e-101
1.83214e+06	1.11956e-100
1.83224e+06	9.40031e-100
1.83234e+06	7.81436e-99
1.83244e+06	6.43135e-98
1.83254e+06	5.24044e-97
1.83264e+06	4.22756e-96
1.83274e+06	3.37652e-95
1.83284e+06	2.66997e-94
1.83294e+06	2.09026e-93
1.83304e+06	1.62013e-92
1.83314e+06	1.24325e-91
1.83324e+06	9.44547e-91
1.83334e+06	7.1047e-90
1.83344e+06	5.29084e-89
1.83354e+06	3.90086e-88
1.83364e+06	2.84744e-87
1.83374e+06	2.0578e-86
1.83384e+06	1.47235e-85
1.83394e+06	1.04298e-84
1.83404e+06	7.31471e-84
1.83414e+06	5.07897e-83
1.83424e+06	3.49149e-82
1.83434e+06	2.37631e-81
1.83444e+06	1.60123e-80
1.83454e+06	1.06822e-79
1.83464e+06	7.05542e-79
1.83474e+06	4.61364e-78
1.83484e+06	2.98691e-77
1.83494e+06	1.9145e-76
1.83504e+06	1.21492e-75
1.83514e+06	7.63304e-75
1.83524e+06	4.74792e-74
1.83534e+06	2.92393e-73
1.83544e+06	1.78273e-72
1.83554e+06	1.07613e-71
1.83564e+06	6.43129e-71
1.83574e+06	3.8053e-70
1.83584e+06	2.22914e-69
1.83594e+06	1.29283e-68
1.83604e+06	7.42344e-68
1.83614e+06	4.22012e-67
1.83624e+06	2.37521e-66
1.83634e+06	1.32353e-65
1.83644e+06	7.30173e-65
1.83654e+06	3.98817e-64
1.83664e+06	2.15664e-63
1.83674e+06	1.15462e-62
1.83684e+06	6.12011e-62
1.83694e+06	3.2117e-61
1.83704e+06	1.66866e-60
1.83714e+06	8.58337e-60
1.83724e+06	4.37124e-59
1.83734e+06	2.20399e-58
1.83744e+06	1.1002e-57
1.83754e+06	5.43737e-57
1.83764e+06	2.6605e-56
1.83774e+06	1.28883e-55
1.83784e+06	6.18139e-55
1.83794e+06	2.93516e-54
1.83804e+06	1.37986e-53
1.83814e+06	6.42239e-53
1.83824e+06	2.95947e-52
1.83834e+06	1.35017e-51
1.83844e+06	6.09847e-51
1.83854e+06	2.72715e-50
1.83864e+06	1.20741e-49
1.83874e+06	5.29247e-49
1.83884e+06	2.29677e-48
1.83894e+06	9.86814e-48
1.83904e+06	4.19768e-47
1.83914e+06	1.76783e-46
1.83924e+06	7.37104e-46
1.83934e+06	3.0428e-45
1.83944e+06	1.24359e-44
1.83954e+06	5.03194e-44
1.83964e+06	2.01582e-43
1.83974e+06	7.99513e-43
1.83984e+06	3.13947e-42
1.83994e+06	1.22052e-41
1.84004e+06	4.69774e-41
1.84014e+06	1.79015e-40
1.84024e+06	6.75381e-40
1.84034e+06	2.5227e-39
1.84044e+06	9.32906e-39
1.84054e+06	3.4156e-38
1.84064e+06	1.2381e-37
1.84074e+06	4.44323e-37
1.84084e+06	1.5787e-36
1.84094e+06	5.55339e-36
1.84104e+06	1.93407e-35
1.84114e+06	6.66876e-35
1.84124e+06	2.27654e-34
1.84134e+06	7.69416e-34
1.84144e+06	2.57457e-33
1.84154e+06	8.52914e-33
1.84164e+06	2.79745e-32
1.84174e+06	9.084e-32
1.84184e+06	2.92044e-31
1.84194e+06	9.2956e-31
1.84204e+06	2.9293e-30
1.84214e+06	9.13916e-30
1.84224e+06	2.82297e-29
1.84234e+06	8.63302e-29
1.84244e+06	2.61383e-28
1.84254e+06	7.83516e-28
1.84264e+06	2.32528e-27
1.84274e+06	6.83221e-27
1.84284e+06	1.98748e-26
1.84294e+06	5.72404e-26
1.84304e+06	1.63215e-25
1.84314e+06	4.60758e-25
1.84324e+06	1.28778e-24
1.84334e+06	3.56345e-24
1.84344e+06	9.76237e-24
1.84354e+06	2.64787e-23
1.84364e+06	7.11042e-23
1.84374e+06	1.89039e-22
1.84384e+06	4.97581e-22
1.84394e+06	1.29668e-21
1.84404e+06	3.3455e-21
1.84414e+06	8.54565e-21
1.84424e+06	2.16116e-20
1.84434e+06	5.41109e-20
1.84444e+06	1.34134e-19
1.84454e+06	3.29194e-19
1.84464e+06	7.99874e-19
1.84474e+06	1.92419e-18
1.84484e+06	4.58281e-18
1.84494e+06	1.08062e-17
1.84504e+06	2.52273e-17
1.84514e+06	5.83078e-17
1.84524e+06	1.33425e-16
1.84534e+06	3.02279e-16
1.84544e+06	6.78008e-16
1.84554e+06	1.50563e-15
1.84564e+06	3.31025e-15
1.84574e+06	7.20541e-15
1.84584e+06	1.5528e-14
1.84594e+06	3.31305e-14
1.84604e+06	6.9984e-14
1.84614e+06	1.46362e-13
1.84624e+06	3.03049e-13
1.84634e+06	6.21236e-13
1.84644e+06	1.26083e-12
1.84654e+06	2.53348e-12
1.84664e+06	5.04004e-12
1.84674e+06	9.92681e-12
1.84684e+06	1.93572e-11
1.84694e+06	3.73711e-11
1.84704e+06	7.1431e-11
1.84714e+06	1.35175e-10
1.84724e+06	2.5326e-10
1.84734e+06	4.69781e-10
1.84744e+06	8.62751e-10
1.84754e+06	1.56869e-09
1.84764e+06	2.82389e-09
1.84774e+06	5.03293e-09
1.84784e+06	8.88092e-09
1.84794e+06	1.55152e-08
1.84804e+06	2.68364e-08
1.84814e+06	4.59573e-08
1.84824e+06	7.79209e-08
1.84834e+06	1.30804e-07
1.84844e+06	2.17401e-07
1.84854e+06	3.57746e-07
1.84864e+06	5.8286e-07
1.84874e+06	9.40227e-07
1.84884e+06	1.5017e-06
1.84894e+06	2.37478e-06
1.84904e+06	3.71837e-06
1.84914e+06	5.76476e-06
1.84924e+06	8.84938e-06
1.84934e+06	1.3451e-05
1.84944e+06	2.0245e-05
1.84954e+06	3.01725e-05
1.84964e+06	4.45294e-05
1.84974e+06	6.50784e-05
1.84984e+06	9.41884e-05
1.84994e+06	0.000135004
1.85004e+06	0.000191648
1.85014e+06	0.00026946
1.85024e+06	0.000375271
1.85034e+06	0.00051771
1.85044e+06	0.000707545
1.85054e+06	0.000958053
1.85064e+06	0.0012854
1.85074e+06	0.00170905
1.85084e+06	0.00225214
1.85094e+06	0.00294191
1.85104e+06	0.00381006
1.85114e+06	0.00489312
1.85124e+06	0.0062328
1.85134e+06	0.00787637
1.85144e+06	0.009877
1.85154e+06	0.0122942
1.85164e+06	0.0151941
1.85174e+06	0.0186504
1.85184e+06	0.0227443
1.85194e+06	0.0275659
1.85204e+06	0.0332142
1.85214e+06	0.0397983
1.85224e+06	0.0474373
1.85234e+06	0.0562608
1.85244e+06	0.066408
1.85254e+06	0.0780262
1.85264e+06	0.0912685
1.85274e+06	0.10629
1.85284e+06	0.123241
1.85294e+06	0.14226
1.85304e+06	0.163465
1.85314e+06	0.186943
1.85324e+06	0.212734
1.85334e+06	0.240822
1.85344e+06	0.271121
1.85354e+06	0.30346
1.85364e+06	0.337577
1.85374e+06	0.373111
1.85384e+06	0.409597
1.85394e+06	0.446473
1.85404e+06	0.483089
1.85414e+06	0.518716
1.85424e+06	0.552577
1.85434e+06	0.583867
1.85444e+06	0.611784
1.85454e+06	0.635567
1.85464e+06	0.654527
1.85474e+06	0.668079
1.85484e+06	0.675776
1.85494e+06	0.677326
1.85504e+06	0.672615
1.85514e+06	0.66171
1.85524e+06	0.644858
1.85534e+06	0.622478
1.85544e+06	0.595142
1.85554e+06	0.563546
1.85564e+06	0.52848
1.85574e+06	0.490796
1.85584e+06	0.451368
1.85594e+06	0.411058
1.85604e+06	0.370687
1.85614e+06	0.331004
1.85624e+06	0.292666
1.85634e+06	0.256221
1.85644e+06	0.222104
1.85654e+06	0.19063
1.85664e+06	0.161999
1.85674e+06	0.136307
1.85684e+06	0.113554
1.85694e+06	0.093662
1.85704e+06	0.076489
1.85714e+06	0.0618452
1.85724e+06	0.0495088
1.85734e+06	0.0392398
1.85744e+06	0.0307919
1.85754e+06	0.0239228
1.85764e+06	0.0184015
1.85774e+06	0.0140138
1.85784e+06	0.0105662
1.85794e+06	0.00788761
1.85804e+06	0.00582951
1.85814e+06	0.00426559
1.85824e+06	0.0030902
1.85834e+06	0.00221643
1.85844e+06	0.00157391
1.85854e+06	0.00110653
1.85864e+06	0.000770205
1.85874e+06	0.000530772
1.85884e+06	0.000362133
1.85894e+06	0.000244616
1.85904e+06	0.000163592
1.85914e+06	0.000108316
1.85924e+06	7.10044e-05
1.85934e+06	4.60823e-05
1.85944e+06	2.96101e-05
1.85954e+06	1.88367e-05
1.85964e+06	1.18638e-05
1.85974e+06	7.39781e-06
1.85984e+06	4.56708e-06
1.85994e+06	2.79146e-06
1.86004e+06	1.6892e-06
1.86014e+06	1.01202e-06
1.86024e+06	6.0028e-07
1.86034e+06	3.52514e-07
1.86044e+06	2.04953e-07
1.86054e+06	1.17975e-07
1.86064e+06	6.72333e-08
1.86074e+06	3.79345e-08
1.86084e+06	2.11905e-08
1.86094e+06	1.17194e-08
1.86104e+06	6.41695e-09
1.86114e+06	3.47862e-09
1.86124e+06	1.86699e-09
1.86134e+06	9.92055e-10
1.86144e+06	5.21898e-10
1.86154e+06	2.71827e-10
1.86164e+06	1.40171e-10
1.86174e+06	7.15613e-11
1.86184e+06	3.61707e-11
1.86194e+06	1.81007e-11
1.86204e+06	8.96801e-12
1.86214e+06	4.39931e-12
1.86224e+06	2.13729e-12
1.86234e+06	1.02937e-12
1.86244e+06	4.93656e-13
1.86254e+06	2.40156e-13
1.86264e+06	1.27302e-13
1.86274e+06	8.94673e-14
1.86284e+06	1.0196e-13
1.86294e+06	1.66486e-13
1.86304e+06	3.09433e-13
1.86314e+06	5.90979e-13
1.86324e+06	1.12742e-12
1.86334e+06	2.1338e-12
1.86344e+06	4.0002e-12
1.86354e+06	7.42529e-12
1.86364e+06	1.36463e-11
1.86374e+06	2.48298e-11
1.86384e+06	4.47292e-11
1.86394e+06	7.97749e-11
1.86404e+06	1.40863e-10
1.86414e+06	2.46256e-10
1.86424e+06	4.26219e-10
1.86434e+06	7.30358e-10
1.86444e+06	1.23907e-09
1.86454e+06	2.0812e-09
1.86464e+06	3.46089e-09
1.86474e+06	5.69795e-09
1.86484e+06	9.28767e-09
1.86494e+06	1.49883e-08
1.86504e+06	2.39472e-08
1.86514e+06	3.78803e-08
1.86524e+06	5.9324e-08
1.86534e+06	9.19822e-08
1.86544e+06	1.412e-07
1.86554e+06	2.14596e-07
1.86564e+06	3.22899e-07
1.86574e+06	4.81026e-07
1.86584e+06	7.09459e-07
1.86594e+06	1.03596e-06
1.86604e+06	1.49767e-06
1.86614e+06	2.14361e-06
1.86624e+06	3.03762e-06
1.86634e+06	4.26165e-06
1.86644e+06	5.91941e-06
1.86654e+06	8.14023e-06
1.86664e+06	1.10829e-05
1.86674e+06	1.49391e-05
1.86684e+06	1.99367e-05
1.86694e+06	2.63415e-05
1.86704e+06	3.44575e-05
1.86714e+06	4.46256e-05
1.86724e+06	5.72192e-05
1.86734e+06	7.26368e-05
1.86744e+06	9.1291e-05
1.86754e+06	0.000113594
1.86764e+06	0.00013994
1.86774e+06	0.000170681
1.86784e+06	0.000206104
1.86794e+06	0.000246401
1.86804e+06	0.000291646
1.86814e+06	0.000341765
1.86824e+06	0.000396511
1.86834e+06	0.00045545
1.86844e+06	0.000517944
1.86854e+06	0.000583153
1.86864e+06	0.000650038
1.86874e+06	0.000717385
1.86884e+06	0.000783832
1.86894e+06	0.000847911
1.86904e+06	0.000908103
1.86914e+06	0.00096289
1.86924e+06	0.00101082
1.86934e+06	0.00105058
1.86944e+06	0.00108105
1.86954e+06	0.00110132
1.86964e+06	0.00111081
1.86974e+06	0.00110924
1.86984e+06	0.00109664
1.86994e+06	0.00107341
1.87004e+06	0.0010402
1.87014e+06	0.000998001
1.87024e+06	0.000947982
1.87034e+06	0.000891511
1.87044e+06	0.000830061
1.87054e+06	0.000765157
1.87064e+06	0.000698309
1.87074e+06	0.000630961
1.87084e+06	0.000564435
1.87094e+06	0.000499899
1.87104e+06	0.000438337
1.87114e+06	0.000380532
1.87124e+06	0.000327063
1.87134e+06	0.000278309
1.87144e+06	0.000234467
1.87154e+06	0.000195566
1.87164e+06	0.000161496
1.87174e+06	0.000132034
1.87184e+06	0.000106873
1.87194e+06	8.5646e-05
1.87204e+06	6.79522e-05
1.87214e+06	5.33773e-05
1.87224e+06	4.15114e-05
1.87234e+06	3.1962e-05
1.87244e+06	2.43646e-05
1.87254e+06	1.83882e-05
1.87264e+06	1.37398e-05
1.87274e+06	1.01642e-05
1.87284e+06	7.44436e-06
1.87294e+06	5.39805e-06
1.87304e+06	3.87529e-06
1.87314e+06	2.7544e-06
1.87324e+06	1.93824e-06
1.87334e+06	1.35035e-06
1.87344e+06	9.31411e-07
1.87354e+06	6.36053e-07
1.87364e+06	4.30034e-07
1.87374e+06	2.87852e-07
1.87384e+06	1.90762e-07
1.87394e+06	1.25162e-07
1.87404e+06	8.13036e-08
1.87414e+06	5.22882e-08
1.87424e+06	3.32932e-08
1.87434e+06	2.09877e-08
1.87444e+06	1.30987e-08
1.87454e+06	8.0938e-09
1.87464e+06	4.95144e-09
1.87474e+06	2.99895e-09
1.87484e+06	1.7983e-09
1.87494e+06	1.06761e-09
1.87504e+06	6.27511e-10
1.87514e+06	3.65162e-10
1.87524e+06	2.10382e-10
1.87534e+06	1.20002e-10
1.87544e+06	6.77678e-11
1.87554e+06	3.78893e-11
1.87564e+06	2.09733e-11
1.87574e+06	1.14941e-11
1.87584e+06	6.23646e-12
1.87594e+06	3.35012e-12
1.87604e+06	1.78171e-12
1.87614e+06	9.38153e-13
1.87624e+06	4.89065e-13
1.87634e+06	2.52415e-13
1.87644e+06	1.2898e-13
1.87654e+06	6.52509e-14
1.87664e+06	3.26819e-14
1.87674e+06	1.62063e-14
1.87684e+06	7.95646e-15
1.87694e+06	3.86733e-15
1.87704e+06	1.86106e-15
1.87714e+06	8.8668e-16
1.87724e+06	4.18244e-16
1.87734e+06	1.95322e-16
1.87744e+06	9.03082e-17
1.87754e+06	4.13392e-17
1.87764e+06	1.8735e-17
1.87774e+06	8.40623e-18
1.87784e+06	3.73428e-18
1.87794e+06	1.64236e-18
1.87804e+06	7.15136e-19
1.87814e+06	3.08294e-19
1.87824e+06	1.31583e-19
1.87834e+06	5.56019e-20
1.87844e+06	2.32615e-20
1.87854e+06	9.63479e-21
1.87864e+06	3.95098e-21
1.87874e+06	1.60407e-21
1.87884e+06	6.44762e-22
1.87894e+06	2.56586e-22
1.87904e+06	1.01093e-22
1.87914e+06	3.94339e-23
1.87924e+06	1.52291e-23
1.87934e+06	5.82284e-24
1.87944e+06	2.20421e-24
1.87954e+06	8.26093e-25
1.87964e+06	3.06522e-25
1.87974e+06	1.12603e-25
1.87984e+06	4.09541e-26
1.87994e+06	1.47469e-26
1.88004e+06	5.25728e-27
1.88014e+06	1.85558e-27
1.88024e+06	6.48416e-28
1.88034e+06	2.24329e-28
1.88044e+06	7.68378e-29
1.88054e+06	2.60568e-29
1.88064e+06	8.74835e-30
1.88074e+06	2.90812e-30
1.88084e+06	9.57608e-31
1.88094e+06	3.13911e-31
1.88104e+06	1.0756e-31
1.88114e+06	5.4966e-32
1.88124e+06	8.41705e-32
1.88134e+06	2.40593e-31
1.88144e+06	7.54962e-31
1.88154e+06	2.37098e-30
1.88164e+06	7.37995e-30
1.88174e+06	2.2745e-29
1.88184e+06	6.94044e-29
1.88194e+06	2.09677e-28
1.88204e+06	6.27161e-28
1.88214e+06	1.85725e-27
1.88224e+06	5.44538e-27
1.88234e+06	1.5807e-26
1.88244e+06	4.54297e-26
1.88254e+06	1.29269e-25
1.88264e+06	3.64182e-25
1.88274e+06	1.01581e-24
1.88284e+06	2.80526e-24
1.88294e+06	7.6702e-24
1.88304e+06	2.0764e-23
1.88314e+06	5.56531e-23
1.88324e+06	1.47687e-22
1.88334e+06	3.88034e-22
1.88344e+06	1.00943e-21
1.88354e+06	2.59992e-21
1.88364e+06	6.63017e-21
1.88374e+06	1.67407e-20
1.88384e+06	4.1851e-20
1.88394e+06	1.03592e-19
1.88404e+06	2.53884e-19
1.88414e+06	6.16082e-19
1.88424e+06	1.48025e-18
1.88434e+06	3.52153e-18
1.88444e+06	8.29522e-18
1.88454e+06	1.93477e-17
1.88464e+06	4.46829e-17
1.88474e+06	1.0218e-16
1.88484e+06	2.3137e-16
1.88494e+06	5.18767e-16
1.88504e+06	1.15177e-15
1.88514e+06	2.53215e-15
1.88524e+06	5.51256e-15
1.88534e+06	1.1884e-14
1.88544e+06	2.53703e-14
1.88554e+06	5.36348e-14
1.88564e+06	1.12289e-13
1.88574e+06	2.3281e-13
1.88584e+06	4.78026e-13
1.88594e+06	9.72066e-13
1.88604e+06	1.95769e-12
1.88614e+06	3.9049e-12
1.88624e+06	7.71438e-12
1.88634e+06	1.5095e-11
1.88644e+06	2.9256e-11
1.88654e+06	5.61647e-11
1.88664e+06	1.06805e-10
1.88674e+06	2.01194e-10
1.88684e+06	3.75449e-10
1.88694e+06	6.94085e-10
1.88704e+06	1.27122e-09
1.88714e+06	2.3067e-09
1.88724e+06	4.14708e-09
1.88734e+06	7.38745e-09
1.88744e+06	1.30397e-08
1.88754e+06	2.28078e-08
1.88764e+06	3.9533e-08
1.88774e+06	6.79078e-08
1.88784e+06	1.15607e-07
1.88794e+06	1.95063e-07
1.88804e+06	3.26221e-07
1.88814e+06	5.40778e-07
1.88824e+06	8.88619e-07
1.88834e+06	1.44751e-06
1.88844e+06	2.33754e-06
1.88854e+06	3.74235e-06
1.88864e+06	5.94014e-06
1.88874e+06	9.3483e-06
1.88884e+06	1.4587e-05
1.88894e+06	2.25691e-05
1.88904e+06	3.46247e-05
1.88914e+06	5.26735e-05
1.88924e+06	7.94586e-05
1.88934e+06	0.000118861
1.88944e+06	0.000176315
1.88954e+06	0.000259355
1.88964e+06	0.000378315
1.88974e+06	0.000547223
1.88984e+06	0.000784912
1.88994e+06	0.00111639
1.89004e+06	0.0015745
1.89014e+06	0.00220186
1.89024e+06	0.0030531
1.89034e+06	0.00419745
1.89044e+06	0.00572145
1.89054e+06	0.00773189
1.89064e+06	0.0103587
1.89074e+06	0.0137578
1.89084e+06	0.0181131
1.89094e+06	0.0236383
1.89104e+06	0.0305775
1.89114e+06	0.0392036
1.89124e+06	0.0498159
1.89134e+06	0.0627345
1.89144e+06	0.0782926
1.89154e+06	0.0968255
1.89164e+06	0.118657
1.89174e+06	0.144083
1.89184e+06	0.173351
1.89194e+06	0.206642
1.89204e+06	0.244046
1.89214e+06	0.285538
1.89224e+06	0.330966
1.89234e+06	0.380026
1.89244e+06	0.432254
1.89254e+06	0.487019
1.89264e+06	0.543526
1.89274e+06	0.60083
1.89284e+06	0.65785
1.89294e+06	0.713405
1.89304e+06	0.766247
1.89314e+06	0.815109
1.89324e+06	0.858752
1.89334e+06	0.896022
1.89344e+06	0.925891
1.89354e+06	0.947514
1.89364e+06	0.960263
1.89374e+06	0.963759
1.89384e+06	0.95789
1.89394e+06	0.94282
1.89404e+06	0.918975
1.89414e+06	0.887031
1.89424e+06	0.847874
1.89434e+06	0.802566
1.89444e+06	0.752291
1.89454e+06	0.698307
1.89464e+06	0.641894
1.89474e+06	0.584302
1.89484e+06	0.526709
1.89494e+06	0.470182
1.89504e+06	0.415648
1.89514e+06	0.363876
1.89524e+06	0.315466
1.89534e+06	0.270852
1.89544e+06	0.2303
1.89554e+06	0.19393
1.89564e+06	0.161732
1.89574e+06	0.133583
1.89584e+06	0.109276
1.89594e+06	0.0885362
1.89604e+06	0.0710487
1.89614e+06	0.0564732
1.89624e+06	0.0444629
1.89634e+06	0.0346773
1.89644e+06	0.0267928
1.89654e+06	0.0205102
1.89664e+06	0.0155595
1.89674e+06	0.0117025
1.89684e+06	0.00873317
1.89694e+06	0.00647699
1.89704e+06	0.0047893
1.89714e+06	0.00355289
1.89724e+06	0.00267545
1.89734e+06	0.00208704
1.89744e+06	0.00173769
1.89754e+06	0.00159543
1.89764e+06	0.00164469
1.89774e+06	0.00188523
1.89784e+06	0.0023314
1.89794e+06	0.00301189
1.89804e+06	0.00396971
1.89814e+06	0.00526239
1.89824e+06	0.00696209
1.89834e+06	0.00915563
1.89844e+06	0.0119441
1.89854e+06	0.0154419
1.89864e+06	0.0197749
1.89874e+06	0.0250778
1.89884e+06	0.03149
1.89894e+06	0.0391506
1.89904e+06	0.0481919
1.89914e+06	0.0587316
1.89924e+06	0.0708648
1.89934e+06	0.0846541
1.89944e+06	0.10012
1.89954e+06	0.117234
1.89964e+06	0.135908
1.89974e+06	0.155988
1.89984e+06	0.177254
1.89994e+06	0.199414
1.90004e+06	0.222113
1.90014e+06	0.244934
1.90024e+06	0.267413
1.90034e+06	0.289049
1.90044e+06	0.309327
1.90054e+06	0.327733
1.90064e+06	0.34378
1.90074e+06	0.357025
1.90084e+06	0.36709
1.90094e+06	0.373684
1.90104e+06	0.376611
1.90114e+06	0.375785
1.90124e+06	0.371229
1.90134e+06	0.363079
1.90144e+06	0.351575
1.90154e+06	0.337048
1.90164e+06	0.319907
1.90174e+06	0.300615
1.90184e+06	0.279677
1.90194e+06	0.257607
1.90204e+06	0.234919
1.90214e+06	0.212097
1.90224e+06	0.189586
1.90234e+06	0.167779
1.90244e+06	0.147003
1.90254e+06	0.127517
1.90264e+06	0.109514
1.90274e+06	0.0931171
1.90284e+06	0.0783872
1.90294e+06	0.0653307
1.90304e+06	0.0539073
1.90314e+06	0.0440387
1.90324e+06	0.0356187
1.90334e+06	0.0285219
1.90344e+06	0.0226119
1.90354e+06	0.0177481
1.90364e+06	0.0137919
1.90374e+06	0.0106109
1.90384e+06	0.00808238
1.90394e+06	0.00609512
1.90404e+06	0.00455075
1.90414e+06	0.00336388
1.90424e+06	0.00246181
1.90434e+06	0.00178372
1.90444e+06	0.00127954
1.90454e+06	0.00090874
1.90464e+06	0.000638973
1.90474e+06	0.000444818
1.90484e+06	0.000306576
1.90494e+06	0.000209196
1.90504e+06	0.000141326
1.90514e+06	9.4526e-05
1.90524e+06	6.25945e-05
1.90534e+06	4.10373e-05
1.90544e+06	2.66365e-05
1.90554e+06	1.71172e-05
1.90564e+06	1.08905e-05
1.90574e+06	6.85988e-06
1.90584e+06	4.27803e-06
1.90594e+06	2.64136e-06
1.90604e+06	1.61462e-06
1.90614e+06	9.77166e-07
1.90624e+06	5.85496e-07
1.90634e+06	3.47325e-07
1.90644e+06	2.03989e-07
1.90654e+06	1.18613e-07
1.90664e+06	6.82836e-08
1.90674e+06	3.89186e-08
1.90684e+06	2.19611e-08
1.90694e+06	1.2269e-08
1.90704e+06	6.78612e-09
1.90714e+06	3.71613e-09
1.90724e+06	2.01473e-09
1.90734e+06	1.08143e-09
1.90744e+06	5.74698e-10
1.90754e+06	3.02369e-10
1.90764e+06	1.57504e-10
1.90774e+06	8.12274e-11
1.90784e+06	4.14735e-11
1.90794e+06	2.09651e-11
1.90804e+06	1.04925e-11
1.90814e+06	5.19898e-12
1.90824e+06	2.55044e-12
1.90834e+06	1.23871e-12
1.90844e+06	5.95634e-13
1.90854e+06	2.83562e-13
1.90864e+06	1.33651e-13
1.90874e+06	6.23672e-14
1.90884e+06	2.88141e-14
1.90894e+06	1.3181e-14
1.90904e+06	5.97226e-15
1.90914e+06	2.68503e-15
1.90924e+06	1.20848e-15
1.90934e+06	5.68064e-16
1.90944e+06	3.2853e-16
1.90954e+06	3.18772e-16
1.90964e+06	5.1823e-16
1.90974e+06	1.03508e-15
1.90984e+06	2.15827e-15
1.90994e+06	4.5048e-15
1.91004e+06	9.32947e-15
1.91014e+06	1.91375e-14
1.91024e+06	3.88693e-14
1.91034e+06	7.81617e-14
1.91044e+06	1.55611e-13
1.91054e+06	3.0672e-13
1.91064e+06	5.98552e-13
1.91074e+06	1.15643e-12
1.91084e+06	2.21204e-12
1.91094e+06	4.18913e-12
1.91104e+06	7.85438e-12
1.91114e+06	1.458e-11
1.91124e+06	2.67953e-11
1.91134e+06	4.87549e-11
1.91144e+06	8.78283e-11
1.91154e+06	1.56642e-10
1.91164e+06	2.76591e-10
1.91174e+06	4.83533e-10
1.91184e+06	8.36894e-10
1.91194e+06	1.43408e-09
1.91204e+06	2.43294e-09
1.91214e+06	4.08645e-09
1.91224e+06	6.79546e-09
1.91234e+06	1.11879e-08
1.91244e+06	1.82363e-08
1.91254e+06	2.94293e-08
1.91264e+06	4.70198e-08
1.91274e+06	7.4377e-08
1.91284e+06	1.16481e-07
1.91294e+06	1.80603e-07
1.91304e+06	2.77239e-07
1.91314e+06	4.21348e-07
1.91324e+06	6.33993e-07
1.91334e+06	9.44463e-07
1.91344e+06	1.39297e-06
1.91354e+06	2.03403e-06
1.91364e+06	2.94055e-06
1.91374e+06	4.20878e-06
1.91384e+06	5.96406e-06
1.91394e+06	8.36729e-06
1.91404e+06	1.16221e-05
1.91414e+06	1.59824e-05
1.91424e+06	2.17598e-05
1.91434e+06	2.9331e-05
1.91444e+06	3.9143e-05
1.91454e+06	5.17177e-05
1.91464e+06	6.76521e-05
1.91474e+06	8.76154e-05
1.91484e+06	0.000112341
1.91494e+06	0.00014261
1.91504e+06	0.000179234
1.91514e+06	0.000223022
1.91524e+06	0.000274746
1.91534e+06	0.000335099
1.91544e+06	0.000404643
1.91554e+06	0.000483757
1.91564e+06	0.000572585
1.91574e+06	0.00067098
1.91584e+06	0.00077846
1.91594e+06	0.00089417
1.91604e+06	0.00101686
1.91614e+06	0.00114488
1.91624e+06	0.00127618
1.91634e+06	0.0014084
1.91644e+06	0.00153884
1.91654e+06	0.00166464
1.91664e+06	0.00178281
1.91674e+06	0.00189036
1.91684e+06	0.00198446
1.91694e+06	0.00206251
1.91704e+06	0.0021223
1.91714e+06	0.0021621
1.91724e+06	0.00218073
1.91734e+06	0.00217763
1.91744e+06	0.0021529
1.91754e+06	0.00210727
1.91764e+06	0.00204208
1.91774e+06	0.00195922
1.91784e+06	0.00186102
1.91794e+06	0.00175016
1.91804e+06	0.00162952
1.91814e+06	0.0015021
1.91824e+06	0.00137086
1.91834e+06	0.00123865
1.91844e+06	0.00110804
1.91854e+06	0.000981351
1.91864e+06	0.000860496
1.91874e+06	0.000747016
1.91884e+06	0.000642049
1.91894e+06	0.000546341
1.91904e+06	0.000460274
1.91914e+06	0.000383907
1.91924e+06	0.000317024
1.91934e+06	0.000259189
1.91944e+06	0.000209796
1.91954e+06	0.000168126
1.91964e+06	0.000133392
1.91974e+06	0.000104781
1.91984e+06	8.14873e-05
1.91994e+06	6.27417e-05
1.92004e+06	4.78277e-05
1.92014e+06	3.6096e-05
1.92024e+06	2.6971e-05
1.92034e+06	1.99522e-05
1.92044e+06	1.46131e-05
1.92054e+06	1.05962e-05
1.92064e+06	7.60704e-06
1.92074e+06	5.40677e-06
1.92084e+06	3.80467e-06
1.92094e+06	2.65066e-06
1.92104e+06	1.8283e-06
1.92114e+06	1.24853e-06
1.92124e+06	8.44123e-07
1.92134e+06	5.65029e-07
1.92144e+06	3.74449e-07
1.92154e+06	2.45681e-07
1.92164e+06	1.59591e-07
1.92174e+06	1.02636e-07
1.92184e+06	6.53507e-08
1.92194e+06	4.11962e-08
1.92204e+06	2.57112e-08
1.92214e+06	1.5887e-08
1.92224e+06	9.71899e-09
1.92234e+06	5.88649e-09
1.92244e+06	3.52979e-09
1.92254e+06	2.09555e-09
1.92264e+06	1.2317e-09
1.92274e+06	7.16751e-10
1.92284e+06	4.12942e-10
1.92294e+06	2.35541e-10
1.92304e+06	1.33015e-10
1.92314e+06	7.43691e-11
1.92324e+06	4.11663e-11
1.92334e+06	2.25604e-11
1.92344e+06	1.22408e-11
1.92354e+06	6.57552e-12
1.92364e+06	3.49709e-12
1.92374e+06	1.84137e-12
1.92384e+06	9.59914e-13
1.92394e+06	4.95428e-13
1.92404e+06	2.53155e-13
1.92414e+06	1.2807e-13
1.92424e+06	6.41457e-14
1.92434e+06	3.18086e-14
1.92444e+06	1.56163e-14
1.92454e+06	7.59046e-15
1.92464e+06	3.65271e-15
1.92474e+06	1.74028e-15
1.92484e+06	8.20884e-16
1.92494e+06	3.83355e-16
1.92504e+06	1.77246e-16
1.92514e+06	8.11352e-17
1.92524e+06	3.67705e-17
1.92534e+06	1.64986e-17
1.92544e+06	7.3291e-18
1.92554e+06	3.22341e-18
1.92564e+06	1.40363e-18
1.92574e+06	6.05284e-19
1.92584e+06	2.58829e-19
1.92594e+06	1.10674e-19
1.92604e+06	4.97386e-20
1.92614e+06	2.95829e-20
1.92624e+06	3.53632e-20
1.92634e+06	7.38534e-20
1.92644e+06	1.80536e-19
1.92654e+06	4.50514e-19
1.92664e+06	1.11859e-18
1.92674e+06	2.75192e-18
1.92684e+06	6.70365e-18
1.92694e+06	1.61679e-17
1.92704e+06	3.86058e-17
1.92714e+06	9.12663e-17
1.92724e+06	2.13612e-16
1.92734e+06	4.94991e-16
1.92744e+06	1.1356e-15
1.92754e+06	2.57937e-15
1.92764e+06	5.80039e-15
1.92774e+06	1.29139e-14
1.92784e+06	2.84654e-14
1.92794e+06	6.21201e-14
1.92804e+06	1.34216e-13
1.92814e+06	2.87101e-13
1.92824e+06	6.08026e-13
1.92834e+06	1.27487e-12
1.92844e+06	2.64648e-12
1.92854e+06	5.4391e-12
1.92864e+06	1.10673e-11
1.92874e+06	2.22955e-11
1.92884e+06	4.4468e-11
1.92894e+06	8.78083e-11
1.92904e+06	1.71665e-10
1.92914e+06	3.32264e-10
1.92924e+06	6.36712e-10
1.92934e+06	1.20798e-09
1.92944e+06	2.269e-09
1.92954e+06	4.21955e-09
1.92964e+06	7.76881e-09
1.92974e+06	1.41612e-08
1.92984e+06	2.55566e-08
1.92994e+06	4.5663e-08
1.93004e+06	8.0776e-08
1.93014e+06	1.41468e-07
1.93024e+06	2.45296e-07
1.93034e+06	4.21095e-07
1.93044e+06	7.15693e-07
1.93054e+06	1.20429e-06
1.93064e+06	2.00628e-06
1.93074e+06	3.30911e-06
1.93084e+06	5.40366e-06
1.93094e+06	8.73617e-06
1.93104e+06	1.39834e-05
1.93114e+06	2.21595e-05
1.93124e+06	3.47668e-05
1.93134e+06	5.40043e-05
1.93144e+06	8.30516e-05
1.93154e+06	0.000126452
1.93164e+06	0.000190616
1.93174e+06	0.00028448
1.93184e+06	0.00042034
1.93194e+06	0.000614905
1.93204e+06	0.000890577
1.93214e+06	0.00127701
1.93224e+06	0.00181289
1.93234e+06	0.00254805
1.93244e+06	0.00354569
1.93254e+06	0.00488485
1.93264e+06	0.00666284
1.93274e+06	0.00899756
1.93284e+06	0.0120295
1.93294e+06	0.0159231
1.93304e+06	0.0208672
1.93314e+06	0.0270745
1.93324e+06	0.0347786
1.93334e+06	0.0442305
1.93344e+06	0.0556915
1.93354e+06	0.0694247
1.93364e+06	0.0856832
1.93374e+06	0.104697
1.93384e+06	0.126658
1.93394e+06	0.151701
1.93404e+06	0.179887
1.93414e+06	0.211188
1.93424e+06	0.245469
1.93434e+06	0.282476
1.93444e+06	0.321829
1.93454e+06	0.363016
1.93464e+06	0.405401
1.93474e+06	0.44823
1.93484e+06	0.490655
1.93494e+06	0.531752
1.93504e+06	0.57056
1.93514e+06	0.60611
1.93524e+06	0.637471
1.93534e+06	0.663787
1.93544e+06	0.684316
1.93554e+06	0.698465
1.93564e+06	0.705817
1.93574e+06	0.706156
1.93584e+06	0.699473
1.93594e+06	0.685966
1.93604e+06	0.666036
1.93614e+06	0.640261
1.93624e+06	0.609369
1.93634e+06	0.57421
1.93644e+06	0.53571
1.93654e+06	0.494832
1.93664e+06	0.452542
1.93674e+06	0.409764
1.93684e+06	0.367357
1.93694e+06	0.326079
1.93704e+06	0.286579
1.93714e+06	0.249378
1.93724e+06	0.214866
1.93734e+06	0.183308
1.93744e+06	0.154849
1.93754e+06	0.129527
1.93764e+06	0.107286
1.93774e+06	0.0879986
1.93784e+06	0.071478
1.93794e+06	0.0574978
1.93804e+06	0.0458074
1.93814e+06	0.0361452
1.93824e+06	0.0282505
1.93834e+06	0.0218725
1.93844e+06	0.0167767
1.93854e+06	0.0127497
1.93864e+06	0.00960137
1.93874e+06	0.00716589
1.93884e+06	0.00530131
1.93894e+06	0.00388827
1.93904e+06	0.00282804
1.93914e+06	0.00204023
1.93924e+06	0.00146034
1.93934e+06	0.00103741
1.93944e+06	0.000731661
1.93954e+06	0.000512505
1.93964e+06	0.000356686
1.93974e+06	0.000246749
1.93984e+06	0.000169744
1.93994e+06	0.00011617
1.94004e+06	7.91301e-05
1.94014e+06	5.36676e-05
1.94024e+06	3.6255e-05
1.94034e+06	2.44032e-05
1.94044e+06	1.63703e-05
1.94054e+06	1.09464e-05
1.94064e+06	7.29668e-06
1.94074e+06	4.84856e-06
1.94084e+06	3.21136e-06
1.94094e+06	2.11967e-06
1.94104e+06	1.3939e-06
1.94114e+06	9.12932e-07
1.94124e+06	5.95277e-07
1.94134e+06	3.86272e-07
1.94144e+06	2.49329e-07
1.94154e+06	1.60018e-07
1.94164e+06	1.02069e-07
1.94174e+06	6.46793e-08
1.94184e+06	4.07022e-08
1.94194e+06	2.54269e-08
1.94204e+06	1.57633e-08
1.94214e+06	9.69499e-09
1.94224e+06	5.91397e-09
1.94234e+06	3.57715e-09
