1.66026e+06	7.83338e-08
1.66036e+06	1.29678e-07
1.66046e+06	2.126e-07
1.66056e+06	3.4518e-07
1.66066e+06	5.55028e-07
1.66076e+06	8.8384e-07
1.66086e+06	1.39388e-06
1.66096e+06	2.17706e-06
1.66106e+06	3.36754e-06
1.66116e+06	5.15889e-06
1.66126e+06	7.82712e-06
1.66136e+06	1.17612e-05
1.66146e+06	1.75029e-05
1.66156e+06	2.57975e-05
1.66166e+06	3.76579e-05
1.66176e+06	5.44438e-05
1.66186e+06	7.79574e-05
1.66196e+06	0.000110556
1.66206e+06	0.000155285
1.66216e+06	0.000216022
1.66226e+06	0.000297639
1.66236e+06	0.000406168
1.66246e+06	0.00054897
1.66256e+06	0.000734883
1.66266e+06	0.000974355
1.66276e+06	0.00127952
1.66286e+06	0.0016642
1.66296e+06	0.00214385
1.66306e+06	0.00273538
1.66316e+06	0.0034568
1.66326e+06	0.00432676
1.66336e+06	0.00536395
1.66346e+06	0.00658628
1.66356e+06	0.00800993
1.66366e+06	0.0096483
1.66376e+06	0.0115108
1.66386e+06	0.0136017
1.66396e+06	0.0159189
1.66406e+06	0.0184528
1.66416e+06	0.0211857
1.66426e+06	0.0240908
1.66436e+06	0.0271325
1.66446e+06	0.0302659
1.66456e+06	0.0334382
1.66466e+06	0.0365894
1.66476e+06	0.0396543
1.66486e+06	0.0425644
1.66496e+06	0.0452502
1.66506e+06	0.0476443
1.66516e+06	0.049684
1.66526e+06	0.0513138
1.66536e+06	0.0524883
1.66546e+06	0.0531739
1.66556e+06	0.0533507
1.66566e+06	0.0530134
1.66576e+06	0.0521713
1.66586e+06	0.0508482
1.66596e+06	0.0490812
1.66606e+06	0.046919
1.66616e+06	0.0444193
1.66626e+06	0.041647
1.66636e+06	0.0386705
1.66646e+06	0.0355597
1.66656e+06	0.032383
1.66666e+06	0.0292047
1.66676e+06	0.0260833
1.66686e+06	0.0230698
1.66696e+06	0.0202066
1.66706e+06	0.0175271
1.66716e+06	0.0150553
1.66726e+06	0.0128064
1.66736e+06	0.0107876
1.66746e+06	0.00899868
1.66756e+06	0.00743335
1.66766e+06	0.00608052
1.66776e+06	0.00492543
1.66786e+06	0.00395087
1.66796e+06	0.00313822
1.66806e+06	0.00246839
1.66816e+06	0.00192257
1.66826e+06	0.00148282
1.66836e+06	0.00113246
1.66846e+06	0.000856429
1.66856e+06	0.000641339
1.66866e+06	0.000475565
1.66876e+06	0.000349185
1.66886e+06	0.000253877
1.66896e+06	0.000182773
1.66906e+06	0.000130292
1.66916e+06	9.19687e-05
1.66926e+06	6.428e-05
1.66936e+06	4.44861e-05
1.66946e+06	3.04848e-05
1.66956e+06	2.06847e-05
1.66966e+06	1.38971e-05
1.66976e+06	9.24491e-06
1.66986e+06	6.08955e-06
1.66996e+06	3.97164e-06
1.67006e+06	2.56481e-06
1.67016e+06	1.63998e-06
1.67026e+06	1.03829e-06
1.67036e+06	6.50875e-07
1.67046e+06	4.03989e-07
1.67056e+06	2.48276e-07
1.67066e+06	1.51075e-07
1.67076e+06	9.10209e-08
1.67086e+06	5.42974e-08
1.67096e+06	3.20705e-08
1.67106e+06	1.87551e-08
1.67116e+06	1.08597e-08
1.67126e+06	6.22594e-09
1.67136e+06	3.53406e-09
1.67146e+06	1.98622e-09
1.67156e+06	1.10525e-09
1.67166e+06	6.08945e-10
1.67176e+06	3.32181e-10
1.67186e+06	1.79412e-10
1.67196e+06	9.59413e-11
1.67206e+06	5.0797e-11
1.67216e+06	2.66286e-11
1.67226e+06	1.38208e-11
1.67236e+06	7.10226e-12
1.67246e+06	3.61354e-12
1.67256e+06	1.82031e-12
1.67266e+06	9.07882e-13
1.67276e+06	4.48319e-13
1.67286e+06	2.19188e-13
1.67296e+06	1.06101e-13
1.67306e+06	5.08502e-14
1.67316e+06	2.41289e-14
1.67326e+06	1.13358e-14
1.67336e+06	5.27273e-15
1.67346e+06	2.42822e-15
1.67356e+06	1.10716e-15
1.67366e+06	4.99806e-16
1.67376e+06	2.23388e-16
1.67386e+06	9.8852e-17
1.67396e+06	4.3309e-17
1.67406e+06	1.87861e-17
1.67416e+06	8.06796e-18
1.67426e+06	3.43048e-18
1.67436e+06	1.44415e-18
1.67446e+06	6.01915e-19
1.67456e+06	2.48384e-19
1.67466e+06	1.01479e-19
1.67476e+06	4.1048e-20
1.67486e+06	1.64389e-20
1.67496e+06	6.51805e-21
1.67506e+06	2.55874e-21
1.67516e+06	9.94483e-22
1.67526e+06	3.82677e-22
1.67536e+06	1.45791e-22
1.67546e+06	5.49907e-23
1.67556e+06	2.05358e-23
1.67566e+06	7.5927e-24
1.67576e+06	2.77935e-24
1.67586e+06	1.00728e-24
1.67596e+06	3.61427e-25
1.67606e+06	1.28396e-25
1.67616e+06	4.51591e-26
1.67626e+06	1.57253e-26
1.67636e+06	5.42142e-27
1.67646e+06	1.8505e-27
1.67656e+06	6.25352e-28
1.67666e+06	2.09229e-28
1.67676e+06	6.93072e-29
1.67686e+06	2.27298e-29
1.67696e+06	7.38027e-30
1.67706e+06	2.37252e-30
1.67716e+06	7.55104e-31
1.67726e+06	2.37938e-31
1.67736e+06	7.42301e-32
1.67746e+06	2.29275e-32
1.67756e+06	7.01119e-33
1.67766e+06	2.12269e-33
1.67776e+06	6.36269e-34
1.67786e+06	1.88823e-34
1.67796e+06	5.54787e-35
1.67806e+06	1.61383e-35
1.67816e+06	4.64781e-36
1.67826e+06	1.32525e-36
1.67836e+06	3.74116e-37
1.67846e+06	1.04562e-37
1.67856e+06	2.89333e-38
1.67866e+06	7.92651e-39
1.67876e+06	2.14993e-39
1.67886e+06	5.77332e-40
1.67896e+06	1.53492e-40
1.67906e+06	4.0402e-41
1.67916e+06	1.05288e-41
1.67926e+06	2.71653e-42
1.67936e+06	6.93915e-43
1.67946e+06	1.75492e-43
1.67956e+06	4.39406e-44
1.67966e+06	1.08926e-44
1.67976e+06	2.67337e-45
1.67986e+06	6.49594e-46
1.67996e+06	1.56273e-46
1.68006e+06	3.72205e-47
1.68016e+06	8.77685e-48
1.68026e+06	2.04906e-48
1.68036e+06	4.73616e-49
1.68046e+06	1.08382e-49
1.68056e+06	2.45553e-50
1.68066e+06	5.50796e-51
1.68076e+06	1.22319e-51
1.68086e+06	2.6894e-52
1.68096e+06	5.8543e-53
1.68106e+06	1.26169e-53
1.68116e+06	2.69207e-54
1.68126e+06	5.68693e-55
1.68136e+06	1.1894e-55
1.68146e+06	2.46283e-56
1.68156e+06	5.04893e-57
1.68166e+06	1.02476e-57
1.68176e+06	2.05921e-58
1.68186e+06	4.09674e-59
1.68196e+06	8.06924e-60
1.68206e+06	1.57356e-60
1.68216e+06	3.03804e-61
1.68226e+06	5.80712e-62
1.68236e+06	1.09897e-62
1.68246e+06	2.05905e-63
1.68256e+06	3.81949e-64
1.68266e+06	7.01459e-65
1.68276e+06	1.27543e-65
1.68286e+06	2.29597e-66
1.68296e+06	4.092e-67
1.68306e+06	7.2204e-68
1.68316e+06	1.26138e-68
1.68326e+06	2.18165e-69
1.68336e+06	3.73579e-70
1.68346e+06	6.3334e-71
1.68356e+06	1.06304e-71
1.68366e+06	1.76652e-72
1.68376e+06	2.90633e-73
1.68386e+06	4.73401e-74
1.68396e+06	7.63432e-75
1.68406e+06	1.2189e-75
1.68416e+06	1.92675e-76
1.68426e+06	3.01535e-77
1.68436e+06	4.67205e-78
1.68446e+06	7.16696e-79
1.68456e+06	1.08848e-79
1.68466e+06	1.63667e-80
1.68476e+06	2.43646e-81
1.68486e+06	3.591e-82
1.68496e+06	5.23997e-83
1.68506e+06	7.57006e-84
1.68516e+06	1.08275e-84
1.68526e+06	1.53325e-85
1.68536e+06	2.14958e-86
1.68546e+06	2.98368e-87
1.68556e+06	4.10024e-88
1.68566e+06	5.57856e-89
1.68576e+06	7.51437e-90
1.68586e+06	1.00212e-90
1.68596e+06	1.32314e-91
1.68606e+06	1.7296e-92
1.68616e+06	2.23844e-93
1.68626e+06	2.86815e-94
1.68636e+06	3.63844e-95
1.68646e+06	4.56968e-96
1.68656e+06	5.68216e-97
1.68666e+06	6.99516e-98
1.68676e+06	8.52588e-99
1.68686e+06	1.02882e-99
1.68696e+06	1.22912e-100
1.68706e+06	1.45381e-101
1.68716e+06	1.70246e-102
1.68726e+06	1.97381e-103
1.68736e+06	2.26563e-104
1.68746e+06	2.57472e-105
1.68756e+06	2.89687e-106
1.68766e+06	3.2269e-107
1.68776e+06	3.55875e-108
1.68786e+06	3.88568e-109
1.68796e+06	4.20044e-110
1.68806e+06	4.49551e-111
1.68816e+06	4.76343e-112
1.68826e+06	4.9971e-113
1.68836e+06	5.19007e-114
1.68846e+06	5.33686e-115
1.68856e+06	5.43319e-116
1.68866e+06	5.47623e-117
1.68876e+06	5.46469e-118
1.68886e+06	5.39891e-119
1.68896e+06	5.28085e-120
1.68906e+06	5.11397e-121
1.68916e+06	4.9031e-122
1.68926e+06	4.65414e-123
1.68936e+06	4.37387e-124
1.68946e+06	4.06957e-125
1.68956e+06	3.74877e-126
1.68966e+06	3.4189e-127
1.68976e+06	3.08703e-128
1.68986e+06	2.75964e-129
1.68996e+06	2.44242e-130
1.69006e+06	2.14016e-131
1.69016e+06	1.85665e-132
1.69026e+06	1.59466e-133
1.69036e+06	1.35602e-134
1.69046e+06	1.14161e-135
1.69056e+06	9.51548e-137
1.69066e+06	7.85233e-138
1.69076e+06	6.4154e-139
1.69086e+06	5.18927e-140
1.69096e+06	4.15571e-141
1.69106e+06	3.29489e-142
1.69116e+06	2.58639e-143
1.69126e+06	2.01004e-144
1.69136e+06	1.54658e-145
1.69146e+06	1.17814e-146
1.69156e+06	8.88544e-148
1.69166e+06	6.63464e-149
1.69176e+06	4.90471e-150
1.69186e+06	3.58977e-151
1.69196e+06	2.60121e-152
1.69206e+06	1.86613e-153
1.69216e+06	1.32546e-154
1.69226e+06	9.32069e-156
1.69236e+06	6.48912e-157
1.69246e+06	4.47282e-158
1.69256e+06	3.05234e-159
1.69266e+06	2.06226e-160
1.69276e+06	1.37946e-161
1.69286e+06	9.13551e-163
1.69296e+06	5.98981e-164
1.69306e+06	3.88822e-165
1.69316e+06	2.49888e-166
1.69326e+06	1.59e-167
1.69336e+06	1.00163e-168
1.69346e+06	6.247e-170
1.69356e+06	3.8574e-171
1.69366e+06	2.35816e-172
1.69376e+06	1.42729e-173
1.69386e+06	8.55274e-175
1.69396e+06	5.07407e-176
1.69406e+06	2.98033e-177
1.69416e+06	1.73312e-178
1.69426e+06	9.97819e-180
1.69436e+06	5.68763e-181
1.69446e+06	3.20972e-182
1.69456e+06	1.79333e-183
1.69466e+06	9.91999e-185
1.69476e+06	5.43274e-186
1.69486e+06	2.94567e-187
1.69496e+06	1.58127e-188
1.69506e+06	8.40396e-190
1.69516e+06	4.42201e-191
1.69526e+06	2.30363e-192
1.69536e+06	1.18813e-193
1.69546e+06	6.06693e-195
1.69556e+06	3.06714e-196
1.69566e+06	1.53516e-197
1.69576e+06	7.60733e-199
1.69586e+06	3.73222e-200
1.69596e+06	1.81284e-201
1.69606e+06	8.71784e-203
1.69616e+06	4.15064e-204
1.69626e+06	1.95649e-205
1.69636e+06	9.1306e-207
1.69646e+06	4.21868e-208
1.69656e+06	1.92979e-209
1.69666e+06	8.73983e-211
1.69676e+06	3.91879e-212
1.69686e+06	1.73963e-213
1.69696e+06	7.64575e-215
1.69706e+06	3.3269e-216
1.69716e+06	1.43323e-217
1.69726e+06	6.11295e-219
1.69736e+06	2.58132e-220
1.69746e+06	1.07917e-221
1.69756e+06	4.46678e-223
1.69766e+06	1.83045e-224
1.69776e+06	7.42636e-226
1.69786e+06	2.98299e-227
1.69796e+06	1.18628e-228
1.69806e+06	4.67064e-230
1.69816e+06	1.82064e-231
1.69826e+06	7.02632e-233
1.69836e+06	2.68466e-234
1.69846e+06	1.01557e-235
1.69856e+06	3.80351e-237
1.69866e+06	1.41032e-238
1.69876e+06	5.17734e-240
1.69886e+06	1.88171e-241
1.69896e+06	6.77107e-243
1.69906e+06	2.41223e-244
1.69916e+06	8.50817e-246
1.69926e+06	2.97106e-247
1.69936e+06	1.02717e-248
1.69946e+06	3.51587e-250
1.69956e+06	1.19146e-251
1.69966e+06	3.99744e-253
1.69976e+06	1.32783e-254
1.69986e+06	4.36677e-256
1.69996e+06	1.42179e-257
1.70006e+06	4.58317e-259
1.70016e+06	1.4627e-260
1.70026e+06	4.62168e-262
1.70036e+06	1.44578e-263
1.70046e+06	4.47778e-265
1.70056e+06	1.37303e-266
1.70066e+06	4.16824e-268
1.70076e+06	1.25281e-269
1.70086e+06	3.72797e-271
1.70096e+06	1.09829e-272
1.70106e+06	3.20346e-274
1.70116e+06	9.25078e-276
1.70126e+06	2.64481e-277
1.70136e+06	7.48631e-279
1.70146e+06	2.09796e-280
1.70156e+06	5.82083e-282
1.70166e+06	1.59893e-283
1.70176e+06	4.34842e-285
1.70186e+06	1.17082e-286
1.70196e+06	3.12108e-288
1.70206e+06	8.23716e-290
1.70216e+06	2.15232e-291
1.70226e+06	5.56793e-293
1.70236e+06	1.42606e-294
1.70246e+06	3.61609e-296
1.70256e+06	9.07813e-298
1.70266e+06	2.25638e-299
1.70276e+06	5.55244e-301
1.70286e+06	1.35273e-302
1.70296e+06	3.26286e-304
1.70306e+06	7.79187e-306
1.70316e+06	1.84222e-307
1.70326e+06	4.31221e-309
1.70336e+06	9.99341e-311
1.70346e+06	2.2929e-312
1.70356e+06	5.20851e-314
1.70366e+06	1.17138e-315
1.70376e+06	2.6082e-317
1.70386e+06	5.74964e-319
1.70396e+06	1.25493e-320
1.70406e+06	2.71736e-322
1.70416e+06	4.94066e-324
1.70426e+06	0
1.70436e+06	0
1.70446e+06	0
1.70456e+06	0
1.70466e+06	0
1.70476e+06	0
1.70486e+06	0
1.70496e+06	0
1.70506e+06	0
1.70516e+06	0
1.70526e+06	0
1.70536e+06	0
1.70546e+06	0
1.70556e+06	0
1.70566e+06	0
1.70576e+06	0
1.70586e+06	0
1.70596e+06	0
1.70606e+06	0
1.70616e+06	0
1.70626e+06	0
1.70636e+06	0
1.70646e+06	0
1.70656e+06	0
1.70666e+06	0
1.70676e+06	0
1.70686e+06	0
1.70696e+06	0
1.70706e+06	0
1.70716e+06	0
1.70726e+06	0
1.70736e+06	0
1.70746e+06	0
1.70756e+06	0
1.70766e+06	0
1.70776e+06	0
1.70786e+06	0
1.70796e+06	0
1.70806e+06	0
1.70816e+06	0
1.70826e+06	0
1.70836e+06	0
1.70846e+06	0
1.70856e+06	0
1.70866e+06	0
1.70876e+06	0
1.70886e+06	0
1.70896e+06	0
1.70906e+06	0
1.70916e+06	0
1.70926e+06	0
1.70936e+06	0
1.70946e+06	0
1.70956e+06	0
1.70966e+06	0
1.70976e+06	0
1.70986e+06	0
1.70996e+06	0
1.71006e+06	0
1.71016e+06	0
1.71026e+06	0
1.71036e+06	0
1.71046e+06	0
1.71056e+06	0
1.71066e+06	0
1.71076e+06	0
1.71086e+06	0
1.71096e+06	0
1.71106e+06	0
1.71116e+06	0
1.71126e+06	0
1.71136e+06	0
1.71146e+06	0
1.71156e+06	0
1.71166e+06	0
1.71176e+06	0
1.71186e+06	0
1.71196e+06	0
1.71206e+06	0
1.71216e+06	0
1.71226e+06	0
1.71236e+06	0
1.71246e+06	0
1.71256e+06	0
1.71266e+06	0
1.71276e+06	0
1.71286e+06	0
1.71296e+06	0
1.71306e+06	0
1.71316e+06	0
1.71326e+06	0
1.71336e+06	0
1.71346e+06	0
1.71356e+06	0
1.71366e+06	0
1.71376e+06	0
1.71386e+06	0
1.71396e+06	0
1.71406e+06	0
1.71416e+06	0
1.71426e+06	0
1.71436e+06	0
1.71446e+06	0
1.71456e+06	0
1.71466e+06	0
1.71476e+06	0
1.71486e+06	0
1.71496e+06	0
1.71506e+06	0
1.71516e+06	0
1.71526e+06	0
1.71536e+06	0
1.71546e+06	0
1.71556e+06	0
1.71566e+06	0
1.71576e+06	0
1.71586e+06	0
1.71596e+06	0
1.71606e+06	0
1.71616e+06	0
1.71626e+06	0
1.71636e+06	0
1.71646e+06	0
1.71656e+06	0
1.71666e+06	0
1.71676e+06	0
1.71686e+06	0
1.71696e+06	0
1.71706e+06	0
1.71716e+06	0
1.71726e+06	0
1.71736e+06	0
1.71746e+06	0
1.71756e+06	0
1.71766e+06	0
1.71776e+06	0
1.71786e+06	0
1.71796e+06	0
1.71806e+06	0
1.71816e+06	0
1.71826e+06	0
1.71836e+06	0
1.71846e+06	0
1.71856e+06	0
1.71866e+06	0
1.71876e+06	0
1.71886e+06	0
1.71896e+06	0
1.71906e+06	0
1.71916e+06	0
1.71926e+06	0
1.71936e+06	0
1.71946e+06	0
1.71956e+06	0
1.71966e+06	0
1.71976e+06	0
1.71986e+06	0
1.71996e+06	0
1.72006e+06	0
1.72016e+06	0
1.72026e+06	0
1.72036e+06	0
1.72046e+06	0
1.72056e+06	0
1.72066e+06	0
1.72076e+06	0
1.72086e+06	0
1.72096e+06	0
1.72106e+06	0
1.72116e+06	0
1.72126e+06	0
1.72136e+06	0
1.72146e+06	0
1.72156e+06	0
1.72166e+06	0
1.72176e+06	0
1.72186e+06	0
1.72196e+06	0
1.72206e+06	0
1.72216e+06	0
1.72226e+06	0
1.72236e+06	0
1.72246e+06	0
1.72256e+06	0
1.72266e+06	0
1.72276e+06	0
1.72286e+06	0
1.72296e+06	0
1.72306e+06	0
1.72316e+06	0
1.72326e+06	0
1.72336e+06	0
1.72346e+06	0
1.72356e+06	0
1.72366e+06	0
1.72376e+06	0
1.72386e+06	0
1.72396e+06	0
1.72406e+06	0
1.72416e+06	0
1.72426e+06	0
1.72436e+06	0
1.72446e+06	0
1.72456e+06	0
1.72466e+06	0
1.72476e+06	0
1.72486e+06	0
1.72496e+06	0
1.72506e+06	0
1.72516e+06	0
1.72526e+06	0
1.72536e+06	0
1.72546e+06	0
1.72556e+06	0
1.72566e+06	0
1.72576e+06	0
1.72586e+06	0
1.72596e+06	0
1.72606e+06	0
1.72616e+06	0
1.72626e+06	0
1.72636e+06	0
1.72646e+06	0
1.72656e+06	0
1.72666e+06	0
1.72676e+06	0
1.72686e+06	0
1.72696e+06	0
1.72706e+06	0
1.72716e+06	0
1.72726e+06	0
1.72736e+06	0
1.72746e+06	0
1.72756e+06	0
1.72766e+06	0
1.72776e+06	0
1.72786e+06	0
1.72796e+06	0
1.72806e+06	0
1.72816e+06	0
1.72826e+06	0
1.72836e+06	0
1.72846e+06	0
1.72856e+06	0
1.72866e+06	0
1.72876e+06	0
1.72886e+06	0
1.72896e+06	0
1.72906e+06	0
1.72916e+06	0
1.72926e+06	0
1.72936e+06	0
1.72946e+06	0
1.72956e+06	0
1.72966e+06	0
1.72976e+06	0
1.72986e+06	0
1.72996e+06	0
1.73006e+06	0
1.73016e+06	0
1.73026e+06	0
1.73036e+06	0
1.73046e+06	0
1.73056e+06	0
1.73066e+06	0
1.73076e+06	0
1.73086e+06	0
1.73096e+06	0
1.73106e+06	0
1.73116e+06	0
1.73126e+06	0
1.73136e+06	0
1.73146e+06	0
1.73156e+06	0
1.73166e+06	0
1.73176e+06	0
1.73186e+06	0
1.73196e+06	0
1.73206e+06	0
1.73216e+06	0
1.73226e+06	0
1.73236e+06	0
1.73246e+06	0
1.73256e+06	0
1.73266e+06	0
1.73276e+06	0
1.73286e+06	0
1.73296e+06	0
1.73306e+06	0
1.73316e+06	0
1.73326e+06	0
1.73336e+06	0
1.73346e+06	0
1.73356e+06	0
1.73366e+06	0
1.73376e+06	0
1.73386e+06	0
1.73396e+06	0
1.73406e+06	0
1.73416e+06	0
1.73426e+06	0
1.73436e+06	0
1.73446e+06	0
1.73456e+06	0
1.73466e+06	0
1.73476e+06	0
1.73486e+06	0
1.73496e+06	0
1.73506e+06	0
1.73516e+06	0
1.73526e+06	0
1.73536e+06	0
1.73546e+06	0
1.73556e+06	0
1.73566e+06	0
1.73576e+06	0
1.73586e+06	0
1.73596e+06	0
1.73606e+06	0
1.73616e+06	0
1.73626e+06	0
1.73636e+06	0
1.73646e+06	0
1.73656e+06	0
1.73666e+06	0
1.73676e+06	0
1.73686e+06	0
1.73696e+06	0
1.73706e+06	0
1.73716e+06	0
1.73726e+06	0
1.73736e+06	0
1.73746e+06	0
1.73756e+06	0
1.73766e+06	0
1.73776e+06	0
1.73786e+06	0
1.73796e+06	0
1.73806e+06	0
1.73816e+06	0
1.73826e+06	0
1.73836e+06	0
1.73846e+06	0
1.73856e+06	0
1.73866e+06	0
1.73876e+06	0
1.73886e+06	0
1.73896e+06	0
1.73906e+06	0
1.73916e+06	0
1.73926e+06	0
1.73936e+06	0
1.73946e+06	0
1.73956e+06	0
1.73966e+06	0
1.73976e+06	0
1.73986e+06	0
1.73996e+06	0
1.74006e+06	0
1.74016e+06	0
1.74026e+06	0
1.74036e+06	0
1.74046e+06	0
1.74056e+06	0
1.74066e+06	0
1.74076e+06	0
1.74086e+06	0
1.74096e+06	0
1.74106e+06	0
1.74116e+06	0
1.74126e+06	0
1.74136e+06	0
1.74146e+06	0
1.74156e+06	0
1.74166e+06	0
1.74176e+06	0
1.74186e+06	0
1.74196e+06	0
1.74206e+06	0
1.74216e+06	0
1.74226e+06	0
1.74236e+06	0
1.74246e+06	0
1.74256e+06	0
1.74266e+06	0
1.74276e+06	0
1.74286e+06	0
1.74296e+06	0
1.74306e+06	0
1.74316e+06	0
1.74326e+06	0
1.74336e+06	0
1.74346e+06	0
1.74356e+06	0
1.74366e+06	0
1.74376e+06	0
1.74386e+06	0
1.74396e+06	0
1.74406e+06	0
1.74416e+06	0
1.74426e+06	0
1.74436e+06	0
1.74446e+06	0
1.74456e+06	0
1.74466e+06	0
1.74476e+06	0
1.74486e+06	0
1.74496e+06	0
1.74506e+06	0
1.74516e+06	0
1.74526e+06	0
1.74536e+06	0
1.74546e+06	0
1.74556e+06	0
1.74566e+06	0
1.74576e+06	0
1.74586e+06	0
1.74596e+06	0
1.74606e+06	0
1.74616e+06	0
1.74626e+06	0
1.74636e+06	0
1.74646e+06	0
1.74656e+06	0
1.74666e+06	0
1.74676e+06	0
1.74686e+06	0
1.74696e+06	0
1.74706e+06	0
1.74716e+06	0
1.74726e+06	0
1.74736e+06	0
1.74746e+06	0
1.74756e+06	0
1.74766e+06	0
1.74776e+06	0
1.74786e+06	0
1.74796e+06	0
1.74806e+06	0
1.74816e+06	0
1.74826e+06	0
1.74836e+06	0
1.74846e+06	0
1.74856e+06	0
1.74866e+06	0
1.74876e+06	0
1.74886e+06	0
1.74896e+06	0
1.74906e+06	0
1.74916e+06	0
1.74926e+06	0
1.74936e+06	0
1.74946e+06	0
1.74956e+06	0
1.74966e+06	0
1.74976e+06	0
1.74986e+06	0
1.74996e+06	0
1.75006e+06	0
1.75016e+06	0
1.75026e+06	0
1.75036e+06	0
1.75046e+06	0
1.75056e+06	0
1.75066e+06	0
1.75076e+06	0
1.75086e+06	0
1.75096e+06	0
1.75106e+06	0
1.75116e+06	0
1.75126e+06	0
1.75136e+06	0
1.75146e+06	0
1.75156e+06	0
1.75166e+06	0
1.75176e+06	0
1.75186e+06	0
1.75196e+06	0
1.75206e+06	0
1.75216e+06	0
1.75226e+06	0
1.75236e+06	0
1.75246e+06	0
1.75256e+06	0
1.75266e+06	0
1.75276e+06	0
1.75286e+06	0
1.75296e+06	0
1.75306e+06	0
1.75316e+06	0
1.75326e+06	0
1.75336e+06	0
1.75346e+06	0
1.75356e+06	0
1.75366e+06	0
1.75376e+06	0
1.75386e+06	0
1.75396e+06	0
1.75406e+06	0
1.75416e+06	0
1.75426e+06	0
1.75436e+06	0
1.75446e+06	0
1.75456e+06	0
1.75466e+06	0
1.75476e+06	0
1.75486e+06	0
1.75496e+06	0
1.75506e+06	0
1.75516e+06	0
1.75526e+06	0
1.75536e+06	0
1.75546e+06	0
1.75556e+06	0
1.75566e+06	0
1.75576e+06	0
1.75586e+06	0
1.75596e+06	0
1.75606e+06	0
1.75616e+06	0
1.75626e+06	0
1.75636e+06	0
1.75646e+06	0
1.75656e+06	0
1.75666e+06	0
1.75676e+06	0
1.75686e+06	0
1.75696e+06	0
1.75706e+06	0
1.75716e+06	0
1.75726e+06	0
1.75736e+06	0
1.75746e+06	0
1.75756e+06	0
1.75766e+06	0
1.75776e+06	0
1.75786e+06	0
1.75796e+06	0
1.75806e+06	0
1.75816e+06	0
1.75826e+06	0
1.75836e+06	0
1.75846e+06	0
1.75856e+06	0
1.75866e+06	0
1.75876e+06	0
1.75886e+06	0
1.75896e+06	0
1.75906e+06	0
1.75916e+06	0
1.75926e+06	0
1.75936e+06	0
1.75946e+06	0
1.75956e+06	0
1.75966e+06	0
1.75976e+06	0
1.75986e+06	0
1.75996e+06	0
1.76006e+06	0
1.76016e+06	0
1.76026e+06	0
1.76036e+06	0
1.76046e+06	0
1.76056e+06	0
1.76066e+06	0
1.76076e+06	0
1.76086e+06	0
1.76096e+06	0
1.76106e+06	0
1.76116e+06	0
1.76126e+06	0
1.76136e+06	0
1.76146e+06	0
1.76156e+06	0
1.76166e+06	0
1.76176e+06	0
1.76186e+06	0
1.76196e+06	0
1.76206e+06	0
1.76216e+06	0
1.76226e+06	0
1.76236e+06	0
1.76246e+06	0
1.76256e+06	0
1.76266e+06	0
1.76276e+06	0
1.76286e+06	0
1.76296e+06	0
1.76306e+06	0
1.76316e+06	0
1.76326e+06	0
1.76336e+06	0
1.76346e+06	0
1.76356e+06	0
1.76366e+06	0
1.76376e+06	0
1.76386e+06	0
1.76396e+06	0
1.76406e+06	0
1.76416e+06	0
1.76426e+06	0
1.76436e+06	0
1.76446e+06	0
1.76456e+06	0
1.76466e+06	0
1.76476e+06	0
1.76486e+06	0
1.76496e+06	0
1.76506e+06	0
1.76516e+06	0
1.76526e+06	0
1.76536e+06	0
1.76546e+06	0
1.76556e+06	0
1.76566e+06	0
1.76576e+06	0
1.76586e+06	0
1.76596e+06	0
1.76606e+06	0
1.76616e+06	0
1.76626e+06	0
1.76636e+06	0
1.76646e+06	0
1.76656e+06	0
1.76666e+06	0
1.76676e+06	0
1.76686e+06	0
1.76696e+06	0
1.76706e+06	0
1.76716e+06	0
1.76726e+06	0
1.76736e+06	0
1.76746e+06	0
1.76756e+06	0
1.76766e+06	0
1.76776e+06	0
1.76786e+06	0
1.76796e+06	0
1.76806e+06	0
1.76816e+06	0
1.76826e+06	0
1.76836e+06	0
1.76846e+06	0
1.76856e+06	0
1.76866e+06	0
1.76876e+06	0
1.76886e+06	0
1.76896e+06	0
1.76906e+06	0
1.76916e+06	0
1.76926e+06	0
1.76936e+06	0
1.76946e+06	0
1.76956e+06	0
1.76966e+06	0
1.76976e+06	0
1.76986e+06	0
1.76996e+06	0
1.77006e+06	0
1.77016e+06	0
1.77026e+06	0
1.77036e+06	0
1.77046e+06	0
1.77056e+06	0
1.77066e+06	0
1.77076e+06	0
1.77086e+06	0
1.77096e+06	0
1.77106e+06	0
1.77116e+06	0
1.77126e+06	0
1.77136e+06	0
1.77146e+06	0
1.77156e+06	0
1.77166e+06	0
1.77176e+06	0
1.77186e+06	0
1.77196e+06	0
1.77206e+06	0
1.77216e+06	0
1.77226e+06	0
1.77236e+06	0
1.77246e+06	0
1.77256e+06	0
1.77266e+06	0
1.77276e+06	0
1.77286e+06	0
1.77296e+06	0
1.77306e+06	0
1.77316e+06	0
1.77326e+06	0
1.77336e+06	0
1.77346e+06	0
1.77356e+06	0
1.77366e+06	0
1.77376e+06	0
1.77386e+06	0
1.77396e+06	0
1.77406e+06	0
1.77416e+06	0
1.77426e+06	0
1.77436e+06	0
1.77446e+06	0
1.77456e+06	0
1.77466e+06	0
1.77476e+06	0
1.77486e+06	0
1.77496e+06	0
1.77506e+06	0
1.77516e+06	0
1.77526e+06	0
1.77536e+06	0
1.77546e+06	0
1.77556e+06	0
1.77566e+06	0
1.77576e+06	0
1.77586e+06	0
1.77596e+06	0
1.77606e+06	0
1.77616e+06	0
1.77626e+06	0
1.77636e+06	0
1.77646e+06	0
1.77656e+06	0
1.77666e+06	0
1.77676e+06	0
1.77686e+06	0
1.77696e+06	0
1.77706e+06	0
1.77716e+06	0
1.77726e+06	0
1.77736e+06	0
1.77746e+06	0
1.77756e+06	0
1.77766e+06	0
1.77776e+06	0
1.77786e+06	0
1.77796e+06	0
1.77806e+06	0
1.77816e+06	0
1.77826e+06	0
1.77836e+06	0
1.77846e+06	0
1.77856e+06	0
1.77866e+06	0
1.77876e+06	0
1.77886e+06	0
1.77896e+06	0
1.77906e+06	0
1.77916e+06	0
1.77926e+06	0
1.77936e+06	0
1.77946e+06	0
1.77956e+06	0
1.77966e+06	0
1.77976e+06	0
1.77986e+06	0
1.77996e+06	0
1.78006e+06	0
1.78016e+06	0
1.78026e+06	0
1.78036e+06	0
1.78046e+06	0
1.78056e+06	0
1.78066e+06	0
1.78076e+06	0
1.78086e+06	0
1.78096e+06	0
1.78106e+06	0
1.78116e+06	0
1.78126e+06	0
1.78136e+06	0
1.78146e+06	0
1.78156e+06	0
1.78166e+06	0
1.78176e+06	0
1.78186e+06	0
1.78196e+06	0
1.78206e+06	0
1.78216e+06	0
1.78226e+06	0
1.78236e+06	0
1.78246e+06	0
1.78256e+06	0
1.78266e+06	0
1.78276e+06	0
1.78286e+06	0
1.78296e+06	0
1.78306e+06	0
1.78316e+06	0
1.78326e+06	0
1.78336e+06	0
1.78346e+06	0
1.78356e+06	0
1.78366e+06	0
1.78376e+06	0
1.78386e+06	0
1.78396e+06	0
1.78406e+06	0
1.78416e+06	0
1.78426e+06	0
1.78436e+06	0
1.78446e+06	0
1.78456e+06	0
1.78466e+06	0
1.78476e+06	0
1.78486e+06	0
1.78496e+06	0
1.78506e+06	0
1.78516e+06	0
1.78526e+06	0
1.78536e+06	0
1.78546e+06	0
1.78556e+06	0
1.78566e+06	0
1.78576e+06	0
1.78586e+06	0
1.78596e+06	0
1.78606e+06	0
1.78616e+06	0
1.78626e+06	0
1.78636e+06	0
1.78646e+06	0
1.78656e+06	0
1.78666e+06	0
1.78676e+06	0
1.78686e+06	0
1.78696e+06	0
1.78706e+06	0
1.78716e+06	0
1.78726e+06	0
1.78736e+06	0
1.78746e+06	0
1.78756e+06	0
1.78766e+06	0
1.78776e+06	0
1.78786e+06	0
1.78796e+06	0
1.78806e+06	0
1.78816e+06	0
1.78826e+06	0
1.78836e+06	0
1.78846e+06	0
1.78856e+06	0
1.78866e+06	0
1.78876e+06	0
1.78886e+06	0
1.78896e+06	0
1.78906e+06	0
1.78916e+06	0
1.78926e+06	0
1.78936e+06	0
1.78946e+06	0
1.78956e+06	0
1.78966e+06	0
1.78976e+06	0
1.78986e+06	0
1.78996e+06	0
1.79006e+06	0
1.79016e+06	0
1.79026e+06	0
1.79036e+06	0
1.79046e+06	0
1.79056e+06	0
1.79066e+06	0
1.79076e+06	0
1.79086e+06	0
1.79096e+06	0
1.79106e+06	0
1.79116e+06	0
1.79126e+06	0
1.79136e+06	0
1.79146e+06	0
1.79156e+06	0
1.79166e+06	0
1.79176e+06	0
1.79186e+06	0
1.79196e+06	0
1.79206e+06	0
1.79216e+06	0
1.79226e+06	0
1.79236e+06	0
1.79246e+06	0
1.79256e+06	0
1.79266e+06	0
1.79276e+06	0
1.79286e+06	0
1.79296e+06	0
1.79306e+06	0
1.79316e+06	0
1.79326e+06	0
1.79336e+06	0
1.79346e+06	0
1.79356e+06	0
1.79366e+06	0
1.79376e+06	0
1.79386e+06	0
1.79396e+06	0
1.79406e+06	0
1.79416e+06	0
1.79426e+06	0
1.79436e+06	0
1.79446e+06	0
1.79456e+06	0
1.79466e+06	0
1.79476e+06	0
1.79486e+06	0
1.79496e+06	0
1.79506e+06	0
1.79516e+06	0
1.79526e+06	0
1.79536e+06	0
1.79546e+06	0
1.79556e+06	0
1.79566e+06	0
1.79576e+06	0
1.79586e+06	0
1.79596e+06	0
1.79606e+06	0
1.79616e+06	0
1.79626e+06	0
1.79636e+06	0
1.79646e+06	0
1.79656e+06	0
1.79666e+06	0
1.79676e+06	0
1.79686e+06	0
1.79696e+06	0
1.79706e+06	0
1.79716e+06	0
1.79726e+06	0
1.79736e+06	0
1.79746e+06	0
1.79756e+06	0
1.79766e+06	0
1.79776e+06	0
1.79786e+06	0
1.79796e+06	0
1.79806e+06	0
1.79816e+06	0
1.79826e+06	0
1.79836e+06	0
1.79846e+06	0
1.79856e+06	0
1.79866e+06	0
1.79876e+06	0
1.79886e+06	0
1.79896e+06	0
1.79906e+06	0
1.79916e+06	0
1.79926e+06	0
1.79936e+06	0
1.79946e+06	0
1.79956e+06	0
1.79966e+06	0
1.79976e+06	0
1.79986e+06	0
1.79996e+06	0
1.80006e+06	0
1.80016e+06	0
1.80026e+06	0
1.80036e+06	0
1.80046e+06	0
1.80056e+06	0
1.80066e+06	0
1.80076e+06	0
1.80086e+06	0
1.80096e+06	0
1.80106e+06	0
1.80116e+06	0
1.80126e+06	0
1.80136e+06	0
1.80146e+06	0
1.80156e+06	0
1.80166e+06	0
1.80176e+06	0
1.80186e+06	0
1.80196e+06	0
1.80206e+06	0
1.80216e+06	0
1.80226e+06	0
1.80236e+06	0
1.80246e+06	0
1.80256e+06	0
1.80266e+06	0
1.80276e+06	0
1.80286e+06	0
1.80296e+06	0
1.80306e+06	0
1.80316e+06	0
1.80326e+06	0
1.80336e+06	0
1.80346e+06	0
1.80356e+06	0
1.80366e+06	0
1.80376e+06	0
1.80386e+06	0
1.80396e+06	0
1.80406e+06	0
1.80416e+06	0
1.80426e+06	0
1.80436e+06	0
1.80446e+06	0
1.80456e+06	0
1.80466e+06	0
1.80476e+06	0
1.80486e+06	0
1.80496e+06	0
1.80506e+06	0
1.80516e+06	0
1.80526e+06	0
1.80536e+06	0
1.80546e+06	0
1.80556e+06	0
1.80566e+06	0
1.80576e+06	0
1.80586e+06	0
1.80596e+06	0
1.80606e+06	0
1.80616e+06	0
1.80626e+06	0
1.80636e+06	0
1.80646e+06	0
1.80656e+06	0
1.80666e+06	0
1.80676e+06	0
1.80686e+06	0
1.80696e+06	0
1.80706e+06	0
1.80716e+06	0
1.80726e+06	0
1.80736e+06	0
1.80746e+06	0
1.80756e+06	0
1.80766e+06	0
1.80776e+06	0
1.80786e+06	0
1.80796e+06	0
1.80806e+06	0
1.80816e+06	0
1.80826e+06	0
1.80836e+06	0
1.80846e+06	0
1.80856e+06	0
1.80866e+06	0
1.80876e+06	0
1.80886e+06	0
1.80896e+06	0
1.80906e+06	0
1.80916e+06	0
1.80926e+06	0
1.80936e+06	0
1.80946e+06	0
1.80956e+06	0
1.80966e+06	0
1.80976e+06	0
1.80986e+06	0
1.80996e+06	0
1.81006e+06	0
1.81016e+06	0
1.81026e+06	0
1.81036e+06	0
1.81046e+06	0
1.81056e+06	0
1.81066e+06	0
1.81076e+06	0
1.81086e+06	0
1.81096e+06	0
1.81106e+06	0
1.81116e+06	0
1.81126e+06	0
1.81136e+06	0
1.81146e+06	0
1.81156e+06	0
1.81166e+06	0
1.81176e+06	0
1.81186e+06	0
1.81196e+06	0
1.81206e+06	0
1.81216e+06	0
1.81226e+06	0
1.81236e+06	0
1.81246e+06	0
1.81256e+06	0
1.81266e+06	0
1.81276e+06	0
1.81286e+06	0
1.81296e+06	0
1.81306e+06	0
1.81316e+06	0
1.81326e+06	0
1.81336e+06	0
1.81346e+06	0
1.81356e+06	0
1.81366e+06	0
1.81376e+06	0
1.81386e+06	0
1.81396e+06	0
1.81406e+06	0
1.81416e+06	0
1.81426e+06	0
1.81436e+06	0
1.81446e+06	0
1.81456e+06	0
1.81466e+06	0
1.81476e+06	0
1.81486e+06	0
1.81496e+06	0
1.81506e+06	0
1.81516e+06	0
1.81526e+06	0
1.81536e+06	0
1.81546e+06	0
1.81556e+06	0
1.81566e+06	0
1.81576e+06	0
1.81586e+06	0
1.81596e+06	0
1.81606e+06	0
1.81616e+06	0
1.81626e+06	0
1.81636e+06	0
1.81646e+06	0
1.81656e+06	0
1.81666e+06	0
1.81676e+06	0
1.81686e+06	0
1.81696e+06	0
1.81706e+06	0
1.81716e+06	0
1.81726e+06	0
1.81736e+06	0
1.81746e+06	0
1.81756e+06	0
1.81766e+06	0
1.81776e+06	0
1.81786e+06	0
1.81796e+06	0
1.81806e+06	0
1.81816e+06	0
1.81826e+06	0
1.81836e+06	0
1.81846e+06	0
1.81856e+06	0
1.81866e+06	0
1.81876e+06	0
1.81886e+06	0
1.81896e+06	0
1.81906e+06	0
1.81916e+06	0
1.81926e+06	0
1.81936e+06	0
1.81946e+06	0
1.81956e+06	0
1.81966e+06	0
1.81976e+06	0
1.81986e+06	0
1.81996e+06	0
1.82006e+06	0
1.82016e+06	0
1.82026e+06	0
1.82036e+06	0
1.82046e+06	0
1.82056e+06	0
1.82066e+06	0
1.82076e+06	0
1.82086e+06	0
1.82096e+06	0
1.82106e+06	0
1.82116e+06	0
1.82126e+06	0
1.82136e+06	0
1.82146e+06	0
1.82156e+06	0
1.82166e+06	0
1.82176e+06	0
1.82186e+06	0
1.82196e+06	0
1.82206e+06	0
1.82216e+06	0
1.82226e+06	0
1.82236e+06	0
1.82246e+06	0
1.82256e+06	0
1.82266e+06	0
1.82276e+06	0
1.82286e+06	0
1.82296e+06	0
1.82306e+06	0
1.82316e+06	0
1.82326e+06	0
1.82336e+06	0
1.82346e+06	0
1.82356e+06	0
1.82366e+06	0
1.82376e+06	0
1.82386e+06	0
1.82396e+06	0
1.82406e+06	0
1.82416e+06	0
1.82426e+06	0
1.82436e+06	0
1.82446e+06	0
1.82456e+06	0
1.82466e+06	0
1.82476e+06	0
1.82486e+06	0
1.82496e+06	0
1.82506e+06	0
1.82516e+06	0
1.82526e+06	0
1.82536e+06	0
1.82546e+06	0
1.82556e+06	0
1.82566e+06	0
1.82576e+06	0
1.82586e+06	0
1.82596e+06	0
1.82606e+06	0
1.82616e+06	0
1.82626e+06	0
1.82636e+06	0
1.82646e+06	0
1.82656e+06	0
1.82666e+06	0
1.82676e+06	0
1.82686e+06	0
1.82696e+06	0
1.82706e+06	0
1.82716e+06	0
1.82726e+06	0
1.82736e+06	0
1.82746e+06	0
1.82756e+06	0
1.82766e+06	0
1.82776e+06	0
1.82786e+06	0
1.82796e+06	0
1.82806e+06	0
1.82816e+06	0
1.82826e+06	0
1.82836e+06	0
1.82846e+06	0
1.82856e+06	0
1.82866e+06	0
1.82876e+06	0
1.82886e+06	0
1.82896e+06	0
1.82906e+06	0
1.82916e+06	0
1.82926e+06	0
1.82936e+06	0
1.82946e+06	0
1.82956e+06	0
1.82966e+06	0
1.82976e+06	0
1.82986e+06	0
1.82996e+06	0
1.83006e+06	0
1.83016e+06	0
1.83026e+06	0
1.83036e+06	0
1.83046e+06	0
1.83056e+06	0
1.83066e+06	0
1.83076e+06	0
1.83086e+06	0
1.83096e+06	0
1.83106e+06	0
1.83116e+06	0
1.83126e+06	0
1.83136e+06	0
1.83146e+06	0
1.83156e+06	0
1.83166e+06	0
1.83176e+06	0
1.83186e+06	0
1.83196e+06	0
1.83206e+06	0
1.83216e+06	0
1.83226e+06	0
1.83236e+06	0
1.83246e+06	0
1.83256e+06	0
1.83266e+06	0
1.83276e+06	0
1.83286e+06	0
1.83296e+06	0
1.83306e+06	0
1.83316e+06	0
1.83326e+06	0
1.83336e+06	0
1.83346e+06	0
1.83356e+06	0
1.83366e+06	0
1.83376e+06	0
1.83386e+06	0
1.83396e+06	0
1.83406e+06	0
1.83416e+06	0
1.83426e+06	0
1.83436e+06	0
1.83446e+06	0
1.83456e+06	0
1.83466e+06	0
1.83476e+06	0
1.83486e+06	0
1.83496e+06	0
1.83506e+06	0
1.83516e+06	0
1.83526e+06	0
1.83536e+06	0
1.83546e+06	0
1.83556e+06	0
1.83566e+06	0
1.83576e+06	0
1.83586e+06	0
1.83596e+06	0
1.83606e+06	0
1.83616e+06	0
1.83626e+06	0
1.83636e+06	0
1.83646e+06	0
1.83656e+06	0
1.83666e+06	0
1.83676e+06	0
1.83686e+06	0
1.83696e+06	0
1.83706e+06	0
1.83716e+06	0
1.83726e+06	0
1.83736e+06	0
1.83746e+06	0
1.83756e+06	0
1.83766e+06	0
1.83776e+06	0
1.83786e+06	0
1.83796e+06	0
1.83806e+06	0
1.83816e+06	0
1.83826e+06	0
1.83836e+06	0
1.83846e+06	0
1.83856e+06	0
1.83866e+06	0
1.83876e+06	0
1.83886e+06	0
1.83896e+06	0
1.83906e+06	0
1.83916e+06	0
1.83926e+06	0
1.83936e+06	0
1.83946e+06	0
1.83956e+06	0
1.83966e+06	0
1.83976e+06	0
1.83986e+06	0
1.83996e+06	0
1.84006e+06	0
1.84016e+06	0
1.84026e+06	0
1.84036e+06	0
1.84046e+06	0
1.84056e+06	0
1.84066e+06	0
1.84076e+06	0
1.84086e+06	0
1.84096e+06	0
1.84106e+06	0
1.84116e+06	0
1.84126e+06	0
1.84136e+06	0
1.84146e+06	0
1.84156e+06	0
1.84166e+06	0
1.84176e+06	0
1.84186e+06	0
1.84196e+06	0
1.84206e+06	0
1.84216e+06	0
1.84226e+06	0
1.84236e+06	0
1.84246e+06	0
1.84256e+06	0
1.84266e+06	0
1.84276e+06	0
1.84286e+06	0
1.84296e+06	0
1.84306e+06	0
1.84316e+06	0
1.84326e+06	0
1.84336e+06	0
1.84346e+06	0
1.84356e+06	0
1.84366e+06	0
1.84376e+06	0
1.84386e+06	0
1.84396e+06	0
1.84406e+06	0
1.84416e+06	0
1.84426e+06	0
1.84436e+06	0
1.84446e+06	0
1.84456e+06	0
1.84466e+06	0
1.84476e+06	0
1.84486e+06	0
1.84496e+06	0
1.84506e+06	0
1.84516e+06	0
1.84526e+06	0
1.84536e+06	0
1.84546e+06	0
1.84556e+06	0
1.84566e+06	0
1.84576e+06	0
1.84586e+06	0
1.84596e+06	0
1.84606e+06	0
1.84616e+06	0
1.84626e+06	0
1.84636e+06	0
1.84646e+06	0
1.84656e+06	0
1.84666e+06	0
1.84676e+06	0
1.84686e+06	0
1.84696e+06	0
1.84706e+06	0
1.84716e+06	0
1.84726e+06	0
1.84736e+06	0
1.84746e+06	0
1.84756e+06	0
1.84766e+06	0
1.84776e+06	0
1.84786e+06	0
1.84796e+06	0
1.84806e+06	0
1.84816e+06	0
1.84826e+06	0
1.84836e+06	0
1.84846e+06	0
1.84856e+06	0
1.84866e+06	0
1.84876e+06	0
1.84886e+06	0
1.84896e+06	0
1.84906e+06	0
1.84916e+06	0
1.84926e+06	0
1.84936e+06	0
1.84946e+06	0
1.84956e+06	0
1.84966e+06	0
1.84976e+06	0
1.84986e+06	0
1.84996e+06	0
1.85006e+06	0
1.85016e+06	0
1.85026e+06	0
1.85036e+06	0
1.85046e+06	0
1.85056e+06	0
1.85066e+06	0
1.85076e+06	0
1.85086e+06	0
1.85096e+06	0
1.85106e+06	0
1.85116e+06	0
1.85126e+06	0
1.85136e+06	0
1.85146e+06	0
1.85156e+06	0
1.85166e+06	0
1.85176e+06	0
1.85186e+06	0
1.85196e+06	0
1.85206e+06	0
1.85216e+06	0
1.85226e+06	0
1.85236e+06	0
1.85246e+06	0
1.85256e+06	0
1.85266e+06	0
1.85276e+06	0
1.85286e+06	0
1.85296e+06	0
1.85306e+06	0
1.85316e+06	0
1.85326e+06	0
1.85336e+06	0
1.85346e+06	0
1.85356e+06	0
1.85366e+06	0
1.85376e+06	0
1.85386e+06	0
1.85396e+06	0
1.85406e+06	0
1.85416e+06	0
1.85426e+06	0
1.85436e+06	0
1.85446e+06	0
1.85456e+06	0
1.85466e+06	0
1.85476e+06	0
1.85486e+06	0
1.85496e+06	0
1.85506e+06	0
1.85516e+06	0
1.85526e+06	0
1.85536e+06	0
1.85546e+06	0
1.85556e+06	0
1.85566e+06	0
1.85576e+06	0
1.85586e+06	0
1.85596e+06	0
1.85606e+06	0
1.85616e+06	0
1.85626e+06	0
1.85636e+06	0
1.85646e+06	0
1.85656e+06	0
1.85666e+06	0
1.85676e+06	0
1.85686e+06	0
1.85696e+06	0
1.85706e+06	0
1.85716e+06	0
1.85726e+06	0
1.85736e+06	0
1.85746e+06	0
1.85756e+06	0
1.85766e+06	0
1.85776e+06	0
1.85786e+06	0
1.85796e+06	0
1.85806e+06	0
1.85816e+06	0
1.85826e+06	0
1.85836e+06	0
1.85846e+06	0
1.85856e+06	0
1.85866e+06	0
1.85876e+06	0
1.85886e+06	0
1.85896e+06	0
1.85906e+06	0
1.85916e+06	0
1.85926e+06	0
1.85936e+06	0
1.85946e+06	0
1.85956e+06	0
1.85966e+06	0
1.85976e+06	0
1.85986e+06	0
1.85996e+06	0
1.86006e+06	0
1.86016e+06	0
1.86026e+06	0
1.86036e+06	0
1.86046e+06	0
1.86056e+06	0
1.86066e+06	0
1.86076e+06	0
1.86086e+06	0
1.86096e+06	0
1.86106e+06	0
1.86116e+06	0
1.86126e+06	0
1.86136e+06	0
1.86146e+06	0
1.86156e+06	0
1.86166e+06	0
1.86176e+06	0
1.86186e+06	0
1.86196e+06	0
1.86206e+06	0
1.86216e+06	0
1.86226e+06	0
1.86236e+06	0
1.86246e+06	0
1.86256e+06	0
1.86266e+06	0
1.86276e+06	0
1.86286e+06	0
1.86296e+06	0
1.86306e+06	0
1.86316e+06	0
1.86326e+06	0
1.86336e+06	0
1.86346e+06	0
1.86356e+06	0
1.86366e+06	0
1.86376e+06	0
1.86386e+06	0
1.86396e+06	0
1.86406e+06	0
1.86416e+06	0
1.86426e+06	0
1.86436e+06	0
1.86446e+06	0
1.86456e+06	0
1.86466e+06	0
1.86476e+06	0
1.86486e+06	0
1.86496e+06	0
1.86506e+06	0
1.86516e+06	0
1.86526e+06	0
1.86536e+06	0
1.86546e+06	0
1.86556e+06	0
1.86566e+06	0
1.86576e+06	0
1.86586e+06	0
1.86596e+06	0
1.86606e+06	0
1.86616e+06	0
1.86626e+06	0
1.86636e+06	0
1.86646e+06	0
1.86656e+06	0
1.86666e+06	0
1.86676e+06	0
1.86686e+06	0
1.86696e+06	0
1.86706e+06	0
1.86716e+06	0
1.86726e+06	0
1.86736e+06	0
1.86746e+06	0
1.86756e+06	0
1.86766e+06	0
1.86776e+06	0
1.86786e+06	0
1.86796e+06	0
1.86806e+06	0
1.86816e+06	0
1.86826e+06	0
1.86836e+06	0
1.86846e+06	0
1.86856e+06	0
1.86866e+06	0
1.86876e+06	0
1.86886e+06	0
1.86896e+06	0
1.86906e+06	0
1.86916e+06	0
1.86926e+06	0
1.86936e+06	0
1.86946e+06	0
1.86956e+06	0
1.86966e+06	0
1.86976e+06	0
1.86986e+06	0
1.86996e+06	0
1.87006e+06	0
1.87016e+06	0
1.87026e+06	0
1.87036e+06	0
1.87046e+06	0
1.87056e+06	0
1.87066e+06	0
1.87076e+06	0
1.87086e+06	0
1.87096e+06	0
1.87106e+06	0
1.87116e+06	0
1.87126e+06	0
1.87136e+06	0
1.87146e+06	0
1.87156e+06	0
1.87166e+06	0
1.87176e+06	0
1.87186e+06	0
1.87196e+06	0
1.87206e+06	0
1.87216e+06	0
1.87226e+06	0
1.87236e+06	0
1.87246e+06	0
1.87256e+06	0
1.87266e+06	0
1.87276e+06	0
1.87286e+06	0
1.87296e+06	0
1.87306e+06	0
1.87316e+06	0
1.87326e+06	0
1.87336e+06	0
1.87346e+06	0
1.87356e+06	0
1.87366e+06	0
1.87376e+06	0
1.87386e+06	0
1.87396e+06	0
1.87406e+06	0
1.87416e+06	0
1.87426e+06	0
1.87436e+06	0
1.87446e+06	0
1.87456e+06	0
1.87466e+06	0
1.87476e+06	0
1.87486e+06	0
1.87496e+06	0
1.87506e+06	0
1.87516e+06	0
1.87526e+06	0
1.87536e+06	0
1.87546e+06	0
1.87556e+06	0
1.87566e+06	0
1.87576e+06	0
1.87586e+06	0
1.87596e+06	0
1.87606e+06	0
1.87616e+06	0
1.87626e+06	0
1.87636e+06	0
1.87646e+06	0
1.87656e+06	0
1.87666e+06	0
1.87676e+06	0
1.87686e+06	0
1.87696e+06	0
1.87706e+06	0
1.87716e+06	0
1.87726e+06	0
1.87736e+06	0
1.87746e+06	0
1.87756e+06	0
1.87766e+06	0
1.87776e+06	0
1.87786e+06	0
1.87796e+06	0
1.87806e+06	0
1.87816e+06	0
1.87826e+06	0
1.87836e+06	0
1.87846e+06	0
1.87856e+06	0
1.87866e+06	0
1.87876e+06	0
1.87886e+06	0
1.87896e+06	0
1.87906e+06	0
1.87916e+06	0
1.87926e+06	0
1.87936e+06	0
1.87946e+06	0
1.87956e+06	0
1.87966e+06	0
1.87976e+06	0
1.87986e+06	0
1.87996e+06	0
1.88006e+06	0
1.88016e+06	0
1.88026e+06	0
1.88036e+06	0
1.88046e+06	0
1.88056e+06	0
1.88066e+06	0
1.88076e+06	0
1.88086e+06	0
1.88096e+06	0
1.88106e+06	0
1.88116e+06	0
1.88126e+06	0
1.88136e+06	0
1.88146e+06	0
1.88156e+06	0
1.88166e+06	0
1.88176e+06	0
1.88186e+06	0
1.88196e+06	0
1.88206e+06	0
1.88216e+06	0
1.88226e+06	0
1.88236e+06	0
1.88246e+06	0
1.88256e+06	0
1.88266e+06	0
1.88276e+06	0
1.88286e+06	0
1.88296e+06	0
1.88306e+06	0
1.88316e+06	0
1.88326e+06	0
1.88336e+06	0
1.88346e+06	0
1.88356e+06	0
1.88366e+06	0
1.88376e+06	0
1.88386e+06	0
1.88396e+06	0
1.88406e+06	0
1.88416e+06	0
1.88426e+06	0
1.88436e+06	0
1.88446e+06	0
1.88456e+06	0
1.88466e+06	0
1.88476e+06	0
1.88486e+06	0
1.88496e+06	0
1.88506e+06	0
1.88516e+06	0
1.88526e+06	0
1.88536e+06	0
1.88546e+06	0
1.88556e+06	0
1.88566e+06	0
1.88576e+06	0
1.88586e+06	0
1.88596e+06	0
1.88606e+06	0
1.88616e+06	0
1.88626e+06	0
1.88636e+06	0
1.88646e+06	0
1.88656e+06	0
1.88666e+06	0
1.88676e+06	0
1.88686e+06	0
1.88696e+06	0
1.88706e+06	0
1.88716e+06	0
1.88726e+06	0
1.88736e+06	0
1.88746e+06	0
1.88756e+06	0
1.88766e+06	0
1.88776e+06	0
1.88786e+06	0
1.88796e+06	0
1.88806e+06	0
1.88816e+06	0
1.88826e+06	0
1.88836e+06	0
1.88846e+06	0
1.88856e+06	0
1.88866e+06	0
1.88876e+06	0
1.88886e+06	0
1.88896e+06	0
1.88906e+06	0
1.88916e+06	0
1.88926e+06	0
1.88936e+06	0
1.88946e+06	0
1.88956e+06	0
1.88966e+06	0
1.88976e+06	0
1.88986e+06	0
1.88996e+06	0
1.89006e+06	0
1.89016e+06	0
1.89026e+06	0
1.89036e+06	0
1.89046e+06	0
1.89056e+06	0
1.89066e+06	0
1.89076e+06	0
1.89086e+06	0
1.89096e+06	0
1.89106e+06	0
1.89116e+06	0
1.89126e+06	0
1.89136e+06	0
1.89146e+06	0
1.89156e+06	0
1.89166e+06	0
1.89176e+06	0
1.89186e+06	0
1.89196e+06	0
1.89206e+06	0
1.89216e+06	0
1.89226e+06	0
1.89236e+06	0
1.89246e+06	0
1.89256e+06	0
1.89266e+06	0
1.89276e+06	0
1.89286e+06	0
1.89296e+06	0
1.89306e+06	0
1.89316e+06	0
1.89326e+06	0
1.89336e+06	0
1.89346e+06	0
1.89356e+06	0
1.89366e+06	0
1.89376e+06	0
1.89386e+06	0
1.89396e+06	0
1.89406e+06	0
1.89416e+06	0
1.89426e+06	0
1.89436e+06	0
1.89446e+06	0
1.89456e+06	0
1.89466e+06	0
1.89476e+06	0
1.89486e+06	0
1.89496e+06	0
1.89506e+06	0
1.89516e+06	0
1.89526e+06	0
1.89536e+06	0
1.89546e+06	0
1.89556e+06	0
1.89566e+06	0
1.89576e+06	0
1.89586e+06	0
1.89596e+06	0
1.89606e+06	0
1.89616e+06	0
1.89626e+06	0
1.89636e+06	0
1.89646e+06	0
1.89656e+06	0
1.89666e+06	0
1.89676e+06	0
1.89686e+06	0
1.89696e+06	0
1.89706e+06	0
1.89716e+06	0
1.89726e+06	0
1.89736e+06	0
1.89746e+06	0
1.89756e+06	0
1.89766e+06	0
1.89776e+06	0
1.89786e+06	0
1.89796e+06	0
1.89806e+06	0
1.89816e+06	0
1.89826e+06	0
1.89836e+06	0
1.89846e+06	0
1.89856e+06	0
1.89866e+06	0
1.89876e+06	0
1.89886e+06	0
1.89896e+06	0
1.89906e+06	0
1.89916e+06	0
1.89926e+06	0
1.89936e+06	0
1.89946e+06	0
1.89956e+06	0
1.89966e+06	0
1.89976e+06	0
1.89986e+06	0
1.89996e+06	0
1.90006e+06	0
1.90016e+06	0
1.90026e+06	0
1.90036e+06	0
1.90046e+06	0
1.90056e+06	0
1.90066e+06	0
1.90076e+06	0
1.90086e+06	0
1.90096e+06	0
1.90106e+06	0
1.90116e+06	0
1.90126e+06	0
1.90136e+06	0
1.90146e+06	0
1.90156e+06	0
1.90166e+06	0
1.90176e+06	0
1.90186e+06	0
1.90196e+06	0
1.90206e+06	0
1.90216e+06	0
1.90226e+06	0
1.90236e+06	0
1.90246e+06	0
1.90256e+06	0
1.90266e+06	0
1.90276e+06	0
1.90286e+06	0
1.90296e+06	0
1.90306e+06	0
1.90316e+06	0
1.90326e+06	0
1.90336e+06	0
1.90346e+06	0
1.90356e+06	0
1.90366e+06	0
1.90376e+06	0
1.90386e+06	0
1.90396e+06	0
1.90406e+06	0
1.90416e+06	0
1.90426e+06	0
1.90436e+06	0
1.90446e+06	0
1.90456e+06	0
1.90466e+06	0
1.90476e+06	0
1.90486e+06	0
1.90496e+06	0
1.90506e+06	0
1.90516e+06	0
1.90526e+06	0
1.90536e+06	0
1.90546e+06	0
1.90556e+06	0
1.90566e+06	0
1.90576e+06	0
1.90586e+06	0
1.90596e+06	0
1.90606e+06	0
1.90616e+06	0
1.90626e+06	0
1.90636e+06	0
1.90646e+06	0
1.90656e+06	0
1.90666e+06	0
1.90676e+06	0
1.90686e+06	0
1.90696e+06	0
1.90706e+06	0
1.90716e+06	0
1.90726e+06	0
1.90736e+06	0
1.90746e+06	0
1.90756e+06	0
1.90766e+06	0
1.90776e+06	0
1.90786e+06	0
1.90796e+06	0
1.90806e+06	0
1.90816e+06	0
1.90826e+06	0
1.90836e+06	0
1.90846e+06	0
1.90856e+06	0
1.90866e+06	0
1.90876e+06	0
1.90886e+06	0
1.90896e+06	0
1.90906e+06	0
1.90916e+06	0
1.90926e+06	0
1.90936e+06	0
1.90946e+06	0
1.90956e+06	0
1.90966e+06	0
1.90976e+06	0
1.90986e+06	0
1.90996e+06	0
1.91006e+06	0
1.91016e+06	0
1.91026e+06	0
1.91036e+06	0
1.91046e+06	0
1.91056e+06	0
1.91066e+06	0
1.91076e+06	0
1.91086e+06	0
1.91096e+06	0
1.91106e+06	0
1.91116e+06	0
1.91126e+06	0
1.91136e+06	0
1.91146e+06	0
1.91156e+06	0
1.91166e+06	0
1.91176e+06	0
1.91186e+06	0
1.91196e+06	0
1.91206e+06	0
1.91216e+06	0
1.91226e+06	0
1.91236e+06	0
1.91246e+06	0
1.91256e+06	0
1.91266e+06	0
1.91276e+06	0
1.91286e+06	0
1.91296e+06	0
1.91306e+06	0
1.91316e+06	0
1.91326e+06	0
1.91336e+06	0
1.91346e+06	0
1.91356e+06	0
1.91366e+06	0
1.91376e+06	0
1.91386e+06	0
1.91396e+06	0
1.91406e+06	0
1.91416e+06	0
1.91426e+06	0
1.91436e+06	0
1.91446e+06	0
1.91456e+06	0
1.91466e+06	0
1.91476e+06	0
1.91486e+06	0
1.91496e+06	0
1.91506e+06	0
1.91516e+06	0
1.91526e+06	0
1.91536e+06	0
1.91546e+06	0
1.91556e+06	0
1.91566e+06	0
1.91576e+06	0
1.91586e+06	0
1.91596e+06	0
1.91606e+06	0
1.91616e+06	0
1.91626e+06	0
1.91636e+06	0
1.91646e+06	0
1.91656e+06	0
1.91666e+06	0
1.91676e+06	0
1.91686e+06	0
1.91696e+06	0
1.91706e+06	0
1.91716e+06	0
1.91726e+06	0
1.91736e+06	0
1.91746e+06	0
1.91756e+06	0
1.91766e+06	0
1.91776e+06	0
1.91786e+06	0
1.91796e+06	0
1.91806e+06	0
1.91816e+06	0
1.91826e+06	0
1.91836e+06	0
1.91846e+06	0
1.91856e+06	0
1.91866e+06	0
1.91876e+06	0
1.91886e+06	0
1.91896e+06	0
1.91906e+06	0
1.91916e+06	0
1.91926e+06	0
1.91936e+06	0
1.91946e+06	0
1.91956e+06	0
1.91966e+06	0
1.91976e+06	0
1.91986e+06	0
1.91996e+06	0
1.92006e+06	0
1.92016e+06	0
1.92026e+06	0
1.92036e+06	0
1.92046e+06	0
1.92056e+06	0
1.92066e+06	0
1.92076e+06	0
1.92086e+06	0
1.92096e+06	0
1.92106e+06	0
1.92116e+06	0
1.92126e+06	0
1.92136e+06	0
1.92146e+06	0
1.92156e+06	0
1.92166e+06	0
1.92176e+06	0
1.92186e+06	0
1.92196e+06	0
1.92206e+06	0
1.92216e+06	0
1.92226e+06	0
1.92236e+06	0
1.92246e+06	0
1.92256e+06	0
1.92266e+06	0
1.92276e+06	0
1.92286e+06	0
1.92296e+06	0
1.92306e+06	0
1.92316e+06	0
1.92326e+06	0
1.92336e+06	0
1.92346e+06	0
1.92356e+06	0
1.92366e+06	0
1.92376e+06	0
1.92386e+06	0
1.92396e+06	0
1.92406e+06	0
1.92416e+06	0
1.92426e+06	0
1.92436e+06	0
1.92446e+06	0
1.92456e+06	0
1.92466e+06	0
1.92476e+06	0
1.92486e+06	0
1.92496e+06	0
1.92506e+06	0
1.92516e+06	0
1.92526e+06	0
1.92536e+06	0
1.92546e+06	0
1.92556e+06	0
1.92566e+06	0
1.92576e+06	0
1.92586e+06	0
1.92596e+06	0
1.92606e+06	0
1.92616e+06	0
1.92626e+06	0
1.92636e+06	0
1.92646e+06	0
1.92656e+06	0
1.92666e+06	0
1.92676e+06	0
1.92686e+06	0
1.92696e+06	0
1.92706e+06	0
1.92716e+06	0
1.92726e+06	0
1.92736e+06	0
1.92746e+06	0
1.92756e+06	0
1.92766e+06	0
1.92776e+06	0
1.92786e+06	0
1.92796e+06	0
1.92806e+06	0
1.92816e+06	0
1.92826e+06	0
1.92836e+06	0
1.92846e+06	0
1.92856e+06	0
1.92866e+06	0
1.92876e+06	0
1.92886e+06	0
1.92896e+06	0
1.92906e+06	0
1.92916e+06	0
1.92926e+06	0
1.92936e+06	0
1.92946e+06	0
1.92956e+06	0
1.92966e+06	0
1.92976e+06	0
1.92986e+06	0
1.92996e+06	0
1.93006e+06	0
1.93016e+06	0
1.93026e+06	0
1.93036e+06	0
1.93046e+06	0
1.93056e+06	0
1.93066e+06	0
1.93076e+06	0
1.93086e+06	0
1.93096e+06	0
1.93106e+06	0
1.93116e+06	0
1.93126e+06	0
1.93136e+06	0
1.93146e+06	0
1.93156e+06	0
1.93166e+06	0
1.93176e+06	0
1.93186e+06	0
1.93196e+06	0
1.93206e+06	0
1.93216e+06	0
1.93226e+06	0
1.93236e+06	0
1.93246e+06	0
1.93256e+06	0
1.93266e+06	0
1.93276e+06	0
1.93286e+06	0
1.93296e+06	0
1.93306e+06	0
1.93316e+06	0
1.93326e+06	0
1.93336e+06	0
1.93346e+06	0
1.93356e+06	0
1.93366e+06	0
1.93376e+06	0
1.93386e+06	0
1.93396e+06	0
1.93406e+06	0
1.93416e+06	0
1.93426e+06	0
1.93436e+06	0
1.93446e+06	0
1.93456e+06	0
1.93466e+06	0
1.93476e+06	0
1.93486e+06	0
1.93496e+06	0
1.93506e+06	0
1.93516e+06	0
1.93526e+06	0
1.93536e+06	0
1.93546e+06	0
1.93556e+06	0
1.93566e+06	0
1.93576e+06	0
1.93586e+06	0
1.93596e+06	0
1.93606e+06	0
1.93616e+06	0
1.93626e+06	0
1.93636e+06	0
1.93646e+06	0
1.93656e+06	0
1.93666e+06	0
1.93676e+06	0
1.93686e+06	0
1.93696e+06	0
1.93706e+06	0
1.93716e+06	0
1.93726e+06	0
1.93736e+06	0
1.93746e+06	0
1.93756e+06	0
1.93766e+06	0
1.93776e+06	0
1.93786e+06	0
1.93796e+06	0
1.93806e+06	0
1.93816e+06	0
1.93826e+06	0
1.93836e+06	0
1.93846e+06	0
1.93856e+06	0
1.93866e+06	0
1.93876e+06	0
1.93886e+06	0
1.93896e+06	0
1.93906e+06	0
1.93916e+06	0
1.93926e+06	0
1.93936e+06	0
1.93946e+06	0
1.93956e+06	0
1.93966e+06	0
1.93976e+06	0
1.93986e+06	0
1.93996e+06	0
1.94006e+06	0
1.94016e+06	0
1.94026e+06	0
1.94036e+06	0
1.94046e+06	0
1.94056e+06	0
1.94066e+06	0
1.94076e+06	0
1.94086e+06	0
1.94096e+06	0
1.94106e+06	0
1.94116e+06	0
1.94126e+06	0
1.94136e+06	0
1.94146e+06	0
1.94156e+06	0
1.94166e+06	0
1.94176e+06	0
1.94186e+06	0
1.94196e+06	0
1.94206e+06	0
1.94216e+06	0
1.94226e+06	0
1.94236e+06	0
1.94246e+06	0
1.94256e+06	0
1.94266e+06	0
1.94276e+06	0
1.94286e+06	0
1.94296e+06	0
1.94306e+06	0
1.94316e+06	0
1.94326e+06	0
1.94336e+06	0
1.94346e+06	0
1.94356e+06	0
1.94366e+06	0
1.94376e+06	0
1.94386e+06	0
1.94396e+06	0
1.94406e+06	0
1.94416e+06	0
1.94426e+06	0
1.94436e+06	0
1.94446e+06	0
1.94456e+06	0
1.94466e+06	0
1.94476e+06	0
1.94486e+06	0
1.94496e+06	0
1.94506e+06	0
1.94516e+06	0
1.94526e+06	0
1.94536e+06	0
1.94546e+06	0
1.94556e+06	0
1.94566e+06	0
1.94576e+06	0
1.94586e+06	0
1.94596e+06	0
1.94606e+06	0
1.94616e+06	0
1.94626e+06	0
1.94636e+06	0
1.94646e+06	0
1.94656e+06	0
1.94666e+06	0
1.94676e+06	0
1.94686e+06	0
1.94696e+06	0
1.94706e+06	0
1.94716e+06	0
1.94726e+06	0
1.94736e+06	0
1.94746e+06	0
1.94756e+06	0
1.94766e+06	0
1.94776e+06	0
1.94786e+06	0
1.94796e+06	0
1.94806e+06	0
1.94816e+06	0
1.94826e+06	0
1.94836e+06	0
1.94846e+06	0
1.94856e+06	0
1.94866e+06	0
1.94876e+06	0
1.94886e+06	0
1.94896e+06	0
1.94906e+06	0
1.94916e+06	0
1.94926e+06	0
1.94936e+06	0
1.94946e+06	0
1.94956e+06	0
1.94966e+06	0
1.94976e+06	0
1.94986e+06	0
1.94996e+06	0
1.95006e+06	0
1.95016e+06	0
1.95026e+06	0
1.95036e+06	0
1.95046e+06	0
1.95056e+06	0
1.95066e+06	0
1.95076e+06	0
1.95086e+06	0
1.95096e+06	0
1.95106e+06	0
1.95116e+06	0
1.95126e+06	0
1.95136e+06	0
1.95146e+06	0
1.95156e+06	0
1.95166e+06	0
1.95176e+06	0
1.95186e+06	0
1.95196e+06	0
1.95206e+06	0
1.95216e+06	0
1.95226e+06	0
1.95236e+06	0
1.95246e+06	0
1.95256e+06	0
1.95266e+06	0
1.95276e+06	0
1.95286e+06	0
1.95296e+06	0
1.95306e+06	0
1.95316e+06	1.03754e-322
1.95326e+06	4.88137e-321
1.95336e+06	2.23673e-319
1.95346e+06	1.01495e-317
1.95356e+06	4.55964e-316
1.95366e+06	2.02802e-314
1.95376e+06	8.93041e-313
1.95386e+06	3.89339e-311
1.95396e+06	1.68051e-309
1.95406e+06	7.18143e-308
1.95416e+06	3.03835e-306
1.95426e+06	1.27269e-304
1.95436e+06	5.27793e-303
1.95446e+06	2.16702e-301
1.95456e+06	8.80882e-300
1.95466e+06	3.54511e-298
1.95476e+06	1.41254e-296
1.95486e+06	5.5722e-295
1.95496e+06	2.17626e-293
1.95506e+06	8.41494e-292
1.95516e+06	3.22143e-290
1.95526e+06	1.22097e-288
1.95536e+06	4.58159e-287
1.95546e+06	1.7021e-285
1.95556e+06	6.26053e-284
1.95566e+06	2.27979e-282
1.95576e+06	8.21929e-281
1.95586e+06	2.93381e-279
1.95596e+06	1.03678e-277
1.95606e+06	3.62742e-276
1.95616e+06	1.25651e-274
1.95626e+06	4.30915e-273
1.95636e+06	1.4631e-271
1.95646e+06	4.91828e-270
1.95656e+06	1.63686e-268
1.95666e+06	5.39342e-267
1.95676e+06	1.75944e-265
1.95686e+06	5.68254e-264
1.95696e+06	1.81705e-262
1.95706e+06	5.75241e-261
1.95716e+06	1.80297e-259
1.95726e+06	5.59481e-258
1.95736e+06	1.71885e-256
1.95746e+06	5.22816e-255
1.95756e+06	1.5744e-253
1.95766e+06	4.69397e-252
1.95776e+06	1.38555e-250
1.95786e+06	4.04912e-249
1.95796e+06	1.17154e-247
1.95806e+06	3.3559e-246
1.95816e+06	9.5174e-245
1.95826e+06	2.6723e-243
1.95836e+06	7.42864e-242
1.95846e+06	2.04451e-240
1.95856e+06	5.57093e-239
1.95866e+06	1.50288e-237
1.95876e+06	4.01398e-236
1.95886e+06	1.06141e-234
1.95896e+06	2.77876e-233
1.95906e+06	7.20235e-232
1.95916e+06	1.84822e-230
1.95926e+06	4.69561e-229
1.95936e+06	1.1811e-227
1.95946e+06	2.9413e-226
1.95956e+06	7.25183e-225
1.95966e+06	1.77016e-223
1.95976e+06	4.27796e-222
1.95986e+06	1.02357e-220
1.95996e+06	2.42467e-219
1.96006e+06	5.68654e-218
1.96016e+06	1.32038e-216
1.96026e+06	3.03534e-215
1.96036e+06	6.90833e-214
1.96046e+06	1.55667e-212
1.96056e+06	3.47276e-211
1.96066e+06	7.67029e-210
1.96076e+06	1.67728e-208
1.96086e+06	3.63125e-207
1.96096e+06	7.78331e-206
1.96106e+06	1.65169e-204
1.96116e+06	3.47018e-203
1.96126e+06	7.21824e-202
1.96136e+06	1.48651e-200
1.96146e+06	3.03083e-199
1.96156e+06	6.11803e-198
1.96166e+06	1.2227e-196
1.96176e+06	2.41927e-195
1.96186e+06	4.73921e-194
1.96196e+06	9.19148e-193
1.96206e+06	1.76491e-191
1.96216e+06	3.35517e-190
1.96226e+06	6.31488e-189
1.96236e+06	1.17672e-187
1.96246e+06	2.17089e-186
1.96256e+06	3.96515e-185
1.96266e+06	7.17032e-184
1.96276e+06	1.28373e-182
1.96286e+06	2.27545e-181
1.96296e+06	3.99317e-180
1.96306e+06	6.93786e-179
1.96316e+06	1.19341e-177
1.96326e+06	2.03241e-176
1.96336e+06	3.42682e-175
1.96346e+06	5.72041e-174
1.96356e+06	9.45411e-173
1.96366e+06	1.54693e-171
1.96376e+06	2.50599e-170
1.96386e+06	4.01924e-169
1.96396e+06	6.38213e-168
1.96406e+06	1.00333e-166
1.96416e+06	1.56164e-165
1.96426e+06	2.40644e-164
1.96436e+06	3.67135e-163
1.96446e+06	5.54541e-162
1.96456e+06	8.29276e-161
1.96466e+06	1.22778e-159
1.96476e+06	1.79971e-158
1.96486e+06	2.61179e-157
1.96496e+06	3.7526e-156
1.96506e+06	5.33807e-155
1.96516e+06	7.51784e-154
1.96526e+06	1.04824e-152
1.96536e+06	1.44705e-151
1.96546e+06	1.97771e-150
1.96556e+06	2.67609e-149
1.96566e+06	3.58506e-148
1.96576e+06	4.75498e-147
1.96586e+06	6.24394e-146
1.96596e+06	8.11756e-145
1.96606e+06	1.04484e-143
1.96616e+06	1.33147e-142
1.96626e+06	1.67985e-141
1.96636e+06	2.0983e-140
1.96646e+06	2.59491e-139
1.96656e+06	3.17712e-138
1.96666e+06	3.85126e-137
1.96676e+06	4.62199e-136
1.96686e+06	5.49177e-135
1.96696e+06	6.46032e-134
1.96706e+06	7.52407e-133
1.96716e+06	8.67579e-132
1.96726e+06	9.90428e-131
1.96736e+06	1.11942e-129
1.96746e+06	1.25263e-128
1.96756e+06	1.38774e-127
1.96766e+06	1.52214e-126
1.96776e+06	1.65293e-125
1.96786e+06	1.77711e-124
1.96796e+06	1.89161e-123
1.96806e+06	1.99346e-122
1.96816e+06	2.07988e-121
1.96826e+06	2.14847e-120
1.96836e+06	2.19724e-119
1.96846e+06	2.22476e-118
1.96856e+06	2.23022e-117
1.96866e+06	2.21344e-116
1.96876e+06	2.17494e-115
1.96886e+06	2.11585e-114
1.96896e+06	2.03789e-113
1.96906e+06	1.94327e-112
1.96916e+06	1.83461e-111
1.96926e+06	1.7148e-110
1.96936e+06	1.58687e-109
1.96946e+06	1.45388e-108
1.96956e+06	1.31878e-107
1.96966e+06	1.18433e-106
1.96976e+06	1.05301e-105
1.96986e+06	9.26942e-105
1.96996e+06	8.07848e-104
1.97006e+06	6.97052e-103
1.97016e+06	5.95469e-102
1.97026e+06	5.0363e-101
1.97036e+06	4.21719e-100
1.97046e+06	3.49617e-99
1.97056e+06	2.8696e-98
1.97066e+06	2.3319e-97
1.97076e+06	1.8761e-96
1.97086e+06	1.49438e-95
1.97096e+06	1.17849e-94
1.97106e+06	9.20128e-94
1.97116e+06	7.11264e-93
1.97126e+06	5.44343e-92
1.97136e+06	4.12453e-91
1.97146e+06	3.0941e-90
1.97156e+06	2.29802e-89
1.97166e+06	1.6898e-88
1.97176e+06	1.23019e-87
1.97186e+06	8.86693e-87
1.97196e+06	6.3275e-86
1.97206e+06	4.47046e-85
1.97216e+06	3.12702e-84
1.97226e+06	2.16556e-83
1.97236e+06	1.48481e-82
1.97246e+06	1.00793e-81
1.97256e+06	6.77413e-81
1.97266e+06	4.5075e-80
1.97276e+06	2.96947e-79
1.97286e+06	1.93679e-78
1.97296e+06	1.25069e-77
1.97306e+06	7.99605e-77
1.97316e+06	5.06133e-76
1.97326e+06	3.17187e-75
1.97336e+06	1.96801e-74
1.97346e+06	1.20893e-73
1.97356e+06	7.35257e-73
1.97366e+06	4.4273e-72
1.97376e+06	2.63937e-71
1.97386e+06	1.55785e-70
1.97396e+06	9.10364e-70
1.97406e+06	5.26705e-69
1.97416e+06	3.01705e-68
1.97426e+06	1.71105e-67
1.97436e+06	9.60743e-67
1.97446e+06	5.34092e-66
1.97456e+06	2.93961e-65
1.97466e+06	1.60187e-64
1.97476e+06	8.64235e-64
1.97486e+06	4.61638e-63
1.97496e+06	2.44139e-62
1.97506e+06	1.27832e-61
1.97516e+06	6.62688e-61
1.97526e+06	3.4013e-60
1.97536e+06	1.72842e-59
1.97546e+06	8.69603e-59
1.97556e+06	4.33173e-58
1.97566e+06	2.13634e-57
1.97576e+06	1.04315e-56
1.97586e+06	5.04309e-56
1.97596e+06	2.41387e-55
1.97606e+06	1.14394e-54
1.97616e+06	5.3674e-54
1.97626e+06	2.49342e-53
1.97636e+06	1.14683e-52
1.97646e+06	5.22248e-52
1.97656e+06	2.35465e-51
1.97666e+06	1.05112e-50
1.97676e+06	4.64569e-50
1.97686e+06	2.03294e-49
1.97696e+06	8.80796e-49
1.97706e+06	3.77835e-48
1.97716e+06	1.60475e-47
1.97726e+06	6.74824e-47
1.97736e+06	2.80965e-46
1.97746e+06	1.15823e-45
1.97756e+06	4.72734e-45
1.97766e+06	1.91038e-44
1.97776e+06	7.64375e-44
1.97786e+06	3.02814e-43
1.97796e+06	1.18776e-42
1.97806e+06	4.61284e-42
1.97816e+06	1.77376e-41
1.97826e+06	6.75315e-41
1.97836e+06	2.5457e-40
1.97846e+06	9.50161e-40
1.97856e+06	3.51138e-39
1.97866e+06	1.28484e-38
1.97876e+06	4.65496e-38
1.97886e+06	1.66984e-37
1.97896e+06	5.93104e-37
1.97906e+06	2.08585e-36
1.97916e+06	7.26328e-36
1.97926e+06	2.50428e-35
1.97936e+06	8.54935e-35
1.97946e+06	2.88992e-34
1.97956e+06	9.6726e-34
1.97966e+06	3.20557e-33
1.97976e+06	1.0519e-32
1.97986e+06	3.41786e-32
1.97996e+06	1.09962e-31
1.98006e+06	3.50303e-31
1.98016e+06	1.10499e-30
1.98026e+06	3.45135e-30
1.98036e+06	1.06743e-29
1.98046e+06	3.26893e-29
1.98056e+06	9.91275e-29
1.98066e+06	2.9765e-28
1.98076e+06	8.85001e-28
1.98086e+06	2.60561e-27
1.98096e+06	7.59632e-27
1.98106e+06	2.19295e-26
1.98116e+06	6.26885e-26
1.98126e+06	1.77453e-25
1.98136e+06	4.97412e-25
1.98146e+06	1.38067e-24
1.98156e+06	3.79495e-24
1.98166e+06	1.03292e-23
1.98176e+06	2.78403e-23
1.98186e+06	7.43073e-23
1.98196e+06	1.964e-22
1.98206e+06	5.14048e-22
1.98216e+06	1.33237e-21
1.98226e+06	3.41982e-21
1.98236e+06	8.69248e-21
1.98246e+06	2.188e-20
1.98256e+06	5.45404e-20
1.98266e+06	1.34635e-19
1.98276e+06	3.29131e-19
1.98286e+06	7.96806e-19
1.98296e+06	1.91035e-18
1.98306e+06	4.53577e-18
1.98316e+06	1.06652e-17
1.98326e+06	2.48354e-17
1.98336e+06	5.72742e-17
1.98346e+06	1.30808e-16
1.98356e+06	2.95869e-16
1.98366e+06	6.6276e-16
1.98376e+06	1.4703e-15
1.98386e+06	3.23039e-15
1.98396e+06	7.0291e-15
1.98406e+06	1.51477e-14
1.98416e+06	3.23291e-14
1.98426e+06	6.83354e-14
1.98436e+06	1.43055e-13
1.98446e+06	2.96598e-13
1.98456e+06	6.09034e-13
1.98466e+06	1.23858e-12
1.98476e+06	2.49472e-12
1.98486e+06	4.97658e-12
1.98496e+06	9.83227e-12
1.98506e+06	1.92394e-11
1.98516e+06	3.72861e-11
1.98526e+06	7.15681e-11
1.98536e+06	1.36053e-10
1.98546e+06	2.56164e-10
1.98556e+06	4.77689e-10
1.98566e+06	8.82251e-10
1.98576e+06	1.61383e-09
1.98586e+06	2.92378e-09
1.98596e+06	5.24628e-09
1.98606e+06	9.32348e-09
1.98616e+06	1.64106e-08
1.98626e+06	2.86081e-08
1.98636e+06	4.93938e-08
1.98646e+06	8.44645e-08
1.98656e+06	1.43052e-07
1.98666e+06	2.39955e-07
1.98676e+06	3.98641e-07
1.98686e+06	6.55917e-07
1.98696e+06	1.06888e-06
1.98706e+06	1.72513e-06
1.98716e+06	2.75756e-06
1.98726e+06	4.36555e-06
1.98736e+06	6.84479e-06
1.98746e+06	1.06289e-05
1.98756e+06	1.63463e-05
1.98766e+06	2.48975e-05
1.98776e+06	3.75571e-05
1.98786e+06	5.61084e-05
1.98796e+06	8.30159e-05
1.98806e+06	0.000121644
1.98816e+06	0.000176527
1.98826e+06	0.000253701
1.98836e+06	0.000361096
1.98846e+06	0.00050899
1.98856e+06	0.000710526
1.98866e+06	0.000982275
1.98876e+06	0.00134482
1.98886e+06	0.00182337
1.98896e+06	0.00244826
1.98906e+06	0.00325547
1.98916e+06	0.00428686
1.98926e+06	0.00559027
1.98936e+06	0.00721923
1.98946e+06	0.00923234
1.98956e+06	0.0116921
1.98966e+06	0.0146633
1.98976e+06	0.0182106
1.98986e+06	0.0223961
1.98996e+06	0.0272753
1.99006e+06	0.0328938
1.99016e+06	0.0392831
1.99026e+06	0.0464559
1.99036e+06	0.0544022
1.99046e+06	0.0630859
1.99056e+06	0.0724409
1.99066e+06	0.0823703
1.99076e+06	0.0927448
1.99086e+06	0.103404
1.99096e+06	0.114161
1.99106e+06	0.124802
1.99116e+06	0.135098
1.99126e+06	0.14481
1.99136e+06	0.153698
1.99146e+06	0.161532
1.99156e+06	0.168098
1.99166e+06	0.173214
1.99176e+06	0.176733
1.99186e+06	0.17855
1.99196e+06	0.178614
1.99206e+06	0.17692
1.99216e+06	0.173518
1.99226e+06	0.168507
1.99236e+06	0.162029
1.99246e+06	0.154267
1.99256e+06	0.145429
1.99266e+06	0.135747
1.99276e+06	0.12546
1.99286e+06	0.11481
1.99296e+06	0.104028
1.99306e+06	0.0933295
1.99316e+06	0.0829054
1.99326e+06	0.0729197
1.99336e+06	0.0635049
1.99346e+06	0.0547611
1.99356e+06	0.046757
1.99366e+06	0.0395311
1.99376e+06	0.033095
1.99386e+06	0.0274372
1.99396e+06	0.0225269
1.99406e+06	0.0183186
1.99416e+06	0.0147565
1.99426e+06	0.0117781
1.99436e+06	0.00931788
1.99446e+06	0.00731011
1.99456e+06	0.00569129
1.99466e+06	0.00440179
1.99476e+06	0.00338705
1.99486e+06	0.00259826
1.99496e+06	0.00199265
1.99506e+06	0.00153344
1.99516e+06	0.00118954
1.99526e+06	0.000935116
1.99536e+06	0.000749045
1.99546e+06	0.000614315
1.99556e+06	0.000517435
1.99566e+06	0.00044788
1.99576e+06	0.000397566
1.99586e+06	0.000360401
1.99596e+06	0.000331884
1.99606e+06	0.00030877
1.99616e+06	0.000288794
1.99626e+06	0.000270439
1.99636e+06	0.000252753
1.99646e+06	0.000235201
1.99656e+06	0.000217547
1.99666e+06	0.000199758
1.99676e+06	0.00018194
1.99686e+06	0.000164272
1.99696e+06	0.000146973
1.99706e+06	0.000130265
1.99716e+06	0.000114353
1.99726e+06	9.94141e-05
1.99736e+06	8.55826e-05
1.99746e+06	7.29517e-05
1.99756e+06	6.15715e-05
1.99766e+06	5.14525e-05
1.99776e+06	4.25704e-05
1.99786e+06	3.48721e-05
1.99796e+06	2.82822e-05
1.99806e+06	2.27097e-05
1.99816e+06	1.80538e-05
1.99826e+06	1.42098e-05
1.99836e+06	1.1073e-05
1.99846e+06	8.54277e-06
1.99856e+06	6.52517e-06
1.99866e+06	4.93449e-06
1.99876e+06	3.69445e-06
1.99886e+06	2.73851e-06
1.99896e+06	2.00973e-06
1.99906e+06	1.46021e-06
1.99916e+06	1.0504e-06
1.99926e+06	7.48077e-07
1.99936e+06	5.27469e-07
1.99946e+06	3.68218e-07
1.99956e+06	2.5449e-07
1.99966e+06	1.74137e-07
1.99976e+06	1.1797e-07
1.99986e+06	7.91238e-08
1.99996e+06	5.25412e-08
2.00006e+06	3.45422e-08
2.00016e+06	2.24832e-08
2.00026e+06	1.44885e-08
2.00036e+06	9.24365e-09
2.00046e+06	5.83878e-09
2.00056e+06	3.65138e-09
2.00066e+06	2.26074e-09
2.00076e+06	1.3858e-09
2.00086e+06	8.4102e-10
2.00096e+06	5.05324e-10
2.00106e+06	3.00601e-10
2.00116e+06	1.77039e-10
2.00126e+06	1.03229e-10
2.00136e+06	5.9593e-11
2.00146e+06	3.406e-11
2.00156e+06	1.9273e-11
2.00166e+06	1.07973e-11
2.00176e+06	5.98871e-12
2.00186e+06	3.2886e-12
2.00196e+06	1.78791e-12
2.00206e+06	9.62357e-13
2.00216e+06	5.12843e-13
2.00226e+06	2.70576e-13
2.00236e+06	1.41336e-13
2.00246e+06	7.30924e-14
2.00256e+06	3.74239e-14
2.00266e+06	1.89707e-14
2.00276e+06	9.52079e-15
2.00286e+06	4.73065e-15
2.00296e+06	2.32716e-15
2.00306e+06	1.13341e-15
2.00316e+06	5.4652e-16
2.00326e+06	2.60905e-16
2.00336e+06	1.23315e-16
2.00346e+06	5.77039e-17
2.00356e+06	2.67333e-17
2.00366e+06	1.22619e-17
2.00376e+06	5.56824e-18
2.00386e+06	2.50343e-18
2.00396e+06	1.11432e-18
2.00406e+06	4.91071e-19
2.00416e+06	2.14256e-19
2.00426e+06	9.25508e-20
2.00436e+06	3.95807e-20
2.00446e+06	1.67589e-20
2.00456e+06	7.02525e-21
2.00466e+06	2.91566e-21
2.00476e+06	1.19803e-21
2.00486e+06	4.87368e-22
2.00496e+06	1.96292e-22
2.00506e+06	7.8272e-23
2.00516e+06	3.09006e-23
2.00526e+06	1.20777e-23
2.00536e+06	4.67366e-24
2.00546e+06	1.79056e-24
2.00556e+06	6.79168e-25
2.00566e+06	2.55048e-25
2.00576e+06	9.48254e-26
2.00586e+06	3.49047e-26
2.00596e+06	1.27204e-26
2.00606e+06	4.58959e-27
2.00616e+06	1.63947e-27
2.00626e+06	5.79819e-28
2.00636e+06	2.03019e-28
2.00646e+06	7.03783e-29
2.00656e+06	2.41545e-29
2.00666e+06	8.20754e-30
2.00676e+06	2.76113e-30
2.00686e+06	9.19636e-31
2.00696e+06	3.03252e-31
2.00706e+06	9.90027e-32
2.00716e+06	3.19999e-32
2.00726e+06	1.02402e-32
2.00736e+06	3.24431e-33
2.00746e+06	1.01764e-33
2.00756e+06	3.16026e-34
2.00766e+06	9.7165e-35
2.00776e+06	2.95769e-35
2.00786e+06	8.91361e-36
2.00796e+06	2.65957e-36
2.00806e+06	7.85644e-37
2.00816e+06	2.29772e-37
2.00826e+06	6.65314e-38
2.00836e+06	1.90727e-38
2.00846e+06	5.41321e-39
2.00856e+06	1.52109e-39
2.00866e+06	4.23167e-40
2.00876e+06	1.16554e-40
2.00886e+06	3.17832e-41
2.00896e+06	8.58075e-42
2.00906e+06	2.29356e-42
2.00916e+06	6.06949e-43
2.00926e+06	1.5902e-43
2.00936e+06	4.12485e-44
2.00946e+06	1.05931e-44
2.00956e+06	2.69334e-45
2.00966e+06	6.77984e-46
2.00976e+06	1.68968e-46
2.00986e+06	4.16913e-47
2.00996e+06	1.01846e-47
2.01006e+06	2.4632e-48
2.01016e+06	5.89811e-49
2.01026e+06	1.39824e-49
2.01036e+06	3.28178e-50
2.01046e+06	7.62594e-51
2.01056e+06	1.75442e-51
2.01066e+06	3.99607e-52
2.01076e+06	9.0113e-53
2.01086e+06	2.01187e-53
2.01096e+06	4.44702e-54
2.01106e+06	9.73185e-55
2.01116e+06	2.10852e-55
2.01126e+06	4.52292e-56
2.01136e+06	9.60542e-57
2.01146e+06	2.01963e-57
2.01156e+06	4.20419e-58
2.01166e+06	8.66465e-59
2.01176e+06	1.76798e-59
2.01186e+06	3.57157e-60
2.01196e+06	7.14331e-61
2.01206e+06	1.41448e-61
2.01216e+06	2.773e-62
2.01226e+06	5.38221e-63
2.01236e+06	1.03426e-63
2.01246e+06	1.96773e-64
2.01256e+06	3.70929e-65
2.01266e+06	7.08471e-66
2.01276e+06	2.25514e-66
2.01286e+06	5.71455e-66
2.01296e+06	3.04265e-65
2.01306e+06	1.66777e-64
2.01316e+06	9.06333e-64
2.01326e+06	4.87708e-63
2.01336e+06	2.59857e-62
2.01346e+06	1.37092e-61
2.01356e+06	7.16132e-61
2.01366e+06	3.70405e-60
2.01376e+06	1.89699e-59
2.01386e+06	9.61954e-59
2.01396e+06	4.83001e-58
2.01406e+06	2.4013e-57
2.01416e+06	1.18208e-56
2.01426e+06	5.76171e-56
2.01436e+06	2.78074e-55
2.01446e+06	1.32884e-54
2.01456e+06	6.28768e-54
2.01466e+06	2.94586e-53
2.01476e+06	1.36658e-52
2.01486e+06	6.2772e-52
2.01496e+06	2.85496e-51
2.01506e+06	1.28569e-50
2.01516e+06	5.73297e-50
2.01526e+06	2.5312e-49
2.01536e+06	1.10656e-48
2.01546e+06	4.78995e-48
2.01556e+06	2.05301e-47
2.01566e+06	8.71271e-47
2.01576e+06	3.66118e-46
2.01586e+06	1.52332e-45
2.01596e+06	6.27577e-45
2.01606e+06	2.56004e-44
2.01616e+06	1.03402e-43
2.01626e+06	4.13538e-43
2.01636e+06	1.63759e-42
2.01646e+06	6.42095e-42
2.01656e+06	2.49285e-41
2.01666e+06	9.58289e-41
2.01676e+06	3.64754e-40
2.01686e+06	1.37469e-39
2.01696e+06	5.12997e-39
2.01706e+06	1.89551e-38
2.01716e+06	6.93489e-38
2.01726e+06	2.51221e-37
2.01736e+06	9.01101e-37
2.01746e+06	3.20032e-36
2.01756e+06	1.12542e-35
2.01766e+06	3.91865e-35
2.01776e+06	1.35101e-34
2.01786e+06	4.61195e-34
2.01796e+06	1.55887e-33
2.01806e+06	5.21716e-33
2.01816e+06	1.72886e-32
2.01826e+06	5.67263e-32
2.01836e+06	1.84293e-31
2.01846e+06	5.92834e-31
2.01856e+06	1.88824e-30
2.01866e+06	5.95495e-30
2.01876e+06	1.85951e-29
2.01886e+06	5.74931e-29
2.01896e+06	1.76008e-28
2.01906e+06	5.33513e-28
2.01916e+06	1.60124e-27
2.01926e+06	4.75842e-27
2.01936e+06	1.40012e-26
2.01946e+06	4.07911e-26
2.01956e+06	1.17669e-25
2.01966e+06	3.36088e-25
2.01976e+06	9.50471e-25
2.01986e+06	2.66146e-24
2.01996e+06	7.37896e-24
2.02006e+06	2.02565e-23
2.02016e+06	5.50589e-23
2.02026e+06	1.48178e-22
2.02036e+06	3.94852e-22
2.02046e+06	1.04178e-21
2.02056e+06	2.72152e-21
2.02066e+06	7.03943e-21
2.02076e+06	1.80283e-20
2.02086e+06	4.57157e-20
2.02096e+06	1.1478e-19
2.02106e+06	2.85335e-19
2.02116e+06	7.02322e-19
2.02126e+06	1.71162e-18
2.02136e+06	4.13016e-18
2.02146e+06	9.86768e-18
2.02156e+06	2.33428e-17
2.02166e+06	5.46736e-17
2.02176e+06	1.26792e-16
2.02186e+06	2.91134e-16
2.02196e+06	6.61882e-16
2.02206e+06	1.48989e-15
2.02216e+06	3.3206e-15
2.02226e+06	7.32764e-15
2.02236e+06	1.60102e-14
2.02246e+06	3.4635e-14
2.02256e+06	7.41854e-14
2.02266e+06	1.57328e-13
2.02276e+06	3.30353e-13
2.02286e+06	6.86806e-13
2.02296e+06	1.41375e-12
2.02306e+06	2.88135e-12
2.02316e+06	5.81436e-12
2.02326e+06	1.16169e-11
2.02336e+06	2.29805e-11
2.02346e+06	4.50103e-11
2.02356e+06	8.72861e-11
2.02366e+06	1.67594e-10
2.02376e+06	3.18607e-10
2.02386e+06	5.99695e-10
2.02396e+06	1.1176e-09
2.02406e+06	2.06216e-09
2.02416e+06	3.76736e-09
2.02426e+06	6.81446e-09
2.02436e+06	1.22041e-08
2.02446e+06	2.164e-08
2.02456e+06	3.79915e-08
2.02466e+06	6.60381e-08
2.02476e+06	1.13653e-07
2.02486e+06	1.93661e-07
2.02496e+06	3.26725e-07
2.02506e+06	5.45757e-07
2.02516e+06	9.02594e-07
2.02526e+06	1.47796e-06
2.02536e+06	2.39611e-06
2.02546e+06	3.84616e-06
2.02556e+06	6.11257e-06
2.02566e+06	9.61823e-06
2.02576e+06	1.49845e-05
2.02586e+06	2.31133e-05
2.02596e+06	3.52985e-05
2.02606e+06	5.33735e-05
2.02616e+06	7.99039e-05
2.02626e+06	0.000118436
2.02636e+06	0.00017381
2.02646e+06	0.000252544
2.02656e+06	0.000363305
2.02666e+06	0.000517464
2.02676e+06	0.000729727
2.02686e+06	0.00101886
2.02696e+06	0.00140844
2.02706e+06	0.00192767
2.02716e+06	0.00261217
2.02726e+06	0.00350461
2.02736e+06	0.00465532
2.02746e+06	0.00612253
2.02756e+06	0.00797228
2.02766e+06	0.0102779
2.02776e+06	0.0131189
2.02786e+06	0.016579
2.02796e+06	0.020744
2.02806e+06	0.0256977
2.02816e+06	0.0315185
2.02826e+06	0.0382742
2.02836e+06	0.0460169
2.02846e+06	0.0547768
2.02856e+06	0.0645572
2.02866e+06	0.0753289
2.02876e+06	0.0870257
2.02886e+06	0.0995409
2.02896e+06	0.112726
2.02906e+06	0.126391
2.02916e+06	0.140305
2.02926e+06	0.154206
2.02936e+06	0.167801
2.02946e+06	0.180783
2.02956e+06	0.192835
2.02966e+06	0.203649
2.02976e+06	0.212935
2.02986e+06	0.220434
2.02996e+06	0.225931
2.03006e+06	0.229267
2.03016e+06	0.230342
2.03026e+06	0.229125
2.03036e+06	0.225651
2.03046e+06	0.220024
2.03056e+06	0.212407
2.03066e+06	0.203017
2.03076e+06	0.192116
2.03086e+06	0.179995
2.03096e+06	0.166965
2.03106e+06	0.153339
2.03116e+06	0.139428
2.03126e+06	0.125519
2.03136e+06	0.111876
2.03146e+06	0.0987256
2.03156e+06	0.0862558
2.03166e+06	0.0746126
2.03176e+06	0.0639002
2.03186e+06	0.0541823
2.03196e+06	0.045486
2.03206e+06	0.0378063
2.03216e+06	0.0311111
2.03226e+06	0.0253474
2.03236e+06	0.0204463
2.03246e+06	0.0163291
2.03256e+06	0.0129115
2.03266e+06	0.0101077
2.03276e+06	0.00783424
2.03286e+06	0.00601181
2.03296e+06	0.0045675
2.03306e+06	0.00343572
2.03316e+06	0.00255871
2.03326e+06	0.00188665
2.03336e+06	0.00137729
2.03346e+06	0.00099547
2.03356e+06	0.000712357
2.03366e+06	0.000504708
2.03376e+06	0.000354052
2.03386e+06	0.000245926
2.03396e+06	0.00016917
2.03406e+06	0.000115288
2.03416e+06	7.79106e-05
2.03426e+06	5.23298e-05
2.03436e+06	3.51251e-05
2.03446e+06	2.38638e-05
2.03456e+06	1.68683e-05
2.03466e+06	1.30439e-05
2.03476e+06	1.17575e-05
2.03486e+06	1.27615e-05
2.03496e+06	1.61574e-05
2.03506e+06	2.23966e-05
2.03516e+06	3.23153e-05
2.03526e+06	4.72046e-05
2.03536e+06	6.89153e-05
2.03546e+06	9.99995e-05
2.03556e+06	0.00014389
2.03566e+06	0.000205118
2.03576e+06	0.000289567
2.03586e+06	0.000404761
2.03596e+06	0.000560176
2.03606e+06	0.000767564
2.03616e+06	0.00104127
2.03626e+06	0.00139854
2.03636e+06	0.00185969
2.03646e+06	0.0024483
2.03656e+06	0.00319114
2.03666e+06	0.00411797
2.03676e+06	0.00526112
2.03686e+06	0.00665473
2.03696e+06	0.00833373
2.03706e+06	0.0103325
2.03716e+06	0.0126832
2.03726e+06	0.0154138
2.03736e+06	0.0185459
2.03746e+06	0.0220923
2.03756e+06	0.0260551
2.03766e+06	0.030423
2.03776e+06	0.0351696
2.03786e+06	0.0402522
2.03796e+06	0.045611
2.03806e+06	0.0511689
2.03816e+06	0.0568329
2.03826e+06	0.0624958
2.03836e+06	0.0680391
2.03846e+06	0.0733371
2.03856e+06	0.0782611
2.03866e+06	0.0826847
2.03876e+06	0.0864891
2.03886e+06	0.0895683
2.03896e+06	0.0918343
2.03906e+06	0.0932207
2.03916e+06	0.0936865
2.03926e+06	0.0932177
2.03936e+06	0.0918284
2.03946e+06	0.0895598
2.03956e+06	0.0864781
2.03966e+06	0.0826717
2.03976e+06	0.0782465
2.03986e+06	0.0733214
2.03996e+06	0.0680228
2.04006e+06	0.0624795
2.04016e+06	0.0568172
2.04026e+06	0.0511544
2.04036e+06	0.0455984
2.04046e+06	0.0402423
2.04056e+06	0.0351631
2.04066e+06	0.0304207
2.04076e+06	0.0260581
2.04086e+06	0.0221016
2.04096e+06	0.0185626
2.04106e+06	0.0154394
2.04116e+06	0.0127191
2.04126e+06	0.0103806
2.04136e+06	0.0083958
2.04146e+06	0.00673289
2.04156e+06	0.00535761
2.04166e+06	0.00423514
2.04176e+06	0.00333137
2.04186e+06	0.00261398
2.04196e+06	0.0020531
2.04206e+06	0.00162177
2.04216e+06	0.00129614
2.04226e+06	0.00105546
2.04236e+06	0.000882008
2.04246e+06	0.00076085
2.04256e+06	0.00067956
2.04266e+06	0.000627928
2.04276e+06	0.000597662
2.04286e+06	0.0005821
2.04296e+06	0.000575952
2.04306e+06	0.000575072
2.04316e+06	0.000576268
2.04326e+06	0.000577139
2.04336e+06	0.00057594
2.04346e+06	0.000571477
2.04356e+06	0.000563015
2.04366e+06	0.000550198
2.04376e+06	0.000532985
2.04386e+06	0.000511591
2.04396e+06	0.00048643
2.04406e+06	0.000458066
2.04416e+06	0.000427161
2.04426e+06	0.000394437
2.04436e+06	0.000360631
2.04446e+06	0.000326463
2.04456e+06	0.000292603
2.04466e+06	0.000259653
2.04476e+06	0.000228125
2.04486e+06	0.000198434
2.04496e+06	0.00017089
2.04506e+06	0.000145706
2.04516e+06	0.000122998
2.04526e+06	0.000102796
2.04536e+06	8.50572e-05
2.04546e+06	6.96793e-05
2.04556e+06	5.65137e-05
2.04566e+06	4.53797e-05
2.04576e+06	3.60766e-05
2.04586e+06	2.83954e-05
2.04596e+06	2.21272e-05
2.04606e+06	1.70711e-05
2.04616e+06	1.30393e-05
2.04626e+06	9.86064e-06
2.04636e+06	7.38265e-06
2.04646e+06	5.47238e-06
2.04656e+06	4.01603e-06
2.04666e+06	2.91794e-06
2.04676e+06	2.09899e-06
2.04686e+06	1.49487e-06
2.04696e+06	1.05403e-06
2.04706e+06	7.35799e-07
2.04716e+06	5.08537e-07
2.04726e+06	3.47971e-07
2.04736e+06	2.35733e-07
2.04746e+06	1.58109e-07
2.04756e+06	1.0499e-07
2.04766e+06	6.90234e-08
2.04776e+06	4.49264e-08
2.04786e+06	2.89511e-08
2.04796e+06	1.84708e-08
2.04806e+06	1.16671e-08
2.04816e+06	7.29618e-09
2.04826e+06	4.51738e-09
2.04836e+06	2.76908e-09
2.04846e+06	1.68051e-09
2.04856e+06	1.00972e-09
2.04866e+06	6.00651e-10
2.04876e+06	3.53751e-10
2.04886e+06	2.06268e-10
2.04896e+06	1.19075e-10
2.04906e+06	6.80565e-11
2.04916e+06	3.85101e-11
2.04926e+06	2.15743e-11
2.04936e+06	1.19662e-11
2.04946e+06	6.57099e-12
2.04956e+06	3.57243e-12
2.04966e+06	1.92288e-12
2.04976e+06	1.02471e-12
2.04986e+06	5.40635e-13
2.04996e+06	2.824e-13
2.05006e+06	1.46044e-13
2.05016e+06	7.47754e-14
2.05026e+06	3.79045e-14
2.05036e+06	1.9023e-14
2.05046e+06	9.45206e-15
2.05056e+06	4.64975e-15
2.05066e+06	2.26459e-15
2.05076e+06	1.09196e-15
2.05086e+06	5.21293e-16
2.05096e+06	2.46385e-16
2.05106e+06	1.15293e-16
2.05116e+06	5.34131e-17
2.05126e+06	2.44991e-17
2.05136e+06	1.11253e-17
2.05146e+06	5.00182e-18
2.05156e+06	2.22639e-18
2.05166e+06	9.81144e-19
2.05176e+06	4.28076e-19
2.05186e+06	1.84912e-19
2.05196e+06	7.90802e-20
2.05206e+06	3.34832e-20
2.05216e+06	1.4036e-20
2.05226e+06	5.82528e-21
2.05236e+06	2.39358e-21
2.05246e+06	9.73721e-22
2.05256e+06	3.92174e-22
2.05266e+06	1.5638e-22
2.05276e+06	6.17361e-23
2.05286e+06	2.41299e-23
2.05296e+06	9.33743e-24
2.05306e+06	3.57732e-24
2.05316e+06	1.35689e-24
2.05326e+06	5.09551e-25
2.05336e+06	1.89447e-25
2.05346e+06	6.97344e-26
2.05356e+06	2.54133e-26
2.05366e+06	9.16925e-27
2.05376e+06	3.27539e-27
2.05386e+06	1.15838e-27
2.05396e+06	4.05595e-28
2.05406e+06	1.40602e-28
2.05416e+06	4.82559e-29
2.05426e+06	1.6397e-29
2.05436e+06	5.51615e-30
2.05446e+06	1.83723e-30
2.05456e+06	6.05829e-31
2.05466e+06	1.97785e-31
2.05476e+06	6.39282e-32
2.05486e+06	2.04573e-32
2.05496e+06	6.48132e-33
2.05506e+06	2.03298e-33
2.05516e+06	6.31338e-34
2.05526e+06	1.9411e-34
2.05536e+06	5.90866e-35
2.05546e+06	1.78069e-35
2.05556e+06	5.31305e-36
2.05566e+06	1.56949e-36
2.05576e+06	4.59016e-37
2.05586e+06	1.32909e-37
2.05596e+06	3.81013e-38
2.05606e+06	1.08139e-38
2.05616e+06	3.03864e-39
2.05626e+06	8.45346e-40
2.05636e+06	2.32834e-40
2.05646e+06	6.34917e-41
2.05656e+06	1.71413e-41
2.05666e+06	4.58171e-42
2.05676e+06	1.21246e-42
2.05686e+06	3.17663e-43
2.05696e+06	8.23988e-44
2.05706e+06	2.11608e-44
2.05716e+06	5.38024e-45
2.05726e+06	1.35434e-45
2.05736e+06	3.37529e-46
2.05746e+06	8.32826e-47
2.05756e+06	2.03472e-47
2.05766e+06	4.93241e-48
2.05776e+06	1.23184e-48
2.05786e+06	5.17225e-49
2.05796e+06	1.11007e-48
2.05806e+06	4.55529e-48
2.05816e+06	1.95408e-47
2.05826e+06	8.32391e-47
2.05836e+06	3.51108e-46
2.05846e+06	1.46627e-45
2.05856e+06	6.06241e-45
2.05866e+06	2.48161e-44
2.05876e+06	1.00572e-43
2.05886e+06	4.03534e-43
2.05896e+06	1.60302e-42
2.05906e+06	6.30457e-42
2.05916e+06	2.45487e-41
2.05926e+06	9.46366e-41
2.05936e+06	3.61199e-40
2.05946e+06	1.36487e-39
2.05956e+06	5.10614e-39
2.05966e+06	1.89126e-38
2.05976e+06	6.93533e-38
2.05986e+06	2.51791e-37
2.05996e+06	9.05044e-37
2.06006e+06	3.22075e-36
2.06016e+06	1.13475e-35
2.06026e+06	3.95823e-35
2.06036e+06	1.36697e-34
2.06046e+06	4.67385e-34
2.06056e+06	1.58215e-33
2.06066e+06	5.30244e-33
2.06076e+06	1.75939e-32
2.06086e+06	5.7797e-32
2.06096e+06	1.87977e-31
2.06106e+06	6.0529e-31
2.06116e+06	1.92965e-30
2.06126e+06	6.09045e-30
2.06136e+06	1.90317e-29
2.06146e+06	5.88795e-29
2.06156e+06	1.80346e-28
2.06166e+06	5.46898e-28
2.06176e+06	1.64196e-27
2.06186e+06	4.88065e-27
2.06196e+06	1.43631e-26
2.06206e+06	4.18482e-26
2.06216e+06	1.20715e-25
2.06226e+06	3.4475e-25
2.06236e+06	9.74773e-25
2.06246e+06	2.72873e-24
2.06256e+06	7.56264e-24
2.06266e+06	2.07512e-23
2.06276e+06	5.63731e-23
2.06286e+06	1.5162e-22
2.06296e+06	4.03736e-22
2.06306e+06	1.06438e-21
2.06316e+06	2.77813e-21
2.06326e+06	7.17903e-21
2.06336e+06	1.83669e-20
2.06346e+06	4.65225e-20
2.06356e+06	1.16667e-19
2.06366e+06	2.8966e-19
2.06376e+06	7.12011e-19
2.06386e+06	1.73278e-18
2.06396e+06	4.17498e-18
2.06406e+06	9.9592e-18
2.06416e+06	2.35207e-17
2.06426e+06	5.49965e-17
2.06436e+06	1.27314e-16
2.06446e+06	2.91792e-16
2.06456e+06	6.62108e-16
2.06466e+06	1.48744e-15
2.06476e+06	3.30834e-15
2.06486e+06	7.28511e-15
2.06496e+06	1.58825e-14
2.06506e+06	3.42815e-14
2.06516e+06	7.32584e-14
2.06526e+06	1.54993e-13
2.06536e+06	3.24656e-13
2.06546e+06	6.73275e-13
2.06556e+06	1.38235e-12
2.06566e+06	2.80997e-12
2.06576e+06	5.65512e-12
2.06586e+06	1.12678e-11
2.06596e+06	2.22276e-11
2.06606e+06	4.34115e-11
2.06616e+06	8.39409e-11
2.06626e+06	1.60694e-10
2.06636e+06	3.04566e-10
2.06646e+06	5.71508e-10
2.06656e+06	1.06174e-09
2.06666e+06	1.95287e-09
2.06676e+06	3.55619e-09
2.06686e+06	6.4114e-09
2.06696e+06	1.1444e-08
2.06706e+06	2.02237e-08
2.06716e+06	3.53835e-08
2.06726e+06	6.12912e-08
2.06736e+06	1.05112e-07
2.06746e+06	1.78469e-07
2.06756e+06	3.00007e-07
2.06766e+06	4.99295e-07
2.06776e+06	8.22698e-07
2.06786e+06	1.34209e-06
2.06796e+06	2.16759e-06
2.06806e+06	3.46602e-06
2.06816e+06	5.4871e-06
2.06826e+06	8.60026e-06
2.06836e+06	1.33456e-05
2.06846e+06	2.05031e-05
2.06856e+06	3.11861e-05
2.06866e+06	4.69633e-05
2.06876e+06	7.00185e-05
2.06886e+06	0.000103353
2.06896e+06	0.000151041
2.06906e+06	0.000218535
2.06916e+06	0.000313043
2.06926e+06	0.000443961
2.06936e+06	0.000623366
2.06946e+06	0.000866559
2.06956e+06	0.00119264
2.06966e+06	0.0016251
2.06976e+06	0.00219234
2.06986e+06	0.00292814
2.06996e+06	0.00387199
2.07006e+06	0.00506913
2.07016e+06	0.00657037
2.07026e+06	0.00843148
2.07036e+06	0.0107121
2.07046e+06	0.0134742
2.07056e+06	0.0167799
2.07066e+06	0.0206887
2.07076e+06	0.0252542
2.07086e+06	0.0305205
2.07096e+06	0.0365181
2.07106e+06	0.0432595
2.07116e+06	0.0507355
2.07126e+06	0.0589115
2.07136e+06	0.0677245
2.07146e+06	0.0770813
2.07156e+06	0.086858
2.07166e+06	0.0969009
2.07176e+06	0.10703
2.07186e+06	0.117041
2.07196e+06	0.126715
2.07206e+06	0.135824
2.07216e+06	0.14414
2.07226e+06	0.151443
2.07236e+06	0.157533
2.07246e+06	0.162237
2.07256e+06	0.16542
2.07266e+06	0.166987
2.07276e+06	0.166892
2.07286e+06	0.165138
2.07296e+06	0.161777
2.07306e+06	0.156908
2.07316e+06	0.150671
2.07326e+06	0.143243
2.07336e+06	0.134826
2.07346e+06	0.125642
2.07356e+06	0.115918
2.07366e+06	0.105883
2.07376e+06	0.095755
2.07386e+06	0.0857342
2.07396e+06	0.0759985
2.07406e+06	0.0666982
2.07416e+06	0.0579538
2.07426e+06	0.049855
2.07436e+06	0.0424613
2.07446e+06	0.0358045
2.07456e+06	0.029891
2.07466e+06	0.0247059
2.07476e+06	0.0202172
2.07486e+06	0.0163795
2.07496e+06	0.0131383
2.07506e+06	0.0104337
2.07516e+06	0.00820339
2.07526e+06	0.00638571
2.07536e+06	0.00492136
2.07546e+06	0.00375509
2.07556e+06	0.00283671
2.07566e+06	0.00212163
2.07576e+06	0.00157102
2.07586e+06	0.00115175
2.07596e+06	0.000835971
2.07606e+06	0.000600738
2.07616e+06	0.000427405
2.07626e+06	0.000301061
2.07636e+06	0.000209957
2.07646e+06	0.000144966
2.07656e+06	9.9098e-05
2.07666e+06	6.70692e-05
2.07676e+06	4.4941e-05
2.07686e+06	2.98143e-05
2.07696e+06	1.95824e-05
2.07706e+06	1.27342e-05
2.07716e+06	8.19856e-06
2.07726e+06	5.22596e-06
2.07736e+06	3.29805e-06
2.07746e+06	2.06068e-06
2.07756e+06	1.27476e-06
2.07766e+06	7.8074e-07
2.07776e+06	4.73423e-07
2.07786e+06	2.8422e-07
2.07796e+06	1.68937e-07
2.07806e+06	9.94167e-08
