115400	5.26894e-08
115500	8.95323e-08
115600	1.50658e-07
115700	2.51052e-07
115800	4.14282e-07
115900	6.77002e-07
116000	1.09559e-06
116100	1.75579e-06
116200	2.78654e-06
116300	4.37955e-06
116400	6.81659e-06
116500	1.05071e-05
116600	1.60389e-05
116700	2.42465e-05
116800	3.63002e-05
116900	5.38218e-05
117000	7.90314e-05
117100	0.000114931
117200	0.000165529
117300	0.000236111
117400	0.000333554
117500	0.000466692
117600	0.000646714
117700	0.000887602
117800	0.00120657
117900	0.00162452
118000	0.0021664
118100	0.00286154
118200	0.00374383
118300	0.00485173
118400	0.00622801
118500	0.0079192
118600	0.00997478
118700	0.0124458
118800	0.0153835
118900	0.0188368
119000	0.0228503
119100	0.0274614
119200	0.0326974
119300	0.0385724
119400	0.0450849
119500	0.0522147
119600	0.0599209
119700	0.068141
119800	0.0767897
119900	0.0857599
120000	0.094924
120100	0.104137
120200	0.113238
120300	0.12206
120400	0.130429
120500	0.138175
120600	0.145136
120700	0.151162
120800	0.156124
120900	0.159919
121000	0.162471
121100	0.163733
121200	0.163692
121300	0.162366
121400	0.159804
121500	0.156081
121600	0.151298
121700	0.145573
121800	0.139042
121900	0.131846
122000	0.124135
122100	0.116056
122200	0.107751
122300	0.0993569
122400	0.0909964
122500	0.0827806
122600	0.0748051
122700	0.0671506
122800	0.0598818
122900	0.0530483
123000	0.0466851
123100	0.0408141
123200	0.0354449
123300	0.0305769
123400	0.0262003
123500	0.022298
123600	0.0188471
123700	0.01582
123800	0.0131862
123900	0.0109129
124000	0.00896676
124100	0.00731411
124200	0.00592212
124300	0.00475929
124400	0.00379591
124500	0.00300441
124600	0.00235956
124700	0.00183863
124800	0.00142139
124900	0.00109006
125000	0.000829224
125100	0.000625672
125200	0.000468213
125300	0.000347483
125400	0.000255733
125500	0.000186629
125600	0.000135046
125700	9.6889e-05
125800	6.8918e-05
125900	4.85998e-05
126000	3.39749e-05
126100	2.35443e-05
126200	1.61733e-05
126300	1.10123e-05
126400	7.43197e-06
126500	4.97121e-06
126600	3.29561e-06
126700	2.16526e-06
126800	1.40984e-06
126900	9.09698e-07
127000	5.81677e-07
127100	3.68559e-07
127200	2.31399e-07
127300	1.43956e-07
127400	8.87366e-08
127500	5.41956e-08
127600	3.27947e-08
127700	1.96611e-08
127800	1.1678e-08
127900	6.87179e-09
128000	4.00598e-09
128100	2.31357e-09
128200	1.32379e-09
128300	7.50644e-10
128400	4.22254e-10
128500	2.36498e-10
128600	1.33567e-10
128700	7.92546e-11
128800	5.50561e-11
128900	5.2683e-11
129000	7.16065e-11
129100	1.19033e-10
129200	2.12365e-10
129300	3.84869e-10
129400	6.96184e-10
129500	1.2505e-09
129600	2.22719e-09
129700	3.9316e-09
129800	6.87814e-09
129900	1.19248e-08
130000	2.04881e-08
130100	3.48842e-08
130200	5.88611e-08
130300	9.84245e-08
130400	1.63099e-07
130500	2.67839e-07
130600	4.35883e-07
130700	7.02972e-07
130800	1.12351e-06
130900	1.77946e-06
131000	2.79299e-06
131100	4.34427e-06
131200	6.69625e-06
131300	1.02285e-05
131400	1.5483e-05
131500	2.32252e-05
131600	3.45243e-05
131700	5.08569e-05
131800	7.42391e-05
131900	0.000107392
132000	0.000153945
132100	0.000218682
132200	0.000307833
132300	0.000429409
132400	0.000593579
132500	0.000813093
132600	0.00110371
132700	0.00148465
132800	0.00197901
132900	0.00261414
133000	0.00342192
133100	0.00443886
133200	0.00570609
133300	0.00726899
133400	0.0091766
133500	0.0114807
133600	0.0142343
133700	0.0174902
133800	0.0212985
133900	0.0257044
134000	0.0307453
134100	0.036448
134200	0.0428253
134300	0.0498738
134400	0.0575707
134500	0.0658721
134600	0.0747115
134700	0.0839992
134800	0.0936232
134900	0.10345
135000	0.113328
135100	0.123091
135200	0.132562
135300	0.141562
135400	0.14991
135500	0.157438
135600	0.163987
135700	0.169422
135800	0.173632
135900	0.176534
136000	0.178079
136100	0.178252
136200	0.177071
136300	0.174587
136400	0.170881
136500	0.166062
136600	0.160257
136700	0.153614
136800	0.146287
136900	0.138438
137000	0.130227
137100	0.12181
137200	0.11333
137300	0.104919
137400	0.0966911
137500	0.088742
137600	0.0811487
137700	0.0739688
137800	0.0672413
137900	0.0609882
138000	0.0552163
138100	0.0499195
138200	0.0450811
138300	0.0406766
138400	0.0366756
138500	0.0330451
138600	0.0297503
138700	0.0267574
138800	0.0240341
138900	0.021551
139000	0.0192821
139100	0.0172053
139200	0.0153018
139300	0.0135564
139400	0.011957
139500	0.0104938
139600	0.00915895
139700	0.00794602
139800	0.00684933
139900	0.00586359
140000	0.00498352
140100	0.00420365
140200	0.00351813
140300	0.0029207
140400	0.00240469
140500	0.00196317
140600	0.00158899
140700	0.00127498
140800	0.00101408
140900	0.000799478
141000	0.000624752
141100	0.000483932
141200	0.000371592
141300	0.000282879
141400	0.000213529
141500	0.000159855
141600	0.000118723
141700	8.75043e-05
141800	6.40332e-05
141900	4.6547e-05
142000	3.3633e-05
142100	2.41739e-05
142200	1.72985e-05
142300	1.23356e-05
142400	8.77502e-06
142500	6.23363e-06
142600	4.42695e-06
142700	3.14611e-06
142800	2.23937e-06
142900	1.59754e-06
143000	1.14267e-06
143100	8.1954e-07
143200	5.89258e-07
143300	4.24521e-07
143400	3.06211e-07
143500	2.20932e-07
143600	1.59277e-07
143700	1.14613e-07
143800	8.22291e-08
143900	5.8761e-08
144000	4.17848e-08
144100	2.95428e-08
144200	2.07527e-08
144300	1.44749e-08
144400	1.00196e-08
144500	6.8799e-09
144600	4.68443e-09
144700	3.16186e-09
144800	2.11511e-09
144900	1.40198e-09
145000	9.2066e-10
145100	5.98889e-10
145200	3.85868e-10
145300	2.46229e-10
145400	1.55602e-10
145500	9.73752e-11
145600	6.03413e-11
145700	3.70255e-11
