558318	5.73423e-06
558418	9.407e-06
558518	1.52786e-05
558618	2.45682e-05
558718	3.9113e-05
558818	6.16488e-05
558918	9.62024e-05
559018	0.000148629
559118	0.000227342
559218	0.00034428
559318	0.000516179
559418	0.000766208
559518	0.00112603
559618	0.00163837
559718	0.00236009
559818	0.00336591
559918	0.00475263
560018	0.0066439
560118	0.00919536
560218	0.0126
560318	0.0170935
560418	0.0229587
560518	0.0305297
560618	0.0401932
560718	0.0523891
560818	0.0676061
560918	0.0863751
561018	0.109257
561118	0.136824
561218	0.169643
561318	0.208242
561418	0.253078
561518	0.304508
561618	0.362745
561718	0.427818
561818	0.499546
561918	0.577495
562018	0.660964
562118	0.74897
562218	0.84025
562318	0.933274
562418	1.02628
562518	1.11733
562618	1.20435
562718	1.28524
562818	1.35791
562918	1.42041
563018	1.471
563118	1.50824
563218	1.53103
563318	1.53871
563418	1.53103
563518	1.50824
563618	1.471
563718	1.42041
563818	1.35791
563918	1.28524
564018	1.20435
564118	1.11733
564218	1.02628
564318	0.933274
564418	0.84025
564518	0.74897
564618	0.660964
564718	0.577495
564818	0.499546
564918	0.427818
565018	0.362745
565118	0.304508
565218	0.253078
565318	0.208242
565418	0.169643
565518	0.136824
565618	0.109257
565718	0.0863751
565818	0.0676061
565918	0.0523891
566018	0.0401932
566118	0.0305297
566218	0.0229587
566318	0.0170935
566418	0.0126
566518	0.00919536
566618	0.0066439
566718	0.00475263
566818	0.00336591
566918	0.00236009
567018	0.00163837
567118	0.00112603
567218	0.000766208
567318	0.000516179
567418	0.00034428
567518	0.000227342
567618	0.000148629
567718	9.62024e-05
567818	6.16488e-05
567918	3.9113e-05
568018	2.45682e-05
568118	1.52786e-05
568218	9.407e-06
568318	5.73423e-06
568418	3.46064e-06
568518	2.06774e-06
568618	1.22318e-06
568718	7.16379e-07
568818	4.15387e-07
568918	2.38462e-07
569018	1.35532e-07
569118	7.62646e-08
569218	4.24875e-08
569318	2.34345e-08
569418	1.2797e-08
569518	6.91857e-09
569618	3.70325e-09
569718	1.96248e-09
569818	1.02964e-09
569918	5.34838e-10
570018	2.75053e-10
570118	1.40045e-10
570218	7.05954e-11
570318	3.52324e-11
570418	1.74086e-11
570518	8.51615e-12
570618	4.12458e-12
570718	1.97776e-12
570818	9.3891e-13
570918	4.41298e-13
571018	2.05351e-13
571118	9.46059e-14
571218	4.31516e-14
571318	1.94865e-14
571418	8.71216e-15
571518	3.85635e-15
571618	1.68999e-15
571718	7.33242e-16
571818	3.14969e-16
571918	1.33951e-16
572018	5.64004e-17
572118	2.35112e-17
572218	9.70352e-18
572318	3.96525e-18
572418	1.60496e-18
572518	6.45092e-19
572618	2.61875e-19
572718	1.18835e-19
572818	8.80422e-20
572918	1.42093e-19
573018	3.31137e-19
573118	8.26915e-19
573218	2.07022e-18
573318	5.14102e-18
573418	1.26433e-17
573518	3.07856e-17
573618	7.42153e-17
573718	1.77132e-16
573818	4.18561e-16
573918	9.79211e-16
574018	2.26804e-15
574118	5.20096e-15
574218	1.18079e-14
574318	2.65411e-14
574418	5.90638e-14
574518	1.30131e-13
574618	2.83857e-13
574718	6.13019e-13
574818	1.31071e-12
574918	2.77456e-12
575018	5.81486e-12
575118	1.20654e-11
575218	2.47857e-11
575318	5.04102e-11
575418	1.01506e-10
575518	2.02359e-10
575618	3.99402e-10
575718	7.80469e-10
575818	1.50993e-09
575918	2.89212e-09
576018	5.48444e-09
576118	1.02969e-08
576218	1.91397e-08
576318	3.52227e-08
576418	6.41752e-08
576518	1.15763e-07
576618	2.06741e-07
576718	3.65547e-07
576818	6.39905e-07
576918	1.10903e-06
577018	1.90297e-06
577118	3.23277e-06
577218	5.43721e-06
577318	9.05386e-06
577418	1.49262e-05
577518	2.43624e-05
577618	3.93685e-05
577718	6.29848e-05
577818	9.97651e-05
577918	0.000156451
578018	0.000242905
578118	0.000373379
578218	0.000568226
578318	0.00085615
578418	0.00127713
578518	0.00188616
578618	0.00275789
578718	0.0039924
578818	0.00572199
578918	0.00811929
579018	0.0114063
579118	0.0158647
579218	0.021846
579318	0.0297832
579418	0.0402001
579518	0.0537205
579618	0.0710739
579718	0.0930974
579818	0.120732
579918	0.155011
580018	0.197043
580118	0.24798
580218	0.308979
580318	0.381152
580418	0.465506
580518	0.562871
580618	0.673828
580718	0.798632
580818	0.937134
580918	1.08871
581018	1.25222
581118	1.42596
581218	1.60765
581318	1.79445
581418	1.98302
581518	2.16961
581618	2.35014
581718	2.52035
581818	2.67601
581918	2.813
582018	2.92758
582118	3.01651
582218	3.07722
582318	3.10792
582418	3.10768
582518	3.07653
582618	3.01539
582718	2.92605
582818	2.81111
582918	2.67381
583018	2.51791
583118	2.34751
583218	2.16686
583318	1.98022
583418	1.79164
583518	1.60489
583618	1.42331
583718	1.24971
583818	1.08636
583918	0.93497
584018	0.79667
584118	0.672072
584218	0.56132
584318	0.464154
584418	0.379989
584518	0.30799
584618	0.247149
584718	0.196354
584818	0.154446
584918	0.120274
585018	0.0927302
585118	0.0707831
585218	0.0534927
585318	0.0400237
585418	0.029648
585518	0.0217436
585618	0.015788
585718	0.0113495
585818	0.00807763
585918	0.00569178
586018	0.00397073
586118	0.00274251
586218	0.00187536
586318	0.00126963
586418	0.000850995
586518	0.000564721
586618	0.00037102
586718	0.000241334
586818	0.000155416
586918	9.90905e-05
587018	6.25495e-05
587118	3.90907e-05
587218	2.41869e-05
587318	1.48164e-05
587418	8.98593e-06
587518	5.39561e-06
587618	3.20756e-06
587718	1.88785e-06
587818	1.10006e-06
587918	6.3463e-07
588018	3.6248e-07
588118	2.04976e-07
588218	1.14757e-07
588318	6.36083e-08
588418	3.49064e-08
588518	1.8965e-08
588618	1.02014e-08
588718	5.43276e-09
588818	2.86444e-09
588918	1.49526e-09
589018	7.72767e-10
589118	3.95402e-10
589218	2.00303e-10
589318	1.00459e-10
589418	4.9883e-11
589518	2.45228e-11
589618	1.19357e-11
589718	5.75147e-12
589818	2.7439e-12
589918	1.29603e-12
590018	6.06065e-13
590118	2.80595e-13
590218	1.28617e-13
590318	5.83678e-14
590418	2.62244e-14
590518	1.16653e-14
590618	5.13737e-15
590718	2.23998e-15
590818	9.6695e-16
590918	4.13258e-16
591018	1.74862e-16
591118	7.32533e-17
591218	3.03819e-17
591318	1.24756e-17
591418	5.07182e-18
591518	2.04138e-18
591618	8.13467e-19
591718	3.20932e-19
591818	1.25356e-19
591918	4.84766e-20
592018	1.856e-20
592118	7.03525e-21
592218	2.64021e-21
592318	9.80967e-22
592418	3.60851e-22
592518	1.31419e-22
592618	4.73854e-23
592718	1.69157e-23
592818	5.97848e-24
592918	2.09194e-24
593018	7.2471e-25
593118	2.48563e-25
593218	8.44047e-26
593318	2.83761e-26
593418	9.44489e-27
593518	3.11242e-27
593618	1.01544e-27
593718	3.27997e-28
593818	1.04892e-28
593918	3.32102e-29
594018	1.04102e-29
594118	3.23073e-30
594218	9.9266e-31
594318	3.01966e-31
594418	9.09435e-32
594518	2.71171e-32
594618	8.00519e-33
594718	2.33968e-33
594818	6.77017e-34
594918	1.93954e-34
595018	5.50117e-35
595118	1.54479e-35
595218	4.29477e-36
595318	1.18214e-36
595418	3.22146e-37
595518	8.69149e-38
595618	2.32163e-38
595718	6.13973e-39
595818	1.60754e-39
595918	4.16708e-40
596018	1.06945e-40
596118	2.71734e-41
596218	6.83573e-42
596318	1.70248e-42
596418	4.19796e-43
596518	1.02483e-43
596618	2.47697e-44
596718	5.92716e-45
596818	1.4042e-45
596918	3.2936e-46
597018	7.64836e-47
597118	1.75842e-47
597218	4.00253e-48
597318	9.01994e-49
597418	2.01247e-49
597518	4.44542e-50
597618	9.72193e-51
597718	2.10499e-51
597818	4.51236e-52
597918	9.57668e-53
598018	2.01226e-53
598118	4.18609e-54
598218	8.62166e-55
598318	1.75805e-55
598418	3.54917e-56
598518	7.09382e-57
598618	1.40375e-57
598718	2.75016e-58
598818	5.33437e-59
598918	1.02439e-59
599018	1.94762e-60
599118	3.66606e-61
599218	6.83207e-62
599318	1.26056e-62
599418	2.30266e-63
599518	4.16441e-64
599618	7.45649e-65
599718	1.32182e-65
599818	2.31989e-66
599918	4.03107e-67
600018	6.93473e-68
600118	1.18112e-68
600218	1.99168e-69
600318	3.32506e-70
600418	5.49588e-71
600518	8.99356e-72
600618	1.45708e-72
600718	2.33718e-73
600818	3.71157e-74
600918	5.83554e-75
601018	9.08366e-76
601118	1.3999e-76
601218	2.13595e-77
601318	3.22658e-78
601418	4.82559e-79
601518	7.14523e-80
601618	1.04746e-80
601718	1.52026e-81
601818	2.18451e-82
601918	3.10776e-83
602018	4.37721e-84
602118	6.10387e-85
602218	8.42693e-86
602318	1.15184e-86
602418	1.55873e-87
602518	2.08836e-88
602618	2.77012e-89
602718	3.63788e-90
602818	4.72993e-91
602918	6.08862e-92
603018	7.75961e-93
603118	9.7908e-94
603218	1.22308e-94
603318	1.51267e-95
603418	1.85223e-96
603518	2.24544e-97
603618	2.69503e-98
603718	3.20247e-99
603818	3.76757e-100
603918	4.3883e-101
604018	5.06044e-102
604118	5.77745e-103
604218	6.53044e-104
604318	7.30811e-105
604418	8.09701e-106
604518	8.88181e-107
604618	9.64573e-108
604718	1.03711e-108
604818	1.10401e-109
604918	1.16353e-110
605018	1.21406e-111
605118	1.25418e-112
605218	1.28273e-113
605318	1.29888e-114
605418	1.30215e-115
605518	1.29243e-116
605618	1.27002e-117
605718	1.23559e-118
605818	1.19012e-119
605918	1.13493e-120
606018	1.07152e-121
606118	1.00159e-122
606218	9.26908e-124
606318	8.4926e-125
606418	7.70374e-126
606518	6.91862e-127
606618	6.15169e-128
606718	5.41535e-129
606818	4.71971e-130
606918	4.0725e-131
607018	3.47908e-132
607118	2.94256e-133
607218	2.46401e-134
607318	2.04276e-135
607418	1.67667e-136
607518	1.3625e-137
607618	1.09618e-138
607718	8.73141e-140
607818	6.88564e-141
607918	5.37602e-142
608018	4.15561e-143
608118	3.18028e-144
608218	2.40965e-145
608318	1.80758e-146
608418	1.34246e-147
608518	9.87096e-149
608618	7.1858e-150
608718	5.17903e-151
608818	3.69555e-152
608918	2.61075e-153
609018	1.82604e-154
609118	1.26448e-155
609218	8.66902e-157
609318	5.88417e-158
609418	3.95419e-159
609518	2.6308e-160
609618	1.7329e-161
609718	1.1301e-162
609818	7.29657e-164
609918	4.66419e-165
610018	2.95183e-166
610118	1.84954e-167
610218	1.14734e-168
610318	7.04657e-170
610418	4.28471e-171
610518	2.57942e-172
610618	1.53737e-173
610718	9.07178e-175
610818	5.29985e-176
610918	3.06544e-177
611018	1.75541e-178
611118	9.95222e-180
611218	5.58624e-181
611318	3.10439e-182
611418	1.70801e-183
611518	9.3038e-185
611618	5.01751e-186
611718	2.679e-187
611818	1.41617e-188
611918	7.41163e-190
612018	3.84034e-191
612118	1.97008e-192
612218	1.00058e-193
612318	5.0313e-195
612418	2.50475e-196
612518	1.23454e-197
612618	6.02426e-199
612718	2.91044e-200
612818	1.3921e-201
612918	6.59236e-203
613018	3.09077e-204
613118	1.43467e-205
613218	6.59313e-207
613318	2.99978e-208
613418	1.35128e-209
613518	6.02637e-211
613618	2.66088e-212
613718	1.16319e-213
613818	5.03423e-215
613918	2.15712e-216
614018	9.15104e-218
614118	3.84348e-219
614218	1.59822e-220
614318	6.57967e-222
614418	2.68182e-223
614518	1.08221e-224
614618	4.32365e-226
614718	1.7102e-227
614818	6.69732e-229
614918	2.59664e-230
615018	9.96733e-232
615118	3.78795e-233
615218	1.42523e-234
615318	5.30914e-236
615418	1.95803e-237
615518	7.14945e-239
615618	2.58454e-240
615718	9.25017e-242
615818	3.27774e-243
615918	1.14989e-244
616018	3.99386e-246
616118	1.37337e-247
616218	4.67564e-249
616318	1.57598e-250
616418	5.25916e-252
616518	1.73756e-253
616618	5.68356e-255
616718	1.84059e-256
616818	5.90136e-258
616918	1.87329e-259
617018	5.88725e-261
617118	1.8318e-262
617218	5.64289e-264
617318	1.721e-265
617418	5.19659e-267
617518	1.5535e-268
617618	4.59794e-270
617718	1.34732e-271
617818	3.90874e-273
617918	1.12269e-274
618018	3.19255e-276
618118	8.98823e-278
618218	2.50535e-279
618318	6.91382e-281
618418	1.88897e-282
618518	5.10964e-284
618618	1.3684e-285
618718	3.62819e-287
618818	9.52415e-289
618918	2.47525e-290
619018	6.36896e-292
619118	1.62247e-293
619218	4.09204e-295
619318	1.02179e-296
619418	2.52603e-298
619518	6.18263e-300
619618	1.49819e-301
619718	3.5943e-303
619818	8.53731e-305
619918	2.00763e-306
620018	4.67417e-308
620118	1.07741e-309
620218	2.45876e-311
620318	5.55531e-313
620418	1.24267e-314
620518	2.75209e-316
620618	6.03427e-318
620718	1.30987e-319
620818	2.81123e-321
620918	5.92879e-323
621018	0
621118	0
621218	0
621318	0
621418	0
621518	0
621618	0
621718	0
621818	0
621918	0
622018	0
622118	0
622218	0
622318	0
622418	0
622518	0
622618	0
622718	0
622818	0
622918	0
623018	0
623118	0
623218	0
623318	0
623418	0
623518	0
623618	0
623718	0
623818	0
623918	0
624018	0
624118	0
624218	0
624318	0
624418	0
624518	0
624618	0
624718	0
624818	0
624918	0
625018	0
625118	0
625218	0
625318	0
625418	0
625518	0
625618	0
625718	0
625818	0
625918	0
626018	0
626118	0
626218	0
626318	0
626418	0
626518	0
626618	0
626718	0
626818	0
626918	0
627018	0
627118	0
627218	0
627318	0
627418	0
627518	0
627618	0
627718	0
627818	0
627918	0
628018	0
628118	0
628218	0
628318	0
628418	0
628518	0
628618	0
628718	0
628818	0
628918	0
629018	0
629118	0
629218	0
629318	0
629418	0
629518	0
629618	0
629718	0
629818	0
629918	0
630018	0
630118	0
630218	0
630318	0
630418	0
630518	0
630618	0
630718	0
630818	0
630918	0
631018	0
631118	0
631218	0
631318	0
631418	0
631518	0
631618	0
631718	0
631818	0
631918	0
632018	0
632118	0
632218	0
632318	0
632418	0
632518	0
632618	0
632718	0
632818	0
632918	0
633018	0
633118	0
633218	0
633318	0
633418	0
633518	0
633618	0
633718	0
633818	0
633918	0
634018	0
634118	0
634218	0
634318	0
634418	0
634518	0
634618	0
634718	0
634818	0
634918	0
635018	0
635118	0
635218	0
635318	0
635418	0
635518	0
635618	0
635718	0
635818	0
635918	0
636018	0
636118	0
636218	0
636318	0
636418	0
636518	0
636618	0
636718	0
636818	0
636918	0
637018	0
637118	0
637218	0
637318	0
637418	0
637518	0
637618	0
637718	0
637818	0
637918	0
638018	0
638118	0
638218	0
638318	0
638418	0
638518	0
638618	0
638718	0
638818	0
638918	0
639018	0
639118	0
639218	0
639318	0
639418	0
639518	0
639618	0
639718	0
639818	0
639918	0
640018	0
640118	0
640218	0
640318	0
640418	0
640518	0
640618	0
640718	0
640818	0
640918	0
641018	0
641118	0
641218	0
641318	0
641418	0
641518	0
641618	0
641718	0
641818	0
641918	0
642018	0
642118	0
642218	0
642318	0
642418	0
642518	0
642618	0
642718	0
642818	0
642918	0
643018	0
643118	0
643218	0
643318	0
643418	0
643518	0
643618	0
643718	0
643818	0
643918	0
644018	0
644118	0
644218	0
644318	0
644418	0
644518	0
644618	0
644718	0
644818	0
644918	0
645018	0
645118	0
645218	0
645318	0
645418	0
645518	0
645618	0
645718	0
645818	0
645918	0
646018	0
646118	0
646218	0
646318	0
646418	0
646518	0
646618	0
646718	0
646818	0
646918	0
647018	0
647118	0
647218	0
647318	0
647418	0
647518	0
647618	0
647718	0
647818	0
647918	0
648018	0
648118	0
648218	0
648318	0
648418	0
648518	0
648618	0
648718	0
648818	0
648918	0
649018	0
649118	0
649218	0
649318	0
649418	0
649518	0
649618	0
649718	0
649818	0
649918	0
650018	0
650118	0
650218	0
650318	0
650418	0
650518	0
650618	0
650718	0
650818	0
650918	0
651018	0
651118	0
651218	0
651318	0
651418	0
651518	0
651618	0
651718	0
651818	0
651918	0
652018	0
652118	0
652218	0
652318	0
652418	0
652518	0
652618	0
652718	0
652818	0
652918	0
653018	0
653118	0
653218	0
653318	0
653418	0
653518	0
653618	0
653718	0
653818	0
653918	0
654018	0
654118	0
654218	0
654318	0
654418	0
654518	0
654618	0
654718	0
654818	0
654918	0
655018	0
655118	0
655218	0
655318	0
655418	0
655518	0
655618	0
655718	0
655818	0
655918	0
656018	0
656118	0
656218	0
656318	0
656418	0
656518	0
656618	0
656718	0
656818	0
656918	0
657018	0
657118	0
657218	0
657318	0
657418	0
657518	0
657618	0
657718	0
657818	0
657918	0
658018	0
658118	0
658218	0
658318	0
658418	0
658518	0
658618	0
658718	0
658818	0
658918	0
659018	0
659118	0
659218	0
659318	0
659418	0
659518	0
659618	0
659718	0
659818	0
659918	0
660018	0
660118	0
660218	0
660318	0
660418	0
660518	0
660618	0
660718	0
660818	0
660918	0
661018	0
661118	0
661218	0
661318	0
661418	0
661518	0
661618	0
661718	0
661818	0
661918	0
662018	0
662118	0
662218	0
662318	0
662418	0
662518	0
662618	0
662718	0
662818	0
662918	0
663018	0
663118	0
663218	0
663318	0
663418	0
663518	0
663618	0
663718	0
663818	0
663918	0
664018	0
664118	0
664218	0
664318	0
664418	0
664518	0
664618	0
664718	0
664818	0
664918	0
665018	0
665118	0
665218	0
665318	0
665418	0
665518	0
665618	0
665718	0
665818	0
665918	0
666018	0
666118	0
666218	0
666318	0
666418	0
666518	0
666618	0
666718	0
666818	0
666918	0
667018	0
667118	0
667218	0
667318	0
667418	0
667518	0
667618	0
667718	0
667818	0
667918	0
668018	0
668118	0
668218	0
668318	0
668418	0
668518	0
668618	0
668718	0
668818	0
668918	0
669018	0
669118	0
669218	0
669318	0
669418	0
669518	0
669618	0
669718	0
669818	0
669918	0
670018	0
670118	0
670218	0
670318	0
670418	0
670518	0
670618	0
670718	0
670818	0
670918	0
671018	0
671118	0
671218	0
671318	0
671418	0
671518	0
671618	0
671718	0
671818	0
671918	0
672018	0
672118	0
672218	0
672318	0
672418	0
672518	0
672618	0
672718	0
672818	0
672918	0
673018	0
673118	0
673218	0
673318	0
673418	0
673518	0
673618	0
673718	0
673818	0
673918	0
674018	0
674118	0
674218	0
674318	0
674418	0
674518	0
674618	0
674718	0
674818	0
674918	0
675018	0
675118	0
675218	0
675318	0
675418	0
675518	0
675618	0
675718	0
675818	0
675918	0
676018	0
676118	0
676218	0
676318	0
676418	0
676518	0
676618	0
676718	0
676818	0
676918	0
677018	0
677118	0
677218	0
677318	0
677418	0
677518	0
677618	0
677718	0
677818	0
677918	0
678018	0
678118	0
678218	0
678318	0
678418	0
678518	0
678618	0
678718	0
678818	0
678918	0
679018	0
679118	0
679218	0
679318	0
679418	0
679518	0
679618	0
679718	0
679818	0
679918	0
680018	0
680118	0
680218	0
680318	0
680418	0
680518	0
680618	0
680718	0
680818	0
680918	0
681018	0
681118	0
681218	0
681318	0
681418	0
681518	0
681618	0
681718	0
681818	0
681918	0
682018	0
682118	0
682218	0
682318	0
682418	0
682518	0
682618	0
682718	0
682818	0
682918	0
683018	0
683118	0
683218	0
683318	0
683418	0
683518	0
683618	0
683718	0
683818	0
683918	0
684018	0
684118	0
684218	0
684318	0
684418	0
684518	0
684618	0
684718	0
684818	0
684918	0
685018	0
685118	0
685218	0
685318	0
685418	0
685518	0
685618	0
685718	0
685818	0
685918	0
686018	0
686118	0
686218	0
686318	0
686418	0
686518	0
686618	0
686718	0
686818	0
686918	0
687018	0
687118	0
687218	0
687318	0
687418	0
687518	0
687618	0
687718	0
687818	0
687918	0
688018	0
688118	0
688218	0
688318	0
688418	0
688518	0
688618	0
688718	0
688818	0
688918	0
689018	0
689118	0
689218	0
689318	0
689418	0
689518	0
689618	0
689718	0
689818	0
689918	0
690018	0
690118	0
690218	0
690318	0
690418	0
690518	0
690618	0
690718	0
690818	0
690918	0
691018	0
691118	0
691218	0
691318	0
691418	0
691518	0
691618	0
691718	0
691818	0
691918	0
692018	0
692118	0
692218	0
692318	0
692418	0
692518	0
692618	0
692718	0
692818	0
692918	0
693018	0
693118	0
693218	0
693318	0
693418	0
693518	0
693618	0
693718	0
693818	0
693918	0
694018	0
694118	0
694218	0
694318	0
694418	0
694518	0
694618	0
694718	0
694818	0
694918	0
695018	0
695118	0
695218	0
695318	0
695418	0
695518	0
695618	0
695718	0
695818	0
695918	0
696018	0
696118	0
696218	0
696318	0
696418	0
696518	0
696618	0
696718	0
696818	0
696918	0
697018	0
697118	0
697218	0
697318	0
697418	0
697518	0
697618	0
697718	0
697818	0
697918	0
698018	0
698118	0
698218	0
698318	0
698418	0
698518	0
698618	0
698718	0
698818	0
698918	0
699018	0
699118	0
699218	0
699318	0
699418	0
699518	0
699618	0
699718	0
699818	0
699918	0
700018	0
700118	0
700218	0
700318	0
700418	0
700518	0
700618	0
700718	0
700818	0
700918	0
701018	0
701118	0
701218	0
701318	0
701418	0
701518	0
701618	0
701718	0
701818	0
701918	0
702018	0
702118	0
702218	0
702318	0
702418	0
702518	0
702618	0
702718	0
702818	0
702918	0
703018	0
703118	0
703218	0
703318	0
703418	0
703518	0
703618	0
703718	0
703818	0
703918	0
704018	0
704118	0
704218	0
704318	0
704418	0
704518	0
704618	0
704718	0
704818	0
704918	0
705018	0
705118	0
705218	0
705318	0
705418	0
705518	0
705618	0
705718	0
705818	0
705918	0
706018	0
706118	0
706218	0
706318	0
706418	0
706518	0
706618	0
706718	0
706818	0
706918	0
707018	0
707118	0
707218	0
707318	0
707418	0
707518	0
707618	0
707718	0
707818	0
707918	0
708018	0
708118	0
708218	0
708318	0
708418	0
708518	0
708618	0
708718	0
708818	0
708918	0
709018	0
709118	0
709218	0
709318	0
709418	0
709518	0
709618	0
709718	0
709818	0
709918	0
710018	0
710118	0
710218	0
710318	0
710418	0
710518	0
710618	0
710718	0
710818	0
710918	0
711018	0
711118	0
711218	0
711318	0
711418	0
711518	0
711618	0
711718	0
711818	0
711918	0
712018	0
712118	0
712218	0
712318	0
712418	0
712518	0
712618	0
712718	0
712818	0
712918	0
713018	0
713118	0
713218	0
713318	0
713418	0
713518	0
713618	0
713718	0
713818	0
713918	0
714018	0
714118	0
714218	0
714318	0
714418	0
714518	0
714618	0
714718	0
714818	0
714918	0
715018	0
715118	0
715218	0
715318	0
715418	0
715518	0
715618	0
715718	0
715818	0
715918	0
716018	0
716118	0
716218	0
716318	0
716418	0
716518	0
716618	0
716718	0
716818	0
716918	0
717018	0
717118	0
717218	0
717318	0
717418	0
717518	0
717618	0
717718	0
717818	0
717918	0
718018	0
718118	0
718218	0
718318	0
718418	0
718518	0
718618	0
718718	0
718818	0
718918	0
719018	0
719118	0
719218	0
719318	0
719418	0
719518	0
719618	0
719718	0
719818	0
719918	0
720018	0
720118	0
720218	0
720318	0
720418	0
720518	0
720618	0
720718	0
720818	0
720918	0
721018	0
721118	0
721218	0
721318	0
721418	0
721518	0
721618	0
721718	0
721818	0
721918	0
722018	0
722118	0
722218	0
722318	0
722418	0
722518	0
722618	0
722718	0
722818	0
722918	0
723018	0
723118	0
723218	0
723318	0
723418	0
723518	0
723618	0
723718	0
723818	0
723918	0
724018	0
724118	0
724218	0
724318	0
724418	0
724518	0
724618	0
724718	0
724818	0
724918	0
725018	0
725118	0
725218	0
725318	0
725418	0
725518	0
725618	0
725718	0
725818	0
725918	0
726018	0
726118	0
726218	0
726318	0
726418	0
726518	0
726618	0
726718	0
726818	0
726918	0
727018	0
727118	0
727218	0
727318	0
727418	0
727518	0
727618	0
727718	0
727818	0
727918	0
728018	0
728118	0
728218	0
728318	0
728418	0
728518	0
728618	0
728718	0
728818	0
728918	0
729018	0
729118	0
729218	0
729318	0
729418	0
729518	0
729618	0
729718	0
729818	0
729918	0
730018	0
730118	0
730218	0
730318	0
730418	0
730518	0
730618	0
730718	0
730818	0
730918	0
731018	0
731118	0
731218	0
731318	0
731418	0
731518	0
731618	0
731718	0
731818	0
731918	0
732018	0
732118	0
732218	0
732318	0
732418	0
732518	0
732618	0
732718	0
732818	0
732918	0
733018	0
733118	0
733218	0
733318	0
733418	0
733518	0
733618	0
733718	0
733818	0
733918	0
734018	0
734118	0
734218	0
734318	0
734418	0
734518	0
734618	0
734718	0
734818	0
734918	0
735018	0
735118	0
735218	0
735318	0
735418	0
735518	0
735618	0
735718	0
735818	0
735918	0
736018	0
736118	0
736218	0
736318	0
736418	0
736518	0
736618	0
736718	0
736818	0
736918	0
737018	0
737118	0
737218	0
737318	0
737418	0
737518	0
737618	0
737718	0
737818	0
737918	0
738018	0
738118	0
738218	0
738318	0
738418	0
738518	0
738618	0
738718	0
738818	0
738918	0
739018	0
739118	0
739218	0
739318	0
739418	0
739518	0
739618	0
739718	0
739818	0
739918	0
740018	0
740118	0
740218	0
740318	0
740418	0
740518	0
740618	0
740718	0
740818	0
740918	0
741018	0
741118	0
741218	0
741318	0
741418	0
741518	0
741618	0
741718	0
741818	0
741918	0
742018	0
742118	0
742218	0
742318	0
742418	0
742518	0
742618	0
742718	0
742818	0
742918	0
743018	0
743118	0
743218	0
743318	0
743418	0
743518	0
743618	0
743718	0
743818	0
743918	0
744018	0
744118	0
744218	0
744318	0
744418	0
744518	0
744618	0
744718	0
744818	0
744918	0
745018	0
745118	0
745218	0
745318	0
745418	0
745518	0
745618	0
745718	0
745818	0
745918	0
746018	0
746118	0
746218	0
746318	0
746418	0
746518	0
746618	0
746718	0
746818	0
746918	0
747018	0
747118	0
747218	0
747318	0
747418	0
747518	0
747618	0
747718	0
747818	0
747918	0
748018	0
748118	0
748218	0
748318	0
748418	0
748518	0
748618	0
748718	0
748818	0
748918	0
749018	0
749118	0
749218	0
749318	0
749418	0
749518	0
749618	0
749718	0
749818	0
749918	0
750018	0
750118	0
750218	0
750318	0
750418	0
750518	0
750618	0
750718	0
750818	0
750918	0
751018	0
751118	0
751218	0
751318	0
751418	0
751518	0
751618	0
751718	0
751818	0
751918	0
752018	0
752118	0
752218	0
752318	0
752418	0
752518	0
752618	0
752718	0
752818	0
752918	0
753018	0
753118	0
753218	0
753318	0
753418	0
753518	0
753618	0
753718	0
753818	0
753918	0
754018	0
754118	0
754218	0
754318	0
754418	0
754518	0
754618	0
754718	0
754818	0
754918	0
755018	0
755118	0
755218	0
755318	0
755418	0
755518	0
755618	0
755718	0
755818	0
755918	0
756018	0
756118	0
756218	0
756318	0
756418	0
756518	0
756618	0
756718	0
756818	0
756918	0
757018	0
757118	0
757218	0
757318	0
757418	0
757518	0
757618	0
757718	0
757818	0
757918	0
758018	0
758118	0
758218	0
758318	0
758418	0
758518	0
758618	0
758718	0
758818	0
758918	0
759018	0
759118	0
759218	0
759318	0
759418	0
759518	0
759618	0
759718	0
759818	0
759918	0
760018	0
760118	0
760218	0
760318	0
760418	0
760518	0
760618	0
760718	0
760818	0
760918	0
761018	0
761118	0
761218	0
761318	0
761418	0
761518	0
761618	0
761718	0
761818	0
761918	0
762018	0
762118	0
762218	0
762318	0
762418	0
762518	0
762618	0
762718	0
762818	0
762918	0
763018	0
763118	0
763218	0
763318	0
763418	0
763518	0
763618	0
763718	0
763818	0
763918	0
764018	0
764118	0
764218	0
764318	0
764418	0
764518	0
764618	0
764718	0
764818	0
764918	0
765018	0
765118	0
765218	0
765318	0
765418	0
765518	0
765618	0
765718	0
765818	0
765918	0
766018	0
766118	0
766218	0
766318	0
766418	0
766518	0
766618	0
766718	0
766818	0
766918	0
767018	0
767118	0
767218	0
767318	0
767418	0
767518	0
767618	0
767718	0
767818	0
767918	0
768018	0
768118	0
768218	0
768318	0
768418	0
768518	0
768618	0
768718	0
768818	0
768918	0
769018	0
769118	0
769218	0
769318	0
769418	0
769518	0
769618	0
769718	0
769818	0
769918	0
770018	0
770118	0
770218	0
770318	0
770418	0
770518	0
770618	0
770718	0
770818	0
770918	0
771018	0
771118	0
771218	0
771318	0
771418	0
771518	0
771618	0
771718	0
771818	0
771918	0
772018	0
772118	0
772218	0
772318	0
772418	0
772518	0
772618	0
772718	0
772818	0
772918	0
773018	0
773118	0
773218	0
773318	0
773418	0
773518	0
773618	0
773718	0
773818	0
773918	0
774018	0
774118	0
774218	0
774318	0
774418	0
774518	0
774618	0
774718	0
774818	0
774918	0
775018	0
775118	0
775218	0
775318	0
775418	0
775518	0
775618	0
775718	0
775818	0
775918	0
776018	0
776118	0
776218	0
776318	0
776418	0
776518	0
776618	0
776718	0
776818	0
776918	0
777018	0
777118	0
777218	0
777318	0
777418	0
777518	0
777618	0
777718	0
777818	0
777918	0
778018	0
778118	0
778218	0
778318	0
778418	0
778518	0
778618	0
778718	0
778818	0
778918	0
779018	0
779118	0
779218	0
779318	0
779418	0
779518	0
779618	0
779718	0
779818	0
779918	0
780018	0
780118	0
780218	0
780318	0
780418	0
780518	0
780618	0
780718	0
780818	0
780918	0
781018	0
781118	0
781218	0
781318	0
781418	0
781518	0
781618	0
781718	0
781818	0
781918	0
782018	0
782118	0
782218	0
782318	0
782418	0
782518	0
782618	0
782718	0
782818	0
782918	0
783018	0
783118	0
783218	0
783318	0
783418	0
783518	0
783618	0
783718	0
783818	0
783918	0
784018	0
784118	0
784218	0
784318	0
784418	0
784518	0
784618	0
784718	0
784818	0
784918	0
785018	0
785118	0
785218	0
785318	0
785418	0
785518	0
785618	0
785718	0
785818	0
785918	0
786018	0
786118	0
786218	0
786318	0
786418	0
786518	0
786618	0
786718	0
786818	0
786918	0
787018	0
787118	0
787218	0
787318	0
787418	0
787518	0
787618	0
787718	0
787818	0
787918	0
788018	0
788118	0
788218	0
788318	0
788418	0
788518	0
788618	0
788718	0
788818	0
788918	0
789018	0
789118	0
789218	0
789318	0
789418	0
789518	0
789618	0
789718	0
789818	0
789918	0
790018	0
790118	0
790218	0
790318	0
790418	0
790518	0
790618	0
790718	0
790818	0
790918	0
791018	0
791118	0
791218	0
791318	0
791418	0
791518	0
791618	0
791718	0
791818	0
791918	0
792018	0
792118	0
792218	0
792318	0
792418	0
792518	0
792618	0
792718	0
792818	0
792918	0
793018	0
793118	0
793218	0
793318	0
793418	0
793518	0
793618	0
793718	0
793818	0
793918	0
794018	0
794118	0
794218	0
794318	0
794418	0
794518	0
794618	0
794718	0
794818	0
794918	0
795018	0
795118	0
795218	0
795318	0
795418	0
795518	0
795618	0
795718	0
795818	0
795918	0
796018	0
796118	0
796218	0
796318	0
796418	0
796518	0
796618	0
796718	0
796818	0
796918	0
797018	0
797118	0
797218	0
797318	0
797418	0
797518	0
797618	0
797718	0
797818	0
797918	0
798018	0
798118	0
798218	0
798318	0
798418	0
798518	0
798618	0
798718	0
798818	0
798918	0
799018	0
799118	0
799218	0
799318	0
799418	0
799518	0
799618	0
799718	0
799818	0
799918	0
800018	0
800118	0
800218	0
800318	0
800418	0
800518	0
800618	0
800718	0
800818	0
800918	0
801018	0
801118	0
801218	0
801318	0
801418	0
801518	0
801618	0
801718	0
801818	0
801918	0
802018	0
802118	0
802218	0
802318	0
802418	0
802518	0
802618	0
802718	0
802818	0
802918	0
803018	0
803118	0
803218	0
803318	0
803418	0
803518	0
803618	0
803718	0
803818	0
803918	0
804018	0
804118	0
804218	0
804318	0
804418	0
804518	0
804618	0
804718	0
804818	0
804918	0
805018	0
805118	0
805218	0
805318	0
805418	0
805518	0
805618	0
805718	0
805818	0
805918	0
806018	0
806118	0
806218	0
806318	0
806418	0
806518	0
806618	0
806718	0
806818	0
806918	0
807018	0
807118	0
807218	0
807318	0
807418	0
807518	0
807618	0
807718	0
807818	0
807918	0
808018	0
808118	0
808218	0
808318	0
808418	0
808518	0
808618	0
808718	0
808818	0
808918	0
809018	0
809118	0
809218	0
809318	0
809418	0
809518	0
809618	0
809718	0
809818	0
809918	0
810018	0
810118	0
810218	0
810318	0
810418	0
810518	0
810618	0
810718	0
810818	0
810918	0
811018	0
811118	0
811218	0
811318	0
811418	0
811518	0
811618	0
811718	0
811818	0
811918	0
812018	0
812118	0
812218	0
812318	0
812418	0
812518	0
812618	0
812718	0
812818	0
812918	0
813018	0
813118	0
813218	0
813318	0
813418	0
813518	0
813618	0
813718	0
813818	0
813918	0
814018	0
814118	0
814218	0
814318	0
814418	0
814518	0
814618	0
814718	0
814818	0
814918	0
815018	0
815118	0
815218	0
815318	0
815418	0
815518	0
815618	0
815718	0
815818	0
815918	0
816018	0
816118	0
816218	0
816318	0
816418	0
816518	0
816618	0
816718	0
816818	0
816918	0
817018	0
817118	0
817218	0
817318	0
817418	0
817518	0
817618	0
817718	0
817818	0
817918	0
818018	0
818118	0
818218	0
818318	0
818418	0
818518	0
818618	0
818718	0
818818	0
818918	0
819018	0
819118	0
819218	0
819318	0
819418	0
819518	0
819618	0
819718	0
819818	0
819918	0
820018	0
820118	0
820218	0
820318	0
820418	0
820518	0
820618	0
820718	0
820818	0
820918	0
821018	0
821118	0
821218	0
821318	0
821418	0
821518	0
821618	0
821718	0
821818	0
821918	0
822018	0
822118	0
822218	0
822318	0
822418	0
822518	0
822618	0
822718	0
822818	0
822918	0
823018	0
823118	0
823218	0
823318	0
823418	0
823518	0
823618	0
823718	0
823818	0
823918	0
824018	0
824118	0
824218	0
824318	0
824418	0
824518	0
824618	0
824718	0
824818	0
824918	0
825018	0
825118	0
825218	0
825318	0
825418	0
825518	0
825618	0
825718	0
825818	0
825918	0
826018	0
826118	0
826218	0
826318	0
826418	0
826518	0
826618	0
826718	0
826818	0
826918	0
827018	0
827118	0
827218	0
827318	0
827418	0
827518	0
827618	0
827718	0
827818	0
827918	0
828018	0
828118	0
828218	0
828318	0
828418	0
828518	0
828618	0
828718	0
828818	0
828918	0
829018	0
829118	0
829218	0
829318	0
829418	0
829518	0
829618	0
829718	0
829818	0
829918	0
830018	0
830118	0
830218	0
830318	0
830418	0
830518	0
830618	0
830718	0
830818	0
830918	0
831018	0
831118	0
831218	0
831318	0
831418	0
831518	0
831618	0
831718	0
831818	0
831918	0
832018	0
832118	0
832218	0
832318	0
832418	0
832518	0
832618	0
832718	0
832818	0
832918	0
833018	0
833118	0
833218	0
833318	0
833418	0
833518	0
833618	0
833718	0
833818	0
833918	0
834018	0
834118	0
834218	0
834318	0
834418	0
834518	0
834618	0
834718	0
834818	0
834918	0
835018	0
835118	4.94066e-324
835218	1.5316e-322
835318	7.18371e-321
835418	3.3258e-319
835518	1.52433e-317
835618	6.91697e-316
835718	3.10748e-314
835818	1.38216e-312
835918	6.08646e-311
836018	2.65356e-309
836118	1.14538e-307
836218	4.89471e-306
836318	2.07091e-304
836418	8.67468e-303
836518	3.59751e-301
836618	1.4771e-299
836718	6.00443e-298
836818	2.41653e-296
836918	9.62873e-295
837018	3.79842e-293
837118	1.48352e-291
837218	5.73645e-290
837318	2.19608e-288
837418	8.32359e-287
837518	3.12342e-285
837618	1.1604e-283
837718	4.26816e-282
837818	1.55429e-280
837918	5.60375e-279
838018	2.00025e-277
838118	7.0688e-276
838218	2.47323e-274
838318	8.56723e-273
838418	2.93815e-271
838518	9.97616e-270
838618	3.3536e-268
838718	1.11613e-266
838818	3.6777e-265
838918	1.19976e-263
839018	3.87498e-262
839118	1.23909e-260
839218	3.92276e-259
839318	1.22953e-257
839418	3.81541e-256
839518	1.1722e-254
839618	3.5655e-253
839718	1.07373e-251
839818	3.2013e-250
839918	9.44964e-249
840018	2.7616e-247
840118	7.99032e-246
840218	2.28889e-244
840318	6.49144e-243
840418	1.8227e-241
840518	5.06695e-240
840618	1.39455e-238
840718	3.79997e-237
840818	1.02514e-235
840918	2.73805e-234
841018	7.24033e-233
841118	1.89554e-231
841218	4.91318e-230
841318	1.26081e-228
841418	3.20328e-227
841518	8.05743e-226
841618	2.00657e-224
841718	4.94733e-223
841818	1.20766e-221
841918	2.9186e-220
842018	6.9833e-219
842118	1.65426e-217
842218	3.87977e-216
842318	9.00874e-215
842418	2.071e-213
842518	4.71359e-212
842618	1.06214e-210
842718	2.36956e-209
842818	5.23373e-208
842918	1.14449e-206
843018	2.47782e-205
843118	5.31109e-204
843218	1.12708e-202
843318	2.36801e-201
843418	4.92572e-200
843518	1.01441e-198
843618	2.06829e-197
843718	4.17512e-196
843818	8.34418e-195
843918	1.65103e-193
844018	3.23432e-192
844118	6.27289e-191
844218	1.20451e-189
844318	2.28986e-188
844418	4.30988e-187
844518	8.03117e-186
844618	1.48166e-184
844718	2.70631e-183
844818	4.89397e-182
844918	8.762e-181
845018	1.55311e-179
845118	2.72557e-178
845218	4.73555e-177
845318	8.14592e-176
845418	1.38729e-174
845518	2.33911e-173
845618	3.90474e-172
845718	6.45342e-171
845818	1.05595e-169
845918	1.71063e-168
846018	2.74364e-167
846118	4.35665e-166
846218	6.84914e-165
846318	1.06605e-163
846418	1.64276e-162
846518	2.50627e-161
846618	3.78564e-160
846718	5.6612e-159
846818	8.38174e-158
846918	1.22862e-156
847018	1.78302e-155
847118	2.56185e-154
847218	3.64424e-153
847318	5.13237e-152
847418	7.15626e-151
847518	9.87896e-150
847618	1.35018e-148
847718	1.82697e-147
847818	2.44753e-146
847918	3.24625e-145
848018	4.26277e-144
848118	5.54191e-143
848218	7.13319e-142
848318	9.09003e-141
848418	1.14684e-139
848518	1.43252e-138
848618	1.77155e-137
848718	2.16901e-136
848818	2.62923e-135
848918	3.15539e-134
849018	3.74916e-133
849118	4.41033e-132
849218	5.13649e-131
849318	5.92268e-130
849418	6.76126e-129
849518	7.64176e-128
849618	8.551e-127
849718	9.47321e-126
849818	1.03904e-124
849918	1.12831e-123
850018	1.21305e-122
850118	1.29119e-121
850218	1.36067e-120
850318	1.41964e-119
850418	1.46641e-118
850518	1.49966e-117
850618	1.5184e-116
850718	1.52208e-115
850818	1.51059e-114
850918	1.48426e-113
851018	1.44388e-112
851118	1.39063e-111
851218	1.32601e-110
851318	1.25182e-109
851418	1.17001e-108
851518	1.08267e-107
851618	9.91887e-107
851718	8.99671e-106
851818	8.07908e-105
851918	7.18286e-104
852018	6.32252e-103
852118	5.50985e-102
852218	4.75386e-101
852318	4.06079e-100
852418	3.43424e-99
852518	2.87547e-98
852618	2.38366e-97
852718	1.9563e-96
852818	1.58959e-95
852918	1.27876e-94
853018	1.01848e-93
853118	8.03107e-93
853218	6.26976e-92
853318	4.84602e-91
853418	3.70831e-90
853518	2.80947e-89
853618	2.10732e-88
853718	1.56492e-87
853818	1.15057e-86
853918	8.37507e-86
854018	6.03562e-85
854118	4.30639e-84
854218	3.04201e-83
854318	2.12748e-82
854418	1.47308e-81
854518	1.00983e-80
854618	6.85365e-80
854718	4.60527e-79
854818	3.06369e-78
854918	2.01787e-77
855018	1.31582e-76
855118	8.49489e-76
855218	5.4297e-75
855318	3.43599e-74
855418	2.1527e-73
855518	1.33528e-72
855618	8.20011e-72
855718	4.98567e-71
855818	3.00112e-70
855918	1.78855e-69
856018	1.0553e-68
856118	6.16465e-68
856218	3.56531e-67
856318	2.04147e-66
856418	1.1573e-65
856518	6.4954e-65
856618	3.6093e-64
856718	1.98562e-63
856818	1.0815e-62
856918	5.83198e-62
857018	3.11359e-61
857118	1.64575e-60
857218	8.61238e-60
857318	4.46211e-59
857418	2.28883e-58
857518	1.16237e-57
857618	5.84429e-57
857718	2.90922e-56
857818	1.43376e-55
857918	6.99579e-55
858018	3.3795e-54
858118	1.61631e-53
858218	7.65342e-53
858318	3.58792e-52
858418	1.66528e-51
858518	7.65222e-51
858618	3.48133e-50
858718	1.56805e-49
858818	6.99251e-49
858918	3.08718e-48
859018	1.34943e-47
859118	5.83972e-47
859218	2.50203e-46
859318	1.06133e-45
859418	4.45723e-45
859518	1.85326e-44
859618	7.62896e-44
859718	3.10922e-43
859818	1.25457e-42
859918	5.0118e-42
860018	1.98222e-41
860118	7.76184e-41
860218	3.00909e-40
860318	1.15495e-39
860418	4.38883e-39
860518	1.65117e-38
860618	6.15022e-38
860718	2.26802e-37
860818	8.28057e-37
860918	2.99317e-36
861018	1.07117e-35
861118	3.79527e-35
861218	1.33133e-34
861318	4.62363e-34
861418	1.58979e-33
861518	5.41192e-33
861618	1.82399e-32
861718	6.08623e-32
861818	2.01063e-31
861918	6.57617e-31
862018	2.12947e-30
862118	6.82694e-30
862218	2.1669e-29
862318	6.80938e-29
862418	2.11853e-28
862518	6.52555e-28
862618	1.99002e-27
862718	6.00835e-27
862818	1.79601e-26
862918	5.31522e-26
863018	1.55736e-25
863118	4.51768e-25
863218	1.29747e-24
863318	3.68925e-24
863418	1.03857e-23
863518	2.8946e-23
863618	7.98729e-23
863718	2.18206e-22
863818	5.90191e-22
863918	1.58043e-21
864018	4.19e-21
864118	1.09979e-20
864218	2.85801e-20
864318	7.35315e-20
864418	1.87301e-19
864518	4.72351e-19
864618	1.17936e-18
864718	2.91531e-18
864818	7.13478e-18
864918	1.72875e-17
865018	4.14709e-17
865118	9.8494e-17
865218	2.31597e-16
865318	5.39156e-16
865418	1.24266e-15
865518	2.83562e-15
865618	6.40618e-15
865718	1.43288e-14
865818	3.17303e-14
865918	6.95661e-14
866018	1.51e-13
866118	3.24501e-13
866218	6.90414e-13
866318	1.45432e-12
866418	3.03298e-12
866518	6.26232e-12
866618	1.28014e-11
866718	2.59082e-11
866818	5.19128e-11
866918	1.02984e-10
867018	2.02264e-10
867118	3.93302e-10
867218	7.57166e-10
867318	1.44316e-09
867418	2.72328e-09
867518	5.08778e-09
867618	9.41069e-09
867718	1.72334e-08
867818	3.12449e-08
867918	5.60846e-08
868018	9.967e-08
868118	1.75365e-07
868218	3.05477e-07
868318	5.26831e-07
868418	8.9954e-07
868518	1.52064e-06
868618	2.54502e-06
868718	4.21708e-06
868818	6.91814e-06
868918	1.12363e-05
869018	1.80683e-05
869118	2.87651e-05
869218	4.53389e-05
869318	7.07513e-05
869418	0.000109309
869518	0.000167198
869618	0.000253201
869718	0.000379627
869818	0.000563515
869918	0.000828153
870018	0.00120496
870118	0.00173577
870218	0.00247554
870318	0.00349545
870418	0.00488645
870518	0.00676303
870618	0.00926715
870718	0.0125721
870818	0.016886
870918	0.0224545
871018	0.0295621
871118	0.0385324
871218	0.0497248
871318	0.0635298
871418	0.0803597
871518	0.100637
871618	0.124776
871718	0.153167
871818	0.186146
871918	0.223975
872018	0.266811
872118	0.314677
872218	0.367436
872318	0.424773
872418	0.486171
872518	0.550906
872618	0.61805
872718	0.686478
872818	0.754895
872918	0.821871
873018	0.885886
873118	0.945385
873218	0.998843
873318	1.04482
873418	1.08204
873518	1.10944
873618	1.12621
873718	1.13186
873818	1.12622
873918	1.10946
874018	1.08207
874118	1.04486
874218	0.998889
874318	0.945438
874418	0.885943
874518	0.821932
874618	0.754958
874718	0.686542
874818	0.618113
874918	0.550968
875018	0.48623
875118	0.424829
875218	0.367488
875318	0.314724
875418	0.266853
875518	0.224013
875618	0.186179
875718	0.153195
875818	0.124801
875918	0.100657
876018	0.080377
876118	0.063544
876218	0.0497364
876318	0.0385417
876418	0.0295696
876518	0.0224603
876618	0.0168906
876718	0.0125756
876818	0.00926983
876918	0.00676505
877018	0.00488796
877118	0.00349656
877218	0.00247635
877318	0.00173636
877418	0.00120538
877518	0.000828447
877618	0.00056372
877718	0.000379769
877818	0.000253298
877918	0.000167264
878018	0.000109352
878118	7.07803e-05
878218	4.5358e-05
878318	2.87774e-05
878418	1.80762e-05
878518	1.12414e-05
878618	6.9213e-06
878718	4.21905e-06
878818	2.54623e-06
878918	1.52138e-06
879018	8.99985e-07
879118	5.27096e-07
879218	3.05634e-07
879318	1.75457e-07
879418	9.97231e-08
879518	5.61149e-08
879618	3.12621e-08
879718	1.72431e-08
879818	9.41605e-09
879918	5.09072e-09
880018	2.72488e-09
880118	1.44402e-09
880218	7.57626e-10
880318	3.93544e-10
880418	2.0239e-10
880518	1.03049e-10
880618	5.19462e-11
880718	2.59251e-11
880818	1.28099e-11
880918	6.26653e-12
881018	3.03505e-12
881118	1.45533e-12
881218	6.90897e-13
881318	3.24731e-13
881418	1.51109e-13
881518	6.96168e-14
881618	3.17537e-14
881718	1.43395e-14
881818	6.41109e-15
881918	2.83796e-15
882018	1.24408e-15
882118	5.40758e-16
882218	2.34765e-16
882318	1.06051e-16
882418	6.00531e-17
882518	6.28555e-17
882618	1.17904e-16
882718	2.69556e-16
882818	6.36669e-16
882918	1.49998e-15
883018	3.50326e-15
883118	8.10231e-15
883218	1.85532e-14
883318	4.20619e-14
883418	9.44096e-14
883518	2.09797e-13
883618	4.61574e-13
883718	1.0054e-12
883818	2.16818e-12
883918	4.62923e-12
884018	9.78539e-12
884118	2.04788e-11
884218	4.24315e-11
884318	8.70421e-11
884418	1.76778e-10
884518	3.55453e-10
884618	7.0761e-10
884718	1.39464e-09
884818	2.72138e-09
884918	5.25741e-09
885018	1.00557e-08
885118	1.90419e-08
885218	3.56997e-08
885318	6.62637e-08
885418	1.21771e-07
885518	2.21549e-07
885618	3.99072e-07
885718	7.11691e-07
885818	1.25657e-06
885918	2.19655e-06
886018	3.80148e-06
886118	6.51359e-06
886218	1.10496e-05
886318	1.85578e-05
886418	3.08579e-05
886518	5.07998e-05
886618	8.27971e-05
886718	0.000133606
886818	0.000213448
886918	0.000337611
887018	0.000528686
887118	0.000819665
887218	0.00125815
887318	0.00191198
887418	0.00287669
887518	0.00428509
887618	0.00631952
887718	0.00922709
887818	0.0133384
887918	0.0190896
888018	0.0270489
888118	0.0379453
888218	0.0527016
888318	0.0724681
888418	0.0986568
888518	0.132973
888618	0.177443
888718	0.234428
888818	0.306632
888918	0.397085
889018	0.509103
889118	0.646227
889218	0.812123
889318	1.01045
889418	1.2447
889518	1.51801
889618	1.8329
889718	2.19109
889818	2.59322
889918	3.03861
890018	3.52507
890118	4.04872
890218	4.60389
890318	5.18309
890418	5.7771
890518	6.37512
890618	6.96504
890718	7.53383
890818	8.06799
890918	8.55405
891018	8.97915
891118	9.33159
891218	9.60138
891318	9.78066
891418	9.86415
891518	9.84937
891618	9.73676
891718	9.52966
891818	9.23416
891918	8.85879
892018	8.41411
892118	7.91224
892218	7.36627
892318	6.78974
892418	6.19605
892518	5.59802
892618	5.00738
892718	4.4345
892818	3.88808
892918	3.37507
893018	2.90059
893118	2.46802
893218	2.07906
893318	1.73398
893418	1.43178
893518	1.17049
893618	0.947355
893718	0.759131
893818	0.602252
893918	0.473038
894018	0.36785
894118	0.283207
894218	0.21587
894318	0.162907
894418	0.121715
894518	0.0900332
894618	0.0659357
894718	0.0478074
894818	0.0343184
894918	0.0243902
895018	0.0171617
895118	0.0119554
895218	0.00824562
895318	0.00563041
895418	0.0038064
895518	0.00254768
895618	0.00168824
895718	0.00110759
895818	0.000719417
895918	0.000462636
896018	0.000294548
896118	0.000185665
896218	0.000115867
896318	7.15891e-05
896418	4.37917e-05
896518	2.65212e-05
896618	1.5902e-05
896718	9.4399e-06
896818	5.54805e-06
896918	3.22827e-06
897018	1.85976e-06
897118	1.06072e-06
897218	5.98965e-07
897318	3.34857e-07
897418	1.85342e-07
897518	1.01566e-07
897618	5.51031e-08
897718	2.9598e-08
897818	1.574e-08
897918	8.28716e-09
898018	4.31979e-09
898118	2.22935e-09
898218	1.13907e-09
898318	5.76206e-10
898418	2.88578e-10
898518	1.43089e-10
898618	7.02434e-11
898718	3.41399e-11
898818	1.64277e-11
898918	7.82613e-12
899018	3.69126e-12
899118	1.72369e-12
899218	7.96896e-13
899318	3.64755e-13
899418	1.65294e-13
899518	7.41601e-14
899618	3.29413e-14
899718	1.44866e-14
899818	6.30742e-15
899918	2.7189e-15
900018	1.16036e-15
900118	4.90284e-16
900218	2.05097e-16
900318	8.49434e-17
900418	3.48302e-17
900518	1.41397e-17
900618	5.68304e-18
900718	2.26141e-18
900818	8.9091e-19
900918	3.47493e-19
901018	1.34188e-19
901118	5.13028e-20
901218	1.94189e-20
901318	7.2772e-21
901418	2.69999e-21
901518	9.91781e-22
901618	3.60684e-22
901718	1.29866e-22
901818	4.62936e-23
901918	1.63382e-23
902018	5.70878e-24
902118	1.97488e-24
902218	6.76384e-25
902318	2.29353e-25
902418	7.69967e-26
902518	2.55916e-26
902618	8.42129e-27
902718	2.74358e-27
902818	8.8494e-28
902918	2.82596e-28
903018	8.93464e-29
903118	2.79669e-29
903218	8.66699e-30
903318	2.65919e-30
903418	8.0777e-31
903518	2.42931e-31
903618	7.23329e-32
903718	2.13229e-32
903818	6.22317e-33
903918	1.79819e-33
904018	5.14418e-34
904118	1.45698e-34
904218	4.08553e-35
904318	1.13423e-35
904418	3.11752e-36
904518	8.48351e-37
904618	2.28559e-37
904718	6.09647e-38
904818	1.60996e-38
904918	4.2093e-39
905018	1.08958e-39
905118	2.79235e-40
905218	7.08492e-41
905318	1.77974e-41
905418	4.42626e-42
905518	1.08987e-42
905618	2.65685e-43
905718	6.41235e-44
905818	1.53223e-44
905918	3.62485e-45
906018	8.49016e-46
906118	1.96914e-46
906218	4.53752e-47
906318	1.10686e-47
906418	5.85737e-48
906518	1.61682e-47
906618	6.85342e-47
906718	2.96118e-46
906818	1.26861e-45
906918	5.38126e-45
907018	2.25994e-44
907118	9.39652e-44
907218	3.86807e-43
907318	1.57645e-42
907418	6.36092e-42
907518	2.54108e-41
907618	1.00502e-40
907718	3.93538e-40
907818	1.52566e-39
907918	5.85576e-39
908018	2.22519e-38
908118	8.37158e-38
908218	3.11821e-37
908318	1.1499e-36
908418	4.19829e-36
908518	1.51754e-35
908618	5.43084e-35
908718	1.9242e-34
908818	6.7498e-34
908918	2.34416e-33
909018	8.06013e-33
909118	2.74381e-32
909218	9.24745e-32
909318	3.08565e-31
909418	1.01937e-30
909518	3.33403e-30
909618	1.07961e-29
909718	3.46114e-29
909818	1.09858e-28
909918	3.45222e-28
910018	1.07405e-27
910118	3.3083e-27
910218	1.00889e-26
910318	3.04607e-26
910418	9.10527e-26
910518	2.69465e-25
910618	7.89533e-25
910718	2.29031e-24
910818	6.57772e-24
910918	1.87031e-23
911018	5.26513e-23
911118	1.46745e-22
911218	4.04922e-22
911318	1.10621e-21
911418	2.992e-21
911518	8.01202e-21
911618	2.12412e-20
911718	5.57538e-20
911818	1.44886e-19
911918	3.72765e-19
912018	9.49514e-19
912118	2.39455e-18
912218	5.97867e-18
912318	1.47789e-17
912418	3.61689e-17
912518	8.76369e-17
912618	2.1023e-16
912718	4.99299e-16
912818	1.17404e-15
912918	2.73314e-15
913018	6.29939e-15
913118	1.43745e-14
913218	3.24745e-14
913318	7.26358e-14
913418	1.60848e-13
913518	3.52644e-13
913618	7.65448e-13
913718	1.64495e-12
913818	3.49981e-12
913918	7.37216e-12
914018	1.53745e-11
914118	3.17443e-11
914218	6.48914e-11
914318	1.3133e-10
914418	2.63148e-10
914518	5.22027e-10
914618	1.02528e-09
914718	1.99365e-09
914818	3.83806e-09
914918	7.31531e-09
915018	1.38042e-08
915118	2.57896e-08
915218	4.7702e-08
915318	8.73545e-08
915418	1.58377e-07
915518	2.84285e-07
915618	5.05212e-07
915718	8.88896e-07
915818	1.54841e-06
915918	2.6704e-06
916018	4.55957e-06
916118	7.70778e-06
916218	1.29001e-05
916318	2.13752e-05
916418	3.50661e-05
916518	5.69535e-05
916618	9.15822e-05
916718	0.0001458
916818	0.000229807
916918	0.000358612
917018	0.000554043
917118	0.00084746
917218	0.00128337
917318	0.00192416
917418	0.0028562
917518	0.00419752
917618	0.00610737
917718	0.00879776
917818	0.0125472
917918	0.0177166
918018	0.0247667
918118	0.034278
918218	0.0469698
918318	0.0637204
918418	0.0855847
918518	0.113807
918618	0.149831
918718	0.195295
918818	0.252021
918918	0.321988
919018	0.407286
919118	0.510054
919218	0.632397
919318	0.776284
919418	0.943428
919518	1.13515
919618	1.35225
919718	1.59483
919818	1.86222
919918	2.15281
920018	2.46397
920118	2.79205
920218	3.13233
920318	3.47911
920418	3.82584
920518	4.16527
920618	4.48968
920718	4.79121
920818	5.06212
920918	5.29512
921018	5.48374
921118	5.62257
921218	5.70755
921318	5.73617
921418	5.70757
921518	5.6226
921618	5.48378
921718	5.29518
921818	5.06218
921918	4.79129
922018	4.48977
922118	4.16536
922218	3.82594
922318	3.47921
922418	3.13242
922518	2.79214
922618	2.46406
922718	2.15289
922818	1.8623
922918	1.5949
923018	1.35231
923118	1.13521
923218	0.943478
923318	0.776327
923418	0.632434
923518	0.510085
923618	0.407312
923718	0.32201
923818	0.25204
923918	0.195311
924018	0.149847
924118	0.113823
924218	0.0856028
924318	0.0637438
924418	0.0470027
924518	0.0343267
924618	0.0248404
924718	0.0178287
924818	0.0127177
924918	0.00905541
925018	0.00649358
925118	0.00477123
925218	0.00370032
925318	0.00315404
925418	0.00305765
925518	0.00338177
925618	0.00413802
925718	0.00537663
925818	0.00718578
925918	0.00969225
926018	0.0130629
926118	0.0175064
926218	0.0232752
926318	0.0306658
926418	0.0400186
926518	0.0517147
926618	0.0661704
926718	0.083828
926818	0.105143
926918	0.130567
927018	0.160525
927118	0.195394
927218	0.235472
927318	0.280946
927418	0.331866
927518	0.388115
927618	0.449382
927718	0.515143
927818	0.584651
927918	0.656936
928018	0.730813
928118	0.804908
928218	0.877695
928318	0.947541
928418	1.01277
928518	1.07171
928618	1.1228
928718	1.16462
928818	1.19598
928918	1.21597
929018	1.22398
929118	1.21979
929218	1.20352
929318	1.17565
929418	1.137
929518	1.08868
929618	1.03204
929718	0.96861
929818	0.900035
929918	0.827993
930018	0.754138
930118	0.680036
930218	0.607114
930318	0.536619
930418	0.46959
930518	0.406844
930618	0.348975
930718	0.296359
930818	0.249172
930918	0.207413
931018	0.170935
931118	0.139471
931218	0.112666
931318	0.0901069
931418	0.0713479
931518	0.0559321
931618	0.0434109
931718	0.0333575
931818	0.0253773
931918	0.0191141
932018	0.0142535
932118	0.0105232
932218	0.00769206
932318	0.0055669
932418	0.00398928
932518	0.00283114
932618	0.00199072
932718	0.00138845
932818	0.000963206
932918	0.000669137
933018	0.000472927
933118	0.000351761
933218	0.000291959
933318	0.000288371
933418	0.000344641
933518	0.000474506
933618	0.000704354
933718	0.00107738
933818	0.00165974
933918	0.00254934
934018	0.00388784
934118	0.00587684
934218	0.00879902
934318	0.0130455
934418	0.0191504
934518	0.0278332
934618	0.0400508
934718	0.0570581
934818	0.080479
934918	0.112384
935018	0.155376
935118	0.212677
935218	0.288213
935318	0.386691
935418	0.513655
935518	0.675517
935618	0.879545
935718	1.1338
935818	1.44701
935918	1.82838
936018	2.28726
936118	2.83284
936218	3.47366
936318	4.21704
936418	5.06858
936518	6.03144
936618	7.10581
936718	8.28825
936818	9.57126
936918	10.9429
937018	12.3866
937118	13.8813
937218	15.4016
937318	16.9183
937418	18.3995
937518	19.8112
937618	21.119
937718	22.2892
937818	23.2901
937918	24.0938
938018	24.6772
938118	25.0233
938218	25.1217
938318	24.9696
938418	24.5715
938518	23.9391
938618	23.0909
938718	22.0511
938818	20.8487
938918	19.5157
939018	18.0861
939118	16.5945
939218	15.0744
939318	13.5573
939418	12.0715
939518	10.6416
939618	9.28779
939718	8.02553
939818	6.86581
939918	5.81523
940018	4.87639
940118	4.04844
940218	3.32762
940318	2.70793
940418	2.18171
940518	1.74026
940618	1.37433
940718	1.07454
940818	0.831783
940918	0.637464
941018	0.48368
941118	0.363344
941218	0.270231
941318	0.19898
941418	0.145057
941518	0.104695
941618	0.0748123
941718	0.0529268
941818	0.0370712
941918	0.0257073
942018	0.0176497
942118	0.0119974
942218	0.00807467
942318	0.00538131
942418	0.00355205
942518	0.00232347
942618	0.00150816
942718	0.000974541
942818	0.000631645
942918	0.000417662
943018	0.000291602
943118	0.000227302
943218	0.000209246
943318	0.000229741
943418	0.000287117
943518	0.000384675
943618	0.000530197
943718	0.000735859
943818	0.00101843
943918	0.00139968
944018	0.00190689
944118	0.00257336
944218	0.00343894
944318	0.00455034
944418	0.00596124
944518	0.007732
944618	0.00992904
944718	0.0126235
944818	0.0158896
944918	0.0198016
945018	0.0244312
945118	0.0298434
945218	0.0360917
945318	0.043214
945418	0.0512269
945518	0.0601213
945618	0.069858
945718	0.0803639
945818	0.0915299
945918	0.10321
946018	0.115223
946118	0.127353
946218	0.139361
946318	0.150983
946418	0.161947
946518	0.171978
946618	0.180814
946718	0.188212
946818	0.193963
946918	0.197901
947018	0.199911
947118	0.199931
947218	0.197961
947318	0.194061
947418	0.188344
947518	0.180977
947618	0.172168
947718	0.162158
947818	0.15121
947918	0.139599
948018	0.127597
948118	0.115466
948218	0.103449
948318	0.0917598
948418	0.080582
948518	0.0700616
948618	0.0603087
948718	0.0513968
948818	0.043366
948918	0.036226
949018	0.0299604
949118	0.024532
949218	0.0198872
949318	0.0159615
949418	0.0126832
949518	0.00997796
949618	0.00777163
949718	0.00599293
949818	0.00457534
949918	0.00345831
950018	0.00258799
950118	0.00191742
950218	0.00140647
950318	0.00102141
950418	0.000734388
950518	0.000522768
950618	0.000368425
950718	0.000257068
950818	0.000177583
950918	0.000121454
951018	8.22398e-05
951118	5.51325e-05
951218	3.65924e-05
951318	2.40453e-05
951418	1.56433e-05
951518	1.00759e-05
951618	6.42529e-06
951718	4.05659e-06
951818	2.53563e-06
951918	1.56916e-06
952018	9.61408e-07
952118	5.83182e-07
952218	3.50233e-07
952318	2.08242e-07
952418	1.22584e-07
952518	7.14431e-08
952618	4.12232e-08
952718	2.35494e-08
952818	1.33191e-08
952918	7.45811e-09
953018	4.13465e-09
953118	2.26937e-09
953218	1.23319e-09
953318	6.63454e-10
953418	3.53385e-10
953518	1.86356e-10
953618	9.72962e-11
953718	5.02927e-11
953818	2.57378e-11
953918	1.30405e-11
954018	6.54147e-12
954118	3.24872e-12
954218	1.59738e-12
954318	7.77604e-13
954418	3.74772e-13
954518	1.78827e-13
954618	8.44804e-14
954718	3.95126e-14
954818	1.82967e-14
954918	8.38815e-15
955018	3.8073e-15
955118	1.7109e-15
955218	7.61185e-16
955318	3.35284e-16
955418	1.46215e-16
955518	6.31288e-17
955618	2.69849e-17
955718	1.14201e-17
955818	4.78497e-18
955918	1.98492e-18
956018	8.15201e-19
956118	3.31469e-19
956218	1.33438e-19
956318	5.31828e-20
956418	2.09856e-20
956518	8.19838e-21
956618	3.17097e-21
956718	1.21426e-21
956818	4.60353e-22
956918	1.72793e-22
957018	6.42122e-23
957118	2.36247e-23
957218	8.60544e-24
957318	3.10339e-24
957418	1.10804e-24
957518	3.91682e-25
957618	1.37078e-25
957718	4.74963e-26
957818	1.62933e-26
957918	5.53368e-27
958018	1.8607e-27
958118	6.19435e-28
958218	2.04161e-28
958318	6.66203e-29
958418	2.15228e-29
958518	6.88438e-30
958618	2.18101e-30
958718	6.86938e-31
958818	2.23698e-31
958918	1.03176e-31
959018	1.4346e-31
959118	4.04349e-31
959218	1.27276e-30
959318	4.01518e-30
959418	1.25552e-29
959518	3.8873e-29
959618	1.19162e-28
959718	3.61654e-28
959818	1.0867e-27
959918	3.23288e-27
960018	9.52213e-27
960118	2.77679e-26
960218	8.01709e-26
960318	2.2917e-25
960418	6.48581e-25
960518	1.81736e-24
960618	5.04181e-24
960718	1.38485e-23
960818	3.7661e-23
960918	1.01404e-22
961018	2.70329e-22
961118	7.13526e-22
961218	1.86469e-21
961318	4.82487e-21
961418	1.23609e-20
961518	3.13547e-20
961618	7.87491e-20
961718	1.95832e-19
961818	4.82194e-19
961918	1.17561e-18
962018	2.83799e-18
962118	6.7838e-18
962218	1.60566e-17
962318	3.76323e-17
962418	8.73374e-17
962518	2.00715e-16
962618	4.56782e-16
962718	1.02943e-15
962818	2.29748e-15
962918	5.07794e-15
963018	1.11151e-14
963118	2.40962e-14
963218	5.1737e-14
963318	1.10025e-13
963418	2.31757e-13
963518	4.83558e-13
963618	9.99439e-13
963718	2.04634e-12
963818	4.15087e-12
963918	8.34189e-12
964018	1.66104e-11
964118	3.27731e-11
964218	6.40778e-11
964318	1.2416e-10
964418	2.38439e-10
964518	4.53867e-10
964618	8.56398e-10
964718	1.60198e-09
964818	2.9711e-09
964918	5.46381e-09
965018	9.96406e-09
965118	1.80212e-08
965218	3.23279e-08
965318	5.75261e-08
965418	1.01552e-07
965518	1.77861e-07
965618	3.09093e-07
965718	5.3302e-07
965818	9.12173e-07
965918	1.54924e-06
966018	2.6115e-06
966118	4.36929e-06
966218	7.25595e-06
966318	1.19605e-05
966418	1.95693e-05
966518	3.17813e-05
966618	5.12305e-05
966718	8.19654e-05
966818	0.000130154
966918	0.00020511
967018	0.000320766
967118	0.000497771
967218	0.000766432
967318	0.0011708
967418	0.00177426
967518	0.00266706
967618	0.00397639
967718	0.00587949
967818	0.00862071
967918	0.012533
968018	0.0180649
968118	0.0258132
968218	0.0365624
968318	0.0513306
968418	0.0714216
968518	0.0984828
968618	0.134566
968718	0.18219
968818	0.244399
968918	0.324813
969018	0.42766
969118	0.557794
969218	0.72067
969318	0.92229
969418	1.16909
969518	1.46778
969618	1.82511
969718	2.24761
969818	2.74121
969918	3.31085
970018	3.96008
970118	4.69055
970218	5.50162
970318	6.38993
970418	7.34908
970518	8.36939
970618	9.43784
970718	10.5381
970818	11.6509
970918	12.7544
971018	13.8248
971118	14.8371
971218	15.7664
971318	16.5883
971418	17.2805
971518	17.8235
971618	18.2015
971718	18.4035
971818	18.4234
971918	18.2604
972018	17.9195
972118	17.4104
972218	16.748
972318	15.9509
972418	15.0409
972518	14.042
972618	12.9793
972718	11.8778
972818	10.7618
972918	9.65376
973018	8.57375
973118	7.53889
973218	6.56304
973318	5.65671
973418	4.82707
973518	4.07816
973618	3.41117
973718	2.8249
973818	2.31613
973918	1.8801
974018	1.51098
974118	1.20225
974218	0.947089
974318	0.73866
974418	0.57037
974518	0.43604
974618	0.330031
974718	0.24731
974818	0.183479
974918	0.134768
975018	0.098005
975118	0.0705612
975218	0.0502969
975318	0.0354956
975418	0.0248007
975518	0.0171559
975618	0.0117495
975718	0.00796674
975818	0.00534812
975918	0.0035545
976018	0.00233891
976118	0.00152372
976218	0.000982777
976318	0.000627569
976418	0.000396758
976518	0.00024834
976618	0.000153895
976718	9.44193e-05
976818	5.73526e-05
976918	3.44908e-05
977018	2.05357e-05
977118	1.21053e-05
977218	7.06473e-06
977318	4.08201e-06
977418	2.33512e-06
977518	1.32252e-06
977618	7.41569e-07
977718	4.11679e-07
977818	2.26268e-07
977918	1.23124e-07
978018	6.63318e-08
978118	3.53799e-08
978218	1.86831e-08
978318	9.76783e-09
978418	5.05597e-09
978518	2.591e-09
978618	1.31459e-09
978718	6.60338e-10
978818	3.28399e-10
978918	1.61694e-10
979018	7.8821e-11
979118	3.80406e-11
979218	1.81765e-11
979318	8.59866e-12
979418	4.02724e-12
979518	1.86742e-12
979618	8.57301e-13
979718	3.89656e-13
979818	1.75342e-13
979918	7.81177e-14
980018	3.44563e-14
980118	1.50468e-14
980218	6.50548e-15
980318	2.78464e-15
980418	1.1801e-15
980518	4.95136e-16
980618	2.05682e-16
980718	8.46023e-17
980818	3.44793e-17
980918	1.3977e-17
981018	5.76667e-18
981118	2.73046e-18
981218	2.14128e-18
981318	3.35266e-18
981418	7.15985e-18
981518	1.62573e-17
981618	3.70053e-17
981718	8.35678e-17
981818	1.86904e-16
981918	4.13886e-16
982018	9.07409e-16
982118	1.96963e-15
982218	4.23274e-15
982318	9.00567e-15
982418	1.897e-14
982518	3.95618e-14
982618	8.1685e-14
982718	1.6698e-13
982818	3.37944e-13
982918	6.77146e-13
983018	1.34331e-12
983118	2.63832e-12
983218	5.13022e-12
983318	9.87645e-12
983418	1.88245e-11
983518	3.55224e-11
983618	6.6365e-11
983718	1.22753e-10
983818	2.24793e-10
983918	4.07559e-10
984018	7.31569e-10
984118	1.3001e-09
984218	2.28747e-09
984318	3.98466e-09
984418	6.87202e-09
984518	1.17337e-08
984618	1.98354e-08
984718	3.31975e-08
984818	5.5008e-08
984918	9.02411e-08
985018	1.46568e-07
985118	2.35685e-07
985218	3.75216e-07
985318	5.91408e-07
985418	9.22891e-07
985518	1.42584e-06
985618	2.18096e-06
985718	3.30281e-06
985818	4.95193e-06
985918	7.35061e-06
986018	1.08026e-05
986118	1.57178e-05
986218	2.26418e-05
986318	3.22915e-05
986418	4.55956e-05
986518	6.37402e-05
986618	8.82189e-05
986718	0.000120883
986818	0.000163994
986918	0.000220266
987018	0.000292903
987118	0.000385618
987218	0.00050263
987318	0.000648628
987418	0.000828705
987518	0.00104824
987618	0.00131274
987718	0.00162763
987818	0.00199797
987918	0.00242817
988018	0.00292163
988118	0.0034804
988218	0.00410478
988318	0.00479301
988418	0.00554094
988518	0.00634184
988618	0.00718628
988718	0.00806215
988818	0.00895476
988918	0.00984723
989018	0.0107209
989118	0.011556
989218	0.0123321
989318	0.0130295
989418	0.0136292
989518	0.0141148
989618	0.0144722
989718	0.014691
989818	0.0147647
989918	0.0146911
990018	0.0144725
990118	0.0141152
990218	0.0136298
990318	0.0130302
990418	0.0123329
990518	0.0115568
990618	0.0107218
990718	0.00984819
990818	0.00895573
990918	0.00806311
991018	0.00718722
991118	0.00634273
991218	0.00554178
991318	0.00479379
991418	0.00410549
991518	0.00348104
991618	0.0029222
991718	0.00242867
991818	0.0019984
991918	0.001628
992018	0.00131306
992118	0.0010485
992218	0.000828921
992318	0.000648803
992418	0.000502771
992518	0.000385731
992618	0.000292992
992718	0.000220336
992818	0.000164048
992918	0.000120924
993018	8.82495e-05
993118	6.3763e-05
993218	4.56124e-05
993318	3.23038e-05
993418	2.26507e-05
993518	1.57241e-05
993618	1.08071e-05
993718	7.35372e-06
993818	4.95408e-06
993918	3.30427e-06
994018	2.18196e-06
994118	1.4265e-06
994218	9.23331e-07
994318	5.91696e-07
994418	3.75403e-07
994518	2.35805e-07
994618	1.46644e-07
994718	9.02889e-08
994818	5.50378e-08
994918	3.32158e-08
995018	1.98466e-08
995118	1.17404e-08
995218	6.87603e-09
995318	3.98703e-09
995418	2.28886e-09
995518	1.3009e-09
995618	7.32028e-10
995718	4.07819e-10
995818	2.24939e-10
995918	1.22834e-10
996018	6.64095e-11
996118	3.55467e-11
996218	1.88375e-11
996318	9.8834e-12
996418	5.13388e-12
996518	2.64023e-12
996618	1.3443e-12
996718	6.77652e-13
996818	3.38201e-13
996918	1.67109e-13
997018	8.17487e-14
997118	3.95931e-14
997218	1.89852e-14
997318	9.01299e-15
997418	4.23622e-15
997518	1.97127e-15
997618	9.08176e-16
997718	4.14239e-16
997818	1.87064e-16
997918	8.36343e-17
998018	3.702e-17
998118	1.62236e-17
998218	7.03903e-18
998318	3.02368e-18
998418	1.28593e-18
998518	5.41445e-19
998618	2.25709e-19
998718	9.31539e-20
998818	3.80636e-20
998918	1.53984e-20
999018	6.16735e-21
999118	2.44556e-21
999218	9.60098e-22
999318	3.73172e-22
999418	1.43602e-22
999518	5.47103e-23
999618	2.06364e-23
999718	7.70648e-24
999818	2.84928e-24
999918	1.04297e-24
1.00002e+06	3.77977e-25
1.00012e+06	1.35618e-25
1.00022e+06	4.81752e-26
1.00032e+06	1.69429e-26
1.00042e+06	5.89943e-27
1.00052e+06	2.03371e-27
1.00062e+06	6.94104e-28
1.00072e+06	2.3454e-28
1.00082e+06	7.84634e-29
1.00092e+06	2.59881e-29
1.00102e+06	8.52193e-30
1.00112e+06	2.76668e-30
1.00122e+06	8.89277e-31
1.00132e+06	2.82991e-31
1.00142e+06	8.91589e-32
1.00152e+06	2.78108e-32
1.00162e+06	8.58856e-33
1.00172e+06	2.62593e-33
1.00182e+06	7.94885e-34
1.00192e+06	2.38222e-34
1.00202e+06	7.06832e-35
1.00212e+06	2.07638e-35
1.00222e+06	6.03888e-36
1.00232e+06	1.73885e-36
1.00242e+06	4.95707e-37
1.00252e+06	1.39909e-37
1.00262e+06	3.9095e-38
1.00272e+06	1.08157e-38
1.00282e+06	2.96242e-39
1.00292e+06	8.03331e-40
1.00302e+06	2.15675e-40
1.00312e+06	5.73274e-41
1.00322e+06	1.50862e-41
1.00332e+06	3.93059e-42
1.00342e+06	1.01389e-42
1.00352e+06	2.58929e-43
1.00362e+06	6.54679e-44
1.00372e+06	1.63883e-44
1.00382e+06	4.06158e-45
1.00392e+06	9.96582e-46
1.00402e+06	2.42097e-46
1.00412e+06	5.82266e-47
1.00422e+06	1.38647e-47
1.00432e+06	3.26857e-48
1.00442e+06	7.6289e-49
1.00452e+06	1.76288e-49
1.00462e+06	4.03312e-50
1.00472e+06	9.13516e-51
1.00482e+06	2.04856e-51
1.00492e+06	4.54818e-52
1.00502e+06	9.99732e-53
1.00512e+06	2.17564e-53
1.00522e+06	4.68756e-54
1.00532e+06	9.99918e-55
1.00542e+06	2.11173e-55
1.00552e+06	4.4154e-56
1.00562e+06	9.14027e-57
1.00572e+06	1.87329e-57
1.00582e+06	3.80108e-58
1.00592e+06	7.63602e-59
1.00602e+06	1.51874e-59
1.00612e+06	2.99059e-60
1.00622e+06	5.83026e-61
1.00632e+06	1.12532e-61
1.00642e+06	2.15041e-62
1.00652e+06	4.0684e-63
1.00662e+06	7.62048e-64
1.00672e+06	1.41318e-64
1.00682e+06	2.59461e-65
1.00692e+06	4.71631e-66
1.00702e+06	8.48768e-67
1.00712e+06	1.51228e-67
1.00722e+06	2.66769e-68
1.00732e+06	4.65901e-69
1.00742e+06	8.05581e-70
1.00752e+06	1.37906e-70
1.00762e+06	2.33728e-71
1.00772e+06	3.92191e-72
1.00782e+06	6.51541e-73
1.00792e+06	1.07162e-73
1.00802e+06	1.74502e-74
1.00812e+06	2.8133e-75
1.00822e+06	4.49042e-76
1.00832e+06	7.09604e-77
1.00842e+06	1.1102e-77
1.00852e+06	1.71967e-78
1.00862e+06	2.63722e-79
1.00872e+06	4.00408e-80
1.00882e+06	6.0189e-81
1.00892e+06	8.95754e-82
1.00902e+06	1.31983e-82
1.00912e+06	1.92532e-83
1.00922e+06	2.78064e-84
1.00932e+06	3.97598e-85
1.00942e+06	5.62861e-86
1.00952e+06	7.88887e-87
1.00962e+06	1.09468e-87
1.00972e+06	1.50388e-88
1.00982e+06	2.0455e-89
1.00992e+06	2.75448e-90
1.01002e+06	3.67231e-91
1.01012e+06	4.84725e-92
1.01022e+06	6.33444e-93
1.01032e+06	8.19556e-94
1.01042e+06	1.0498e-94
1.01052e+06	1.33134e-95
1.01062e+06	1.6716e-96
1.01072e+06	2.07792e-97
1.01082e+06	2.55732e-98
1.01092e+06	3.116e-99
1.01102e+06	3.75895e-100
1.01112e+06	4.48946e-101
1.01122e+06	5.30857e-102
1.01132e+06	6.21467e-103
1.01142e+06	7.20304e-104
1.01152e+06	8.26553e-105
1.01162e+06	9.39036e-106
1.01172e+06	1.05621e-106
1.01182e+06	1.17619e-107
1.01192e+06	1.29676e-108
1.01202e+06	1.41547e-109
1.01212e+06	1.52967e-110
1.01222e+06	1.63663e-111
1.01232e+06	1.73366e-112
1.01242e+06	1.81816e-113
1.01252e+06	1.8878e-114
1.01262e+06	1.94061e-115
1.01272e+06	1.97505e-116
1.01282e+06	1.9901e-117
1.01292e+06	1.98531e-118
1.01302e+06	1.96083e-119
1.01312e+06	1.91737e-120
1.01322e+06	1.85623e-121
1.01332e+06	1.77915e-122
1.01342e+06	1.68831e-123
1.01352e+06	1.58616e-124
1.01362e+06	1.47537e-125
1.01372e+06	1.35866e-126
1.01382e+06	1.23873e-127
1.01392e+06	1.11816e-128
1.01402e+06	9.99271e-130
1.01412e+06	8.84141e-131
1.01422e+06	7.74492e-132
1.01432e+06	6.71691e-133
1.01442e+06	5.76738e-134
1.01452e+06	4.90281e-135
1.01462e+06	4.12637e-136
1.01472e+06	3.43834e-137
1.01482e+06	2.83653e-138
1.01492e+06	2.31676e-139
1.01502e+06	1.87341e-140
1.01512e+06	1.49983e-141
1.01522e+06	1.1888e-142
1.01532e+06	9.32891e-144
1.01542e+06	7.24787e-145
1.01552e+06	5.57504e-146
1.01562e+06	4.24563e-147
1.01572e+06	3.20105e-148
1.01582e+06	2.38947e-149
1.01592e+06	1.7659e-150
1.01602e+06	1.29208e-151
1.01612e+06	9.35983e-153
1.01622e+06	6.71281e-154
1.01632e+06	4.76648e-155
1.01642e+06	3.3508e-156
1.01652e+06	2.33215e-157
1.01662e+06	1.60702e-158
1.01672e+06	1.09633e-159
1.01682e+06	7.40493e-161
1.01692e+06	4.95173e-162
1.01702e+06	3.2783e-163
1.01712e+06	2.14882e-164
1.01722e+06	1.39446e-165
1.01732e+06	8.95922e-167
1.01742e+06	5.6989e-168
1.01752e+06	3.58897e-169
1.01762e+06	2.23771e-170
1.01772e+06	1.38133e-171
1.01782e+06	8.44201e-173
1.01792e+06	5.10802e-174
1.01802e+06	3.05996e-175
1.01812e+06	1.81483e-176
1.01822e+06	1.06565e-177
1.01832e+06	6.1951e-179
1.01842e+06	3.56566e-180
1.01852e+06	2.03184e-181
1.01862e+06	1.14629e-182
1.01872e+06	6.40261e-184
1.01882e+06	3.5406e-185
1.01892e+06	1.93845e-186
1.01902e+06	1.05072e-187
1.01912e+06	5.63869e-189
1.01922e+06	2.9959e-190
1.01932e+06	1.57591e-191
1.01942e+06	8.20718e-193
1.01952e+06	4.23168e-194
1.01962e+06	2.16018e-195
1.01972e+06	1.09175e-196
1.01982e+06	5.46277e-198
1.01992e+06	2.7062e-199
1.02002e+06	1.32729e-200
1.02012e+06	6.44505e-202
1.02022e+06	3.09845e-203
1.02032e+06	1.47476e-204
1.02042e+06	6.9495e-206
1.02052e+06	3.24232e-207
1.02062e+06	1.51912e-208
1.02072e+06	5.42107e-209
1.02082e+06	1.03139e-207
1.02092e+06	2.22234e-206
1.02102e+06	4.74226e-205
1.02112e+06	1.00188e-203
1.02122e+06	2.09559e-202
1.02132e+06	4.33963e-201
1.02142e+06	8.89725e-200
1.02152e+06	1.80599e-198
1.02162e+06	3.62939e-197
1.02172e+06	7.22117e-196
1.02182e+06	1.42246e-194
1.02192e+06	2.77414e-193
1.02202e+06	5.3564e-192
1.02212e+06	1.02394e-190
1.02222e+06	1.93792e-189
1.02232e+06	3.63122e-188
1.02242e+06	6.73637e-187
1.02252e+06	1.23725e-185
1.02262e+06	2.2498e-184
1.02272e+06	4.05032e-183
1.02282e+06	7.21924e-182
1.02292e+06	1.27394e-180
1.02302e+06	2.2257e-179
1.02312e+06	3.84981e-178
1.02322e+06	6.5928e-177
1.02332e+06	1.11778e-175
1.02342e+06	1.8763e-174
1.02352e+06	3.11819e-173
1.02362e+06	5.13052e-172
1.02372e+06	8.35751e-171
1.02382e+06	1.34787e-169
1.02392e+06	2.15218e-168
1.02402e+06	3.40224e-167
1.02412e+06	5.32487e-166
1.02422e+06	8.25106e-165
1.02432e+06	1.26581e-163
1.02442e+06	1.92257e-162
1.02452e+06	2.89104e-161
1.02462e+06	4.30411e-160
1.02472e+06	6.34409e-159
1.02482e+06	9.2579e-158
1.02492e+06	1.33756e-156
1.02502e+06	1.91324e-155
1.02512e+06	2.70947e-154
1.02522e+06	3.79888e-153
1.02532e+06	5.27332e-152
1.02542e+06	7.24718e-151
1.02552e+06	9.86079e-150
1.02562e+06	1.32835e-148
1.02572e+06	1.77161e-147
1.02582e+06	2.33928e-146
1.02592e+06	3.0581e-145
1.02602e+06	3.95804e-144
1.02612e+06	5.07183e-143
1.02622e+06	6.43438e-142
1.02632e+06	8.08175e-141
1.02642e+06	1.00499e-139
1.02652e+06	1.2373e-138
1.02662e+06	1.50815e-137
1.02672e+06	1.82e-136
1.02682e+06	2.17448e-135
1.02692e+06	2.57215e-134
1.02702e+06	3.01228e-133
1.02712e+06	3.49261e-132
1.02722e+06	4.00925e-131
1.02732e+06	4.55651e-130
1.02742e+06	5.12695e-129
1.02752e+06	5.7114e-128
1.02762e+06	6.29917e-127
1.02772e+06	6.87829e-126
1.02782e+06	7.43593e-125
1.02792e+06	7.95879e-124
1.02802e+06	8.43366e-123
1.02812e+06	8.84794e-122
1.02822e+06	9.1902e-121
1.02832e+06	9.45072e-120
1.02842e+06	9.62193e-119
1.02852e+06	9.69876e-118
1.02862e+06	9.67893e-117
1.02872e+06	9.56303e-116
1.02882e+06	9.35451e-115
1.02892e+06	9.05948e-114
1.02902e+06	8.68645e-113
1.02912e+06	8.24592e-112
1.02922e+06	7.74984e-111
1.02932e+06	7.21113e-110
1.02942e+06	6.6431e-109
1.02952e+06	6.05892e-108
1.02962e+06	5.47113e-107
1.02972e+06	4.8912e-106
1.02982e+06	4.32924e-105
1.02992e+06	3.79371e-104
1.03002e+06	3.29135e-103
1.03012e+06	2.8271e-102
1.03022e+06	2.40417e-101
1.03032e+06	2.02417e-100
1.03042e+06	1.68727e-99
1.03052e+06	1.39245e-98
1.03062e+06	1.13771e-97
1.03072e+06	9.20326e-97
1.03082e+06	7.37069e-96
1.03092e+06	5.84429e-95
1.03102e+06	4.58788e-94
1.03112e+06	3.56574e-93
1.03122e+06	2.74375e-92
1.03132e+06	2.09024e-91
1.03142e+06	1.57654e-90
1.03152e+06	1.17725e-89
1.03162e+06	8.70348e-89
1.03172e+06	6.37049e-88
1.03182e+06	4.61647e-87
1.03192e+06	3.3121e-86
1.03202e+06	2.35264e-85
1.03212e+06	1.65449e-84
1.03222e+06	1.15194e-83
1.03232e+06	7.94055e-83
1.03242e+06	5.41913e-82
1.03252e+06	3.66156e-81
1.03262e+06	2.4494e-80
1.03272e+06	1.62222e-79
1.03282e+06	1.0637e-78
1.03292e+06	6.90529e-78
1.03302e+06	4.43817e-77
1.03312e+06	2.82411e-76
1.03322e+06	1.77917e-75
1.03332e+06	1.10971e-74
1.03342e+06	6.85268e-74
1.03352e+06	4.18955e-73
1.03362e+06	2.5359e-72
1.03372e+06	1.51968e-71
1.03382e+06	9.01634e-71
1.03392e+06	5.29621e-70
1.03402e+06	3.08005e-69
1.03412e+06	1.7734e-68
1.03422e+06	1.01091e-67
1.03432e+06	5.70527e-67
1.03442e+06	3.18784e-66
1.03452e+06	1.76349e-65
1.03462e+06	9.65848e-65
1.03472e+06	5.23721e-64
1.03482e+06	2.81157e-63
1.03492e+06	1.49436e-62
1.03502e+06	7.86352e-62
1.03512e+06	4.09673e-61
1.03522e+06	2.11307e-60
1.03532e+06	1.07906e-59
1.03542e+06	5.45555e-59
1.03552e+06	2.73078e-58
1.03562e+06	1.35329e-57
1.03572e+06	6.63978e-57
1.03582e+06	3.22532e-56
1.03592e+06	1.55113e-55
1.03602e+06	7.38554e-55
1.03612e+06	3.48155e-54
1.03622e+06	1.62487e-53
1.03632e+06	7.508e-53
1.03642e+06	3.43468e-52
1.03652e+06	1.55562e-51
1.03662e+06	6.97557e-51
1.03672e+06	3.0968e-50
1.03682e+06	1.36114e-49
1.03692e+06	5.9231e-49
1.03702e+06	2.55184e-48
1.03712e+06	1.08846e-47
1.03722e+06	4.59655e-47
1.03732e+06	1.92179e-46
1.03742e+06	7.95497e-46
1.03752e+06	3.26008e-45
1.03762e+06	1.32274e-44
1.03772e+06	5.31346e-44
1.03782e+06	2.11318e-43
1.03792e+06	8.3206e-43
1.03802e+06	3.24361e-42
1.03812e+06	1.25187e-41
1.03822e+06	4.78353e-41
1.03832e+06	1.80965e-40
1.03842e+06	6.77793e-40
1.03852e+06	2.51337e-39
1.03862e+06	9.22727e-39
1.03872e+06	3.35388e-38
1.03882e+06	1.20692e-37
1.03892e+06	4.29997e-37
1.03902e+06	1.51674e-36
1.03912e+06	5.29679e-36
1.03922e+06	1.83135e-35
1.03932e+06	6.26885e-35
1.03942e+06	2.12452e-34
1.03952e+06	7.12838e-34
1.03962e+06	2.36798e-33
1.03972e+06	7.78794e-33
1.03982e+06	2.53585e-32
1.03992e+06	8.1749e-32
1.04002e+06	2.60914e-31
1.04012e+06	8.24461e-31
1.04022e+06	2.57929e-30
1.04032e+06	7.98889e-30
1.04042e+06	2.4498e-29
1.04052e+06	7.43757e-29
1.04062e+06	2.23557e-28
1.04072e+06	6.65279e-28
1.04082e+06	1.96009e-27
1.04092e+06	5.71748e-27
1.04102e+06	1.65116e-26
1.04112e+06	4.72099e-26
1.04122e+06	1.33639e-25
1.04132e+06	3.74534e-25
1.04142e+06	1.03921e-24
1.04152e+06	2.8548e-24
1.04162e+06	7.76434e-24
1.04172e+06	2.09069e-23
1.04182e+06	5.57356e-23
1.04192e+06	1.47107e-22
1.04202e+06	3.84405e-22
1.04212e+06	9.94494e-22
1.04222e+06	2.54726e-21
1.04232e+06	6.45953e-21
1.04242e+06	1.62176e-20
1.04252e+06	4.03113e-20
1.04262e+06	9.92033e-20
1.04272e+06	2.41703e-19
1.04282e+06	5.83036e-19
1.04292e+06	1.3924e-18
1.04302e+06	3.29225e-18
1.04312e+06	7.70684e-18
1.04322e+06	1.78615e-17
1.04332e+06	4.09842e-17
1.04342e+06	9.31046e-17
1.04352e+06	2.09403e-16
1.04362e+06	4.66287e-16
1.04372e+06	1.02797e-15
1.04382e+06	2.24369e-15
1.04392e+06	4.84846e-15
1.04402e+06	1.03729e-14
1.04412e+06	2.19713e-14
1.04422e+06	4.60753e-14
1.04432e+06	9.56614e-14
1.04442e+06	1.96636e-13
1.04452e+06	4.00171e-13
1.04462e+06	8.0628e-13
1.04472e+06	1.60836e-12
1.04482e+06	3.17641e-12
1.04492e+06	6.21081e-12
1.04502e+06	1.20231e-11
1.04512e+06	2.30431e-11
1.04522e+06	4.37244e-11
1.04532e+06	8.21416e-11
1.04542e+06	1.52778e-10
1.04552e+06	2.81328e-10
1.04562e+06	5.12889e-10
1.04572e+06	9.25745e-10
1.04582e+06	1.65431e-09
1.04592e+06	2.92683e-09
1.04602e+06	5.12668e-09
1.04612e+06	8.89063e-09
1.04622e+06	1.52646e-08
1.04632e+06	2.59475e-08
1.04642e+06	4.36679e-08
1.04652e+06	7.27589e-08
1.04662e+06	1.20024e-07
1.04672e+06	1.96022e-07
1.04682e+06	3.16957e-07
1.04692e+06	5.07403e-07
1.04702e+06	8.04197e-07
1.04712e+06	1.26191e-06
1.04722e+06	1.96043e-06
1.04732e+06	3.01531e-06
1.04742e+06	4.59166e-06
1.04752e+06	6.92253e-06
1.04762e+06	1.03328e-05
1.04772e+06	1.52695e-05
1.04782e+06	2.23404e-05
1.04792e+06	3.23604e-05
1.04802e+06	4.64081e-05
1.04812e+06	6.58917e-05
1.04822e+06	9.26242e-05
1.04832e+06	0.000128907
1.04842e+06	0.000177617
1.04852e+06	0.000242297
1.04862e+06	0.000327244
1.04872e+06	0.000437573
1.04882e+06	0.000579277
1.04892e+06	0.000759242
1.04902e+06	0.000985214
1.04912e+06	0.00126572
1.04922e+06	0.00160991
1.04932e+06	0.00202733
1.04942e+06	0.00252757
1.04952e+06	0.00311988
1.04962e+06	0.00381269
1.04972e+06	0.00461297
1.04982e+06	0.00552571
1.04992e+06	0.00655318
1.05002e+06	0.00769436
1.05012e+06	0.00894439
1.05022e+06	0.010294
1.05032e+06	0.0117295
1.05042e+06	0.0132321
1.05052e+06	0.0147786
1.05062e+06	0.0163417
1.05072e+06	0.0178903
1.05082e+06	0.0193908
1.05092e+06	0.0208079
1.05102e+06	0.0221065
1.05112e+06	0.0232525
1.05122e+06	0.0242145
1.05132e+06	0.0249653
1.05142e+06	0.0254834
1.05152e+06	0.0257534
1.05162e+06	0.0257672
1.05172e+06	0.0255246
1.05182e+06	0.0250327
1.05192e+06	0.0243059
1.05202e+06	0.0233654
1.05212e+06	0.0222379
1.05222e+06	0.0209541
1.05232e+06	0.019548
1.05242e+06	0.0180548
1.05252e+06	0.0165097
1.05262e+06	0.0149467
1.05272e+06	0.013397
1.05282e+06	0.0118884
1.05292e+06	0.0104448
1.05302e+06	0.00908517
1.05312e+06	0.00782389
1.05322e+06	0.00667067
1.05332e+06	0.00563084
1.05342e+06	0.00470581
1.05352e+06	0.00389361
1.05362e+06	0.00318953
1.05372e+06	0.00258678
1.05382e+06	0.00207705
1.05392e+06	0.00165118
1.05402e+06	0.00129956
1.05412e+06	0.00101265
1.05422e+06	0.000781223
1.05432e+06	0.000596691
1.05442e+06	0.000451212
1.05452e+06	0.000337807
1.05462e+06	0.000250389
1.05472e+06	0.000183746
1.05482e+06	0.000133499
1.05492e+06	9.6027e-05
1.05502e+06	6.8386e-05
1.05512e+06	4.82168e-05
1.05522e+06	3.36578e-05
1.05532e+06	2.32611e-05
1.05542e+06	1.5916e-05
1.05552e+06	1.07818e-05
1.05562e+06	7.23116e-06
1.05572e+06	4.80154e-06
1.05582e+06	3.15654e-06
1.05592e+06	2.05446e-06
1.05602e+06	1.32386e-06
1.05612e+06	8.44586e-07
1.05622e+06	5.33461e-07
1.05632e+06	3.33594e-07
1.05642e+06	2.06533e-07
1.05652e+06	1.26596e-07
1.05662e+06	7.68257e-08
1.05672e+06	4.61583e-08
1.05682e+06	2.74569e-08
1.05692e+06	1.617e-08
1.05702e+06	9.42809e-09
1.05712e+06	5.44246e-09
1.05722e+06	3.11046e-09
1.05732e+06	1.75999e-09
1.05742e+06	9.85947e-10
1.05752e+06	5.46832e-10
1.05762e+06	3.00269e-10
1.05772e+06	1.63239e-10
1.05782e+06	8.7861e-11
1.05792e+06	4.68193e-11
1.05802e+06	2.47007e-11
1.05812e+06	1.29019e-11
1.05822e+06	6.67194e-12
1.05832e+06	3.41593e-12
1.05842e+06	1.7315e-12
1.05852e+06	8.68946e-13
1.05862e+06	4.31738e-13
1.05872e+06	2.12376e-13
1.05882e+06	1.0343e-13
1.05892e+06	4.98708e-14
1.05902e+06	2.38069e-14
1.05912e+06	1.12516e-14
1.05922e+06	5.26484e-15
1.05932e+06	2.439e-15
1.05942e+06	1.11866e-15
1.05952e+06	5.0797e-16
1.05962e+06	2.28368e-16
1.05972e+06	1.01646e-16
1.05982e+06	4.47923e-17
1.05992e+06	1.95422e-17
1.06002e+06	8.44111e-18
1.06012e+06	3.6098e-18
1.06022e+06	1.52835e-18
1.06032e+06	6.40651e-19
1.06042e+06	2.65874e-19
1.06052e+06	1.09242e-19
1.06062e+06	4.44382e-20
1.06072e+06	1.78971e-20
1.06082e+06	7.13618e-21
1.06092e+06	2.81712e-21
1.06102e+06	1.10104e-21
1.06112e+06	4.26046e-22
1.06122e+06	1.63218e-22
1.06132e+06	6.19065e-23
1.06142e+06	2.32467e-23
1.06152e+06	8.64259e-24
1.06162e+06	3.18114e-24
1.06172e+06	1.15926e-24
1.06182e+06	4.18247e-25
1.06192e+06	1.49398e-25
1.06202e+06	5.28337e-26
1.06212e+06	1.84985e-26
1.06222e+06	6.41236e-27
1.06232e+06	2.20068e-27
1.06242e+06	7.47743e-28
1.06252e+06	2.51539e-28
1.06262e+06	8.37751e-29
1.06272e+06	2.76237e-29
1.06282e+06	9.01791e-30
1.06292e+06	2.91465e-30
1.06302e+06	9.32664e-31
1.06312e+06	2.95475e-31
1.06322e+06	9.26772e-32
1.06332e+06	2.87794e-32
1.06342e+06	8.84807e-33
1.06352e+06	2.69322e-33
1.06362e+06	8.11619e-34
1.06372e+06	2.42153e-34
1.06382e+06	7.15294e-35
1.06392e+06	2.09188e-35
1.06402e+06	6.05682e-36
1.06412e+06	1.73624e-36
1.06422e+06	4.92758e-37
1.06432e+06	1.38456e-37
1.06442e+06	3.85168e-38
1.06452e+06	1.06083e-38
1.06462e+06	2.89265e-39
1.06472e+06	7.80914e-40
1.06482e+06	2.08722e-40
1.06492e+06	5.5232e-41
1.06502e+06	1.447e-41
1.06512e+06	3.75324e-42
1.06522e+06	9.63828e-43
1.06532e+06	2.45047e-43
1.06542e+06	6.16819e-44
1.06552e+06	1.53717e-44
1.06562e+06	3.79266e-45
1.06572e+06	9.26451e-46
1.06582e+06	2.24057e-46
1.06592e+06	5.36477e-47
1.06602e+06	1.27175e-47
1.06612e+06	2.98475e-48
1.06622e+06	6.9354e-49
1.06632e+06	1.59548e-49
1.06642e+06	3.63388e-50
1.06652e+06	8.19418e-51
1.06662e+06	1.82935e-51
1.06672e+06	4.0434e-52
1.06682e+06	8.84816e-53
1.06692e+06	1.91697e-53
1.06702e+06	4.11184e-54
1.06712e+06	8.73201e-55
1.06722e+06	1.8359e-55
1.06732e+06	3.82156e-56
1.06742e+06	7.87569e-57
1.06752e+06	1.60692e-57
1.06762e+06	3.24606e-58
1.06772e+06	6.49197e-59
1.06782e+06	1.28545e-59
1.06792e+06	2.51992e-60
1.06802e+06	4.89078e-61
1.06812e+06	9.3978e-62
1.06822e+06	1.78785e-62
1.06832e+06	3.36739e-63
1.06842e+06	6.27932e-64
1.06852e+06	1.15928e-64
1.06862e+06	2.11896e-65
1.06872e+06	3.83453e-66
1.06882e+06	6.87005e-67
1.06892e+06	1.21861e-67
1.06902e+06	2.14006e-68
1.06912e+06	3.72087e-69
1.06922e+06	6.40501e-70
1.06932e+06	1.09157e-70
1.06942e+06	1.8418e-71
1.06952e+06	3.07673e-72
1.06962e+06	5.08853e-73
1.06972e+06	8.33208e-74
1.06982e+06	1.35074e-74
1.06992e+06	2.16793e-75
1.07002e+06	3.44491e-76
1.07012e+06	5.4196e-77
1.07022e+06	8.44138e-78
1.07032e+06	1.30172e-78
1.07042e+06	1.98736e-79
1.07052e+06	3.00396e-80
1.07062e+06	4.4954e-81
1.07072e+06	6.66039e-82
1.07082e+06	9.76986e-83
1.07092e+06	1.41884e-83
1.07102e+06	2.04003e-84
1.07112e+06	2.904e-85
1.07122e+06	4.09273e-86
1.07132e+06	5.71066e-87
1.07142e+06	7.88892e-88
1.07152e+06	1.07896e-88
1.07162e+06	1.461e-89
1.07172e+06	1.95863e-90
1.07182e+06	2.59963e-91
1.07192e+06	3.41607e-92
1.07202e+06	4.44427e-93
1.07212e+06	5.72441e-94
1.07222e+06	7.29991e-95
1.07232e+06	9.21641e-96
1.07242e+06	1.15203e-96
1.07252e+06	1.42568e-97
1.07262e+06	1.74678e-98
1.07272e+06	2.1189e-99
1.07282e+06	2.54472e-100
1.07292e+06	3.0257e-101
1.07302e+06	3.5618e-102
1.07312e+06	4.15117e-103
1.07322e+06	4.78992e-104
1.07332e+06	5.47196e-105
1.07342e+06	6.18892e-106
1.07352e+06	6.93017e-107
1.07362e+06	7.68298e-108
1.07372e+06	8.43282e-109
1.07382e+06	9.16374e-110
1.07392e+06	9.85894e-111
1.07402e+06	1.05013e-111
1.07412e+06	1.10743e-112
1.07422e+06	1.15623e-113
1.07432e+06	1.19517e-114
1.07442e+06	1.22313e-115
1.07452e+06	1.23928e-116
1.07462e+06	1.24316e-117
1.07472e+06	1.23464e-118
1.07482e+06	1.21398e-119
1.07492e+06	1.18179e-120
1.07502e+06	1.139e-121
1.07512e+06	1.08685e-122
1.07522e+06	1.02766e-123
1.07532e+06	1.05966e-124
1.07542e+06	1.16278e-124
1.07552e+06	1.15017e-123
1.07562e+06	1.21793e-122
1.07572e+06	1.27775e-121
1.07582e+06	1.32717e-120
1.07592e+06	1.36479e-119
1.07602e+06	1.38951e-118
1.07612e+06	1.4006e-117
1.07622e+06	1.39773e-116
1.07632e+06	1.38099e-115
1.07642e+06	1.35087e-114
1.07652e+06	1.30826e-113
1.07662e+06	1.25439e-112
1.07672e+06	1.19077e-111
1.07682e+06	1.11913e-110
1.07692e+06	1.04133e-109
1.07702e+06	9.59303e-109
1.07712e+06	8.74941e-108
1.07722e+06	7.90059e-107
1.07732e+06	7.06312e-106
1.07742e+06	6.2516e-105
1.07752e+06	5.47826e-104
1.07762e+06	4.75282e-103
1.07772e+06	4.08241e-102
1.07782e+06	3.47168e-101
1.07792e+06	2.92293e-100
1.07802e+06	2.43644e-99
1.07812e+06	2.01071e-98
1.07822e+06	1.64286e-97
1.07832e+06	1.32895e-96
1.07842e+06	1.06432e-95
1.07852e+06	8.43908e-95
1.07862e+06	6.62482e-94
1.07872e+06	5.14885e-93
1.07882e+06	3.9619e-92
1.07892e+06	3.01824e-91
1.07902e+06	2.27647e-90
1.07912e+06	1.69991e-89
1.07922e+06	1.25674e-88
1.07932e+06	9.19868e-88
1.07942e+06	6.66593e-87
1.07952e+06	4.78248e-86
1.07962e+06	3.39706e-85
1.07972e+06	2.38896e-84
1.07982e+06	1.66331e-83
1.07992e+06	1.14655e-82
1.08002e+06	7.82478e-82
1.08012e+06	5.28697e-81
1.08022e+06	3.53671e-80
1.08032e+06	2.34233e-79
1.08042e+06	1.53587e-78
1.08052e+06	9.9705e-78
1.08062e+06	6.40822e-77
1.08072e+06	4.07769e-76
1.08082e+06	2.56891e-75
1.08092e+06	1.60229e-74
1.08102e+06	9.89438e-74
1.08112e+06	6.04914e-73
1.08122e+06	3.66148e-72
1.08132e+06	2.1942e-71
1.08142e+06	1.30183e-70
1.08152e+06	7.64692e-70
1.08162e+06	4.4471e-69
1.08172e+06	2.5605e-68
1.08182e+06	1.45959e-67
1.08192e+06	8.23743e-67
1.08202e+06	4.60268e-66
1.08212e+06	2.54616e-65
1.08222e+06	1.3945e-64
1.08232e+06	7.56153e-64
1.08242e+06	4.05935e-63
1.08252e+06	2.15755e-62
1.08262e+06	1.13533e-61
1.08272e+06	5.91481e-61
1.08282e+06	3.05082e-60
1.08292e+06	1.55793e-59
1.08302e+06	7.87659e-59
1.08312e+06	3.94262e-58
1.08322e+06	1.95384e-57
1.08332e+06	9.58625e-57
1.08342e+06	4.65657e-56
1.08352e+06	2.23945e-55
1.08362e+06	1.06628e-54
1.08372e+06	5.02646e-54
1.08382e+06	2.34589e-53
1.08392e+06	1.08395e-52
1.08402e+06	4.95874e-52
1.08412e+06	2.24589e-51
1.08422e+06	1.00708e-50
1.08432e+06	4.47088e-50
1.08442e+06	1.96509e-49
1.08452e+06	8.5512e-49
1.08462e+06	3.68408e-48
1.08472e+06	1.57141e-47
1.08482e+06	6.63598e-47
1.08492e+06	2.77446e-46
1.08502e+06	1.14844e-45
1.08512e+06	4.70649e-45
1.08522e+06	1.9096e-44
1.08532e+06	7.67085e-44
1.08542e+06	3.05072e-43
1.08552e+06	1.20121e-42
1.08562e+06	4.68265e-42
1.08572e+06	1.80726e-41
1.08582e+06	6.90571e-41
1.08592e+06	2.61248e-40
1.08602e+06	9.78484e-40
1.08612e+06	3.62837e-39
1.08622e+06	1.33207e-38
1.08632e+06	4.84172e-38
1.08642e+06	1.74232e-37
1.08652e+06	6.20748e-37
1.08662e+06	2.18957e-36
1.08672e+06	7.64644e-36
1.08682e+06	2.64373e-35
1.08692e+06	9.04964e-35
1.08702e+06	3.06692e-34
1.08712e+06	1.02904e-33
1.08722e+06	3.41836e-33
1.08732e+06	1.12424e-32
1.08742e+06	3.66067e-32
1.08752e+06	1.1801e-31
1.08762e+06	3.76644e-31
1.08772e+06	1.19015e-30
1.08782e+06	3.72332e-30
1.08792e+06	1.15323e-29
1.08802e+06	3.53637e-29
1.08812e+06	1.07364e-28
1.08822e+06	3.22711e-28
1.08832e+06	9.60345e-28
1.08842e+06	2.82942e-27
1.08852e+06	8.25326e-27
1.08862e+06	2.38347e-26
1.08872e+06	6.81478e-26
1.08882e+06	1.92908e-25
1.08892e+06	5.40637e-25
1.08902e+06	1.5001e-24
1.08912e+06	4.12087e-24
1.08922e+06	1.12077e-23
1.08932e+06	3.01786e-23
1.08942e+06	8.04527e-23
1.08952e+06	2.12343e-22
1.08962e+06	5.54873e-22
1.08972e+06	1.43551e-21
1.08982e+06	3.67684e-21
1.08992e+06	9.32399e-21
1.09002e+06	2.34091e-20
1.09012e+06	5.81869e-20
1.09022e+06	1.43193e-19
1.09032e+06	3.48881e-19
1.09042e+06	8.41567e-19
1.09052e+06	2.00982e-18
1.09062e+06	4.75207e-18
1.09072e+06	1.11241e-17
1.09082e+06	2.57814e-17
1.09092e+06	5.91565e-17
1.09102e+06	1.34387e-16
1.09112e+06	3.02251e-16
1.09122e+06	6.73032e-16
1.09132e+06	1.48375e-15
1.09142e+06	3.23849e-15
1.09152e+06	6.99813e-15
1.09162e+06	1.49719e-14
1.09172e+06	3.17126e-14
1.09182e+06	6.65031e-14
1.09192e+06	1.38073e-13
1.09202e+06	2.83814e-13
1.09212e+06	5.77584e-13
1.09222e+06	1.16373e-12
1.09232e+06	2.3214e-12
1.09242e+06	4.58461e-12
1.09252e+06	8.96421e-12
1.09262e+06	1.73532e-11
1.09272e+06	3.32585e-11
1.09282e+06	6.31079e-11
1.09292e+06	1.18555e-10
1.09302e+06	2.20504e-10
1.09312e+06	4.0604e-10
1.09322e+06	7.40249e-10
1.09332e+06	1.33611e-09
1.09342e+06	2.38763e-09
1.09352e+06	4.22423e-09
1.09362e+06	7.3992e-09
1.09372e+06	1.28315e-08
1.09382e+06	2.20308e-08
1.09392e+06	3.74489e-08
1.09402e+06	6.30238e-08
1.09412e+06	1.05009e-07
1.09422e+06	1.73224e-07
1.09432e+06	2.82907e-07
1.09442e+06	4.57443e-07
1.09452e+06	7.32299e-07
1.09462e+06	1.16064e-06
1.09472e+06	1.82121e-06
1.09482e+06	2.82933e-06
1.09492e+06	4.35173e-06
1.09502e+06	6.62672e-06
1.09512e+06	9.9906e-06
1.09522e+06	1.49122e-05
1.09532e+06	2.20368e-05
1.09542e+06	3.22414e-05
1.09552e+06	4.67019e-05
1.09562e+06	6.69751e-05
1.09572e+06	9.5093e-05
1.09582e+06	0.000133672
1.09592e+06	0.000186033
1.09602e+06	0.000256329
1.09612e+06	0.000349672
1.09622e+06	0.000472261
1.09632e+06	0.00063148
1.09642e+06	0.000835978
1.09652e+06	0.00109569
1.09662e+06	0.00142179
1.09672e+06	0.00182659
1.09682e+06	0.0023233
1.09692e+06	0.00292567
1.09702e+06	0.00364756
1.09712e+06	0.00450232
1.09722e+06	0.00550209
1.09732e+06	0.00665697
1.09742e+06	0.0079741
1.09752e+06	0.0094568
1.09762e+06	0.0111036
1.09772e+06	0.0129074
1.09782e+06	0.014855
1.09792e+06	0.0169264
1.09802e+06	0.0190947
1.09812e+06	0.0213264
1.09822e+06	0.0235819
1.09832e+06	0.0258166
1.09842e+06	0.0279817
1.09852e+06	0.0300267
1.09862e+06	0.0319005
1.09872e+06	0.033554
1.09882e+06	0.0349421
1.09892e+06	0.0360255
1.09902e+06	0.0367729
1.09912e+06	0.0371624
1.09922e+06	0.0371823
1.09932e+06	0.036832
1.09942e+06	0.036122
1.09952e+06	0.0350732
1.09962e+06	0.033716
1.09972e+06	0.0320889
1.09982e+06	0.0302363
1.09992e+06	0.0282073
1.10002e+06	0.0260525
1.10012e+06	0.023823
1.10022e+06	0.0215674
1.10032e+06	0.0193312
1.10042e+06	0.0171544
1.10052e+06	0.0150713
1.10062e+06	0.0131093
1.10072e+06	0.0112894
1.10082e+06	0.00962531
1.10092e+06	0.00812488
1.10102e+06	0.00679011
1.10112e+06	0.00561815
1.10122e+06	0.00460221
1.10132e+06	0.00373248
1.10142e+06	0.00299699
1.10152e+06	0.00238248
1.10162e+06	0.00187513
1.10172e+06	0.00146113
1.10182e+06	0.00112721
1.10192e+06	0.000860952
1.10202e+06	0.000651042
1.10212e+06	0.000487412
1.10222e+06	0.000361277
1.10232e+06	0.000265119
1.10242e+06	0.000192619
1.10252e+06	0.000138553
1.10262e+06	9.86704e-05
1.10272e+06	6.95691e-05
1.10282e+06	4.85627e-05
1.10292e+06	3.35619e-05
1.10302e+06	2.2964e-05
1.10312e+06	1.55562e-05
1.10322e+06	1.04332e-05
1.10332e+06	6.92772e-06
1.10342e+06	4.55428e-06
1.10352e+06	2.96418e-06
1.10362e+06	1.91006e-06
1.10372e+06	1.21856e-06
1.10382e+06	7.69671e-07
1.10392e+06	4.81303e-07
1.10402e+06	2.97982e-07
1.10412e+06	1.82649e-07
