115224	5.45934e-09
115324	9.47453e-09
115424	1.62959e-08
115524	2.77774e-08
115624	4.69237e-08
115724	7.85548e-08
115824	1.30324e-07
115924	2.14259e-07
116024	3.49067e-07
116124	5.63542e-07
116224	9.01534e-07
116324	1.42912e-06
116424	2.24482e-06
116524	3.4939e-06
116624	5.38824e-06
116724	8.23355e-06
116824	1.24659e-05
116924	1.87003e-05
117024	2.77943e-05
117124	4.09302e-05
117224	5.97178e-05
117324	8.63242e-05
117424	0.000123631
117524	0.000175421
117624	0.0002466
117724	0.000343449
117824	0.000473897
117924	0.000647826
118024	0.000877372
118124	0.00117723
118224	0.00156491
118324	0.00206097
118424	0.00268912
118524	0.00347621
118624	0.00445208
118724	0.00564919
118824	0.007102
118924	0.00884611
119024	0.0109171
119124	0.0133492
119224	0.0161735
119324	0.0194162
119424	0.0230965
119524	0.0272247
119624	0.0318
119724	0.036809
119824	0.042224
119924	0.0480021
120024	0.0540848
120124	0.0603982
120224	0.0668543
120324	0.0733521
120424	0.0797808
120524	0.0860226
120624	0.0919564
120724	0.0974619
120824	0.102424
120924	0.106736
121024	0.110306
121124	0.113056
121224	0.11493
121324	0.115891
121424	0.115925
121524	0.11504
121624	0.113268
121724	0.110656
121824	0.107274
121924	0.103204
122024	0.0985385
122124	0.0933809
122224	0.087837
122324	0.0820142
122424	0.0760176
122524	0.0699473
122624	0.0638962
122724	0.0579481
122824	0.052176
122924	0.0466417
123024	0.0413955
123124	0.0364756
123224	0.0319094
123324	0.0277135
123424	0.0238952
123524	0.0204531
123624	0.0173789
123724	0.0146581
123824	0.0122717
123924	0.0101972
124024	0.00840974
124124	0.00688308
124224	0.00559057
124324	0.00450583
124424	0.00360341
124524	0.00285919
124624	0.0022508
124724	0.0017578
124824	0.0013618
124924	0.0010465
125024	0.00079768
125124	0.000603047
125224	0.000452152
125324	0.000336204
125424	0.000247905
125524	0.000181263
125624	0.000131417
125724	9.44693e-05
125824	6.73298e-05
125924	4.75751e-05
126024	3.33265e-05
126124	2.31429e-05
126224	1.5931e-05
126324	1.08705e-05
126424	7.35226e-06
126524	4.92875e-06
126624	3.27477e-06
126724	2.15643e-06
126824	1.4073e-06
126924	9.10159e-07
127024	5.83326e-07
127124	3.70471e-07
127224	2.33148e-07
127324	1.45387e-07
127424	8.98313e-08
127524	5.49946e-08
127624	3.33572e-08
127724	2.00458e-08
127824	1.19347e-08
127924	7.03944e-09
128024	4.11336e-09
128124	2.38115e-09
128224	1.36563e-09
128324	7.76173e-10
128424	4.37647e-10
128524	2.45736e-10
128624	1.39207e-10
128724	8.29803e-11
128824	5.80916e-11
128924	5.6136e-11
129024	7.68267e-11
129124	1.28084e-10
129224	2.28752e-10
129324	4.14754e-10
129424	7.50441e-10
129524	1.34823e-09
129624	2.40164e-09
129724	4.24013e-09
129824	7.41866e-09
129924	1.28628e-08
130024	2.21005e-08
130124	3.76295e-08
130224	6.3491e-08
130324	1.06158e-07
130424	1.75893e-07
130524	2.88801e-07
130624	4.69897e-07
130724	7.57634e-07
130824	1.21051e-06
130924	1.91657e-06
131024	3.00697e-06
131124	4.67497e-06
131224	7.20234e-06
131324	1.09954e-05
131424	1.66337e-05
131524	2.49348e-05
131624	3.70391e-05
131724	5.45194e-05
131824	7.952e-05
131924	0.000114931
132024	0.000164599
132124	0.000233588
132224	0.000328478
132324	0.000457712
132424	0.000631989
132524	0.000864688
132624	0.00117231
132724	0.00157492
132824	0.00209657
132924	0.00276566
133024	0.00361518
133124	0.00468277
133224	0.00601068
133324	0.00764533
133424	0.00963662
133524	0.0120369
133624	0.0148996
133724	0.0182771
133824	0.022219
133924	0.026769
134024	0.0319626
134124	0.0378235
134224	0.0443614
134324	0.0515684
134424	0.059417
134524	0.0678579
134624	0.0768192
134724	0.0862055
134824	0.0958993
134924	0.105762
135024	0.115638
135124	0.125359
135224	0.134744
135324	0.143615
135424	0.151793
135524	0.159109
135624	0.165412
135724	0.17057
135824	0.174479
135924	0.177065
136024	0.178286
136124	0.178136
136224	0.17664
136324	0.173857
136424	0.169875
136524	0.164808
136624	0.15879
136724	0.151969
136824	0.144502
136924	0.136552
137024	0.128278
137124	0.119833
137224	0.111358
137324	0.10298
137424	0.0948093
137524	0.0869376
137624	0.079437
137724	0.0723604
137824	0.0657428
137924	0.0596024
138024	0.0539428
138124	0.048755
138224	0.0440205
138324	0.039713
138424	0.0358015
138524	0.0322524
138624	0.029031
138724	0.0261036
138824	0.0234387
138924	0.0210077
139024	0.0187853
139124	0.0167503
139224	0.0148848
139324	0.0131743
139424	0.0116073
139524	0.0101745
139624	0.00886845
139724	0.0076829
139824	0.00661232
139924	0.00565145
140024	0.004795
140124	0.00403742
140224	0.00337276
140324	0.00279469
140424	0.00229646
140524	0.00187108
140624	0.00151139
140724	0.00121022
140824	0.000960574
140924	0.000755715
141024	0.000589312
141124	0.000455519
141224	0.000349039
141324	0.000265155
141424	0.000199735
141524	0.000149224
141624	0.000110606
141724	8.13639e-05
141824	5.94291e-05
141924	4.31241e-05
142024	3.11087e-05
142124	2.23262e-05
142224	1.59553e-05
142324	1.13651e-05
142424	8.0776e-06
142524	5.73461e-06
142624	4.07108e-06
142724	2.89293e-06
142824	2.05948e-06
142924	1.46975e-06
143024	1.05184e-06
143124	7.54903e-07
143224	5.43177e-07
143324	3.91608e-07
143424	2.8266e-07
143524	2.04057e-07
143624	1.47178e-07
143724	1.05938e-07
143824	7.60163e-08
143924	5.43208e-08
144024	3.86214e-08
144124	2.72982e-08
144224	1.91681e-08
144324	1.33627e-08
144424	9.24401e-09
144524	6.34296e-09
144624	4.31554e-09
144724	2.91048e-09
144824	1.94526e-09
144924	1.28823e-09
145024	8.45163e-10
145124	5.49245e-10
145224	3.53531e-10
145324	2.25366e-10
145424	1.42272e-10
145524	8.89409e-11
145624	5.5057e-11
145724	3.37473e-11
