1.46046e+06	3.68372e-07
1.46056e+06	6.04313e-07
1.46066e+06	9.81512e-07
1.46076e+06	1.57829e-06
1.46086e+06	2.51266e-06
1.46096e+06	3.96039e-06
1.46106e+06	6.18016e-06
1.46116e+06	9.54814e-06
1.46126e+06	1.46048e-05
1.46136e+06	2.21172e-05
1.46146e+06	3.31605e-05
1.46156e+06	4.92232e-05
1.46166e+06	7.23396e-05
1.46176e+06	0.000105255
1.46186e+06	0.000151622
1.46196e+06	0.000216244
1.46206e+06	0.00030534
1.46216e+06	0.000426857
1.46226e+06	0.0005908
1.46236e+06	0.000809579
1.46246e+06	0.00109834
1.46256e+06	0.0014753
1.46266e+06	0.00196193
1.46276e+06	0.00258318
1.46286e+06	0.00336736
1.46296e+06	0.00434605
1.46306e+06	0.00555357
1.46316e+06	0.00702628
1.46326e+06	0.00880154
1.46336e+06	0.0109164
1.46346e+06	0.0134058
1.46356e+06	0.0163008
1.46366e+06	0.0196264
1.46376e+06	0.0233992
1.46386e+06	0.0276254
1.46396e+06	0.0322986
1.46406e+06	0.0373986
1.46416e+06	0.0428902
1.46426e+06	0.0487231
1.46436e+06	0.0548325
1.46446e+06	0.0611412
1.46456e+06	0.067562
1.46466e+06	0.074002
1.46476e+06	0.080367
1.46486e+06	0.0865672
1.46496e+06	0.0925229
1.46506e+06	0.0981699
1.46516e+06	0.103465
1.46526e+06	0.108392
1.46536e+06	0.112959
1.46546e+06	0.117208
1.46556e+06	0.121207
1.46566e+06	0.125051
1.46576e+06	0.128855
1.46586e+06	0.132747
1.46596e+06	0.13686
1.46606e+06	0.141321
1.46616e+06	0.146242
1.46626e+06	0.151707
1.46636e+06	0.157765
1.46646e+06	0.164421
1.46656e+06	0.171631
1.46666e+06	0.179299
1.46676e+06	0.187279
1.46686e+06	0.195375
1.46696e+06	0.203356
1.46706e+06	0.210959
1.46716e+06	0.217904
1.46726e+06	0.223908
1.46736e+06	0.228703
1.46746e+06	0.232045
1.46756e+06	0.233731
1.46766e+06	0.233607
1.46776e+06	0.231582
1.46786e+06	0.227626
1.46796e+06	0.221777
1.46806e+06	0.214134
1.46816e+06	0.204857
1.46826e+06	0.194154
1.46836e+06	0.18227
1.46846e+06	0.16948
1.46856e+06	0.15607
1.46866e+06	0.142327
1.46876e+06	0.12853
1.46886e+06	0.114935
1.46896e+06	0.101769
1.46906e+06	0.0892234
1.46916e+06	0.0774529
1.46926e+06	0.0665708
1.46936e+06	0.0566513
1.46946e+06	0.0477323
1.46956e+06	0.0398188
1.46966e+06	0.0328876
1.46976e+06	0.0268932
1.46986e+06	0.021773
1.46996e+06	0.0174525
1.47006e+06	0.0138503
1.47016e+06	0.0108823
1.47026e+06	0.00846529
1.47036e+06	0.00651964
1.47046e+06	0.00497124
1.47056e+06	0.00375287
1.47066e+06	0.00280493
1.47076e+06	0.00207557
1.47086e+06	0.00152059
1.47096e+06	0.00110292
1.47106e+06	0.000792013
1.47116e+06	0.000563091
1.47126e+06	0.000396354
1.47136e+06	0.000276213
1.47146e+06	0.000190574
1.47156e+06	0.000130178
1.47166e+06	8.80383e-05
1.47176e+06	5.8947e-05
1.47186e+06	3.90759e-05
1.47196e+06	2.56456e-05
1.47206e+06	1.66638e-05
1.47216e+06	1.072e-05
1.47226e+06	6.82762e-06
1.47236e+06	4.30529e-06
1.47246e+06	2.68777e-06
1.47256e+06	1.66127e-06
1.47266e+06	1.01658e-06
1.47276e+06	6.15892e-07
1.47286e+06	3.69422e-07
1.47296e+06	2.1938e-07
1.47306e+06	1.28982e-07
1.47316e+06	7.50791e-08
1.47326e+06	4.32679e-08
1.47336e+06	2.4687e-08
1.47346e+06	1.39454e-08
1.47356e+06	7.79915e-09
1.47366e+06	4.31839e-09
1.47376e+06	2.3673e-09
1.47386e+06	1.28482e-09
1.47396e+06	6.9038e-10
1.47406e+06	3.67275e-10
1.47416e+06	1.93442e-10
1.47426e+06	1.00871e-10
1.47436e+06	5.20765e-11
1.47446e+06	2.66179e-11
1.47456e+06	1.34698e-11
1.47466e+06	6.74849e-12
1.47476e+06	3.34741e-12
1.47486e+06	1.64387e-12
1.47496e+06	7.99253e-13
1.47506e+06	3.84732e-13
1.47516e+06	1.83353e-13
1.47526e+06	8.65119e-14
1.47536e+06	4.04129e-14
1.47546e+06	1.86906e-14
1.47556e+06	8.55817e-15
1.47566e+06	3.87969e-15
1.47576e+06	1.74128e-15
1.47586e+06	7.73748e-16
1.47596e+06	3.40397e-16
1.47606e+06	1.48262e-16
1.47616e+06	6.39339e-17
1.47626e+06	2.72954e-17
1.47636e+06	1.15373e-17
1.47646e+06	4.8281e-18
1.47656e+06	2.00035e-18
1.47666e+06	8.20526e-19
1.47676e+06	3.33223e-19
1.47686e+06	1.33979e-19
1.47696e+06	5.33327e-20
1.47706e+06	2.10188e-20
1.47716e+06	8.20124e-21
1.47726e+06	3.16817e-21
1.47736e+06	1.2117e-21
1.47746e+06	4.58814e-22
1.47756e+06	1.72003e-22
1.47766e+06	6.38401e-23
1.47776e+06	2.34589e-23
1.47786e+06	8.5345e-24
1.47796e+06	3.07402e-24
1.47806e+06	1.0962e-24
1.47816e+06	3.8702e-25
1.47826e+06	1.3528e-25
1.47836e+06	4.68154e-26
1.47846e+06	1.60399e-26
1.47856e+06	5.44092e-27
1.47866e+06	1.82726e-27
1.47876e+06	6.07553e-28
1.47886e+06	1.99998e-28
1.47896e+06	6.51815e-29
1.47906e+06	2.1032e-29
1.47916e+06	6.71882e-30
1.47926e+06	2.12502e-30
1.47936e+06	6.6541e-31
1.47946e+06	2.06288e-31
1.47956e+06	6.33161e-32
1.47966e+06	1.92403e-32
1.47976e+06	5.78852e-33
1.47986e+06	1.72417e-33
1.47996e+06	5.0845e-34
1.48006e+06	1.48448e-34
1.48016e+06	4.29099e-35
1.48026e+06	1.228e-35
1.48036e+06	3.47933e-36
1.48046e+06	9.76e-37
1.48056e+06	2.71057e-37
1.48066e+06	7.45298e-38
1.48076e+06	2.02888e-38
1.48086e+06	5.46812e-39
1.48096e+06	1.45908e-39
1.48106e+06	3.85456e-40
1.48116e+06	1.00816e-40
1.48126e+06	2.61059e-41
1.48136e+06	6.69279e-42
1.48146e+06	1.69876e-42
1.48156e+06	4.26888e-43
1.48166e+06	1.06207e-43
1.48176e+06	2.61607e-44
1.48186e+06	6.37973e-45
1.48196e+06	1.54033e-45
1.48206e+06	3.68197e-46
1.48216e+06	8.71373e-47
1.48226e+06	2.04167e-47
1.48236e+06	4.73614e-48
1.48246e+06	1.08773e-48
1.48256e+06	2.47327e-49
1.48266e+06	5.56778e-50
1.48276e+06	1.24093e-50
1.48286e+06	2.73824e-51
1.48296e+06	5.98209e-52
1.48306e+06	1.29387e-52
1.48316e+06	2.77068e-53
1.48326e+06	5.87405e-54
1.48336e+06	1.23295e-54
1.48346e+06	2.5622e-55
1.48356e+06	5.27152e-56
1.48366e+06	1.07378e-56
1.48376e+06	2.16548e-57
1.48386e+06	4.32362e-58
1.48396e+06	8.54671e-59
1.48406e+06	1.67266e-59
1.48416e+06	3.24095e-60
1.48426e+06	6.21721e-61
1.48436e+06	1.1808e-61
1.48446e+06	2.2203e-62
1.48456e+06	4.13338e-63
1.48466e+06	7.61826e-64
1.48476e+06	1.39016e-64
1.48486e+06	2.51147e-65
1.48496e+06	4.49211e-66
1.48506e+06	7.9548e-67
1.48516e+06	1.39465e-67
1.48526e+06	2.4208e-68
1.48536e+06	4.16014e-69
1.48546e+06	7.07808e-70
1.48556e+06	1.19228e-70
1.48566e+06	1.98839e-71
1.48576e+06	3.28306e-72
1.48586e+06	5.36679e-73
1.48596e+06	8.68575e-74
1.48606e+06	1.39174e-74
1.48616e+06	2.20782e-75
1.48626e+06	3.46758e-76
1.48636e+06	5.39197e-77
1.48646e+06	8.3009e-78
1.48656e+06	1.2652e-78
1.48666e+06	1.9092e-79
1.48676e+06	2.85234e-80
1.48686e+06	4.21897e-81
1.48696e+06	6.17831e-82
1.48706e+06	8.95756e-83
1.48716e+06	1.28578e-83
1.48726e+06	1.82726e-84
1.48736e+06	2.57094e-85
1.48746e+06	3.5813e-86
1.48756e+06	4.93908e-87
1.48766e+06	6.74385e-88
1.48776e+06	9.11649e-89
1.48786e+06	1.22012e-89
1.48796e+06	1.61673e-90
1.48806e+06	2.12094e-91
1.48816e+06	2.75471e-92
1.48826e+06	3.54226e-93
1.48836e+06	4.50965e-94
1.48846e+06	5.68409e-95
1.48856e+06	7.09312e-96
1.48866e+06	8.76335e-97
1.48876e+06	1.07191e-97
1.48886e+06	1.2981e-98
1.48896e+06	1.55636e-99
1.48906e+06	1.84745e-100
1.48916e+06	2.17115e-101
1.48926e+06	2.52619e-102
1.48936e+06	2.91003e-103
1.48946e+06	3.31885e-104
1.48956e+06	3.74743e-105
1.48966e+06	4.18926e-106
1.48976e+06	4.63658e-107
1.48986e+06	5.08061e-108
1.48996e+06	5.51176e-109
1.49006e+06	5.92e-110
1.49016e+06	6.29522e-111
1.49026e+06	6.6276e-112
1.49036e+06	6.90811e-113
1.49046e+06	7.12885e-114
1.49056e+06	7.28343e-115
1.49066e+06	7.36733e-116
1.49076e+06	7.37805e-117
1.49086e+06	7.31525e-118
1.49096e+06	7.18083e-119
1.49106e+06	6.97874e-120
1.49116e+06	6.71485e-121
1.49126e+06	6.39665e-122
1.49136e+06	6.0329e-123
1.49146e+06	5.63322e-124
1.49156e+06	5.20768e-125
1.49166e+06	4.76638e-126
1.49176e+06	4.31907e-127
1.49186e+06	3.8748e-128
1.49196e+06	3.44163e-129
1.49206e+06	3.02648e-130
1.49216e+06	2.63492e-131
1.49226e+06	2.27119e-132
1.49236e+06	1.9382e-133
1.49246e+06	1.63757e-134
1.49256e+06	1.3698e-135
1.49266e+06	1.13442e-136
1.49276e+06	9.30132e-138
1.49286e+06	7.55047e-139
1.49296e+06	6.06821e-140
1.49306e+06	4.8284e-141
1.49316e+06	3.80368e-142
1.49326e+06	2.96662e-143
1.49336e+06	2.29074e-144
1.49346e+06	1.75125e-145
1.49356e+06	1.32549e-146
1.49366e+06	9.93258e-148
1.49376e+06	7.36893e-149
1.49386e+06	5.41258e-150
1.49396e+06	3.93606e-151
1.49406e+06	2.83384e-152
1.49416e+06	2.01998e-153
1.49426e+06	1.42552e-154
1.49436e+06	9.96e-156
1.49446e+06	6.88972e-157
1.49456e+06	4.71846e-158
1.49466e+06	3.19931e-159
1.49476e+06	2.14768e-160
1.49486e+06	1.42738e-161
1.49496e+06	9.39221e-163
1.49506e+06	6.1186e-164
1.49516e+06	3.94633e-165
1.49526e+06	2.51995e-166
1.49536e+06	1.59312e-167
1.49546e+06	9.97151e-169
1.49556e+06	6.17918e-170
1.49566e+06	3.79103e-171
1.49576e+06	2.30272e-172
1.49586e+06	1.38478e-173
1.49596e+06	8.2448e-175
1.49606e+06	4.85999e-176
1.49616e+06	2.83627e-177
1.49626e+06	1.63876e-178
1.49636e+06	9.37438e-180
1.49646e+06	5.30916e-181
1.49656e+06	2.97691e-182
1.49666e+06	1.65258e-183
1.49676e+06	9.08276e-185
1.49686e+06	4.9423e-186
1.49696e+06	2.66255e-187
1.49706e+06	1.42011e-188
1.49716e+06	7.49904e-190
1.49726e+06	3.92054e-191
1.49736e+06	2.02928e-192
1.49746e+06	1.03991e-193
1.49756e+06	5.27603e-195
1.49766e+06	2.65018e-196
1.49776e+06	1.31795e-197
1.49786e+06	6.48906e-199
1.49796e+06	3.16316e-200
1.49806e+06	1.52657e-201
1.49816e+06	7.29407e-203
1.49826e+06	3.45049e-204
1.49836e+06	1.61602e-205
1.49846e+06	7.49328e-207
1.49856e+06	3.43996e-208
1.49866e+06	1.56348e-209
1.49876e+06	7.03538e-211
1.49886e+06	3.1343e-212
1.49896e+06	1.38245e-213
1.49906e+06	6.03693e-215
1.49916e+06	2.61e-216
1.49926e+06	1.11717e-217
1.49936e+06	4.73433e-219
1.49946e+06	1.98634e-220
1.49956e+06	8.25098e-222
1.49966e+06	3.39324e-223
1.49976e+06	1.38159e-224
1.49986e+06	5.56934e-226
1.49996e+06	2.22271e-227
1.50006e+06	8.78256e-229
1.50016e+06	3.4357e-230
1.50026e+06	1.33066e-231
1.50036e+06	5.1024e-233
1.50046e+06	1.93705e-234
1.50056e+06	7.28053e-236
1.50066e+06	2.70921e-237
1.50076e+06	9.98111e-239
1.50086e+06	3.6406e-240
1.50096e+06	1.31469e-241
1.50106e+06	4.70036e-243
1.50116e+06	1.66378e-244
1.50126e+06	5.83066e-246
1.50136e+06	2.023e-247
1.50146e+06	6.94917e-249
1.50156e+06	2.36334e-250
1.50166e+06	7.95749e-252
1.50176e+06	2.65267e-253
1.50186e+06	8.75482e-255
1.50196e+06	2.86068e-256
1.50206e+06	9.25437e-258
1.50216e+06	2.96403e-259
1.50226e+06	9.39885e-261
1.50236e+06	2.95069e-262
1.50246e+06	9.1713e-264
1.50256e+06	2.82224e-265
1.50266e+06	8.59835e-267
1.50276e+06	2.59354e-268
1.50286e+06	7.74511e-270
1.50296e+06	2.28992e-271
1.50306e+06	6.70298e-273
1.50316e+06	1.94256e-274
1.50326e+06	5.57362e-276
1.50336e+06	1.58328e-277
1.50346e+06	4.45281e-279
1.50356e+06	1.23985e-280
1.50366e+06	3.4179e-282
1.50376e+06	9.32842e-284
1.50386e+06	2.52065e-285
1.50396e+06	6.74335e-287
1.50406e+06	1.78606e-288
1.50416e+06	4.68351e-290
1.50426e+06	1.21592e-291
1.50436e+06	3.12533e-293
1.50446e+06	7.95323e-295
1.50456e+06	2.00377e-296
1.50466e+06	4.99816e-298
1.50476e+06	1.23432e-299
1.50486e+06	3.0179e-301
1.50496e+06	7.30529e-303
1.50506e+06	1.75076e-304
1.50516e+06	4.15408e-306
1.50526e+06	9.7584e-308
1.50536e+06	2.26955e-309
1.50546e+06	5.22586e-311
1.50556e+06	1.19133e-312
1.50566e+06	2.68884e-314
1.50576e+06	6.00834e-316
1.50586e+06	1.32923e-317
1.50596e+06	2.91143e-319
1.50606e+06	6.31416e-321
1.50616e+06	1.33398e-322
1.50626e+06	4.94066e-324
1.50636e+06	0
1.50646e+06	0
1.50656e+06	0
1.50666e+06	0
1.50676e+06	0
1.50686e+06	0
1.50696e+06	0
1.50706e+06	0
1.50716e+06	0
1.50726e+06	0
1.50736e+06	0
1.50746e+06	0
1.50756e+06	0
1.50766e+06	0
1.50776e+06	0
1.50786e+06	0
1.50796e+06	0
1.50806e+06	0
1.50816e+06	0
1.50826e+06	0
1.50836e+06	0
1.50846e+06	0
1.50856e+06	0
1.50866e+06	0
1.50876e+06	0
1.50886e+06	0
1.50896e+06	0
1.50906e+06	0
1.50916e+06	0
1.50926e+06	0
1.50936e+06	0
1.50946e+06	0
1.50956e+06	0
1.50966e+06	0
1.50976e+06	0
1.50986e+06	0
1.50996e+06	0
1.51006e+06	0
1.51016e+06	0
1.51026e+06	0
1.51036e+06	0
1.51046e+06	0
1.51056e+06	0
1.51066e+06	0
1.51076e+06	0
1.51086e+06	0
1.51096e+06	0
1.51106e+06	0
1.51116e+06	0
1.51126e+06	0
1.51136e+06	0
1.51146e+06	0
1.51156e+06	0
1.51166e+06	0
1.51176e+06	0
1.51186e+06	0
1.51196e+06	0
1.51206e+06	0
1.51216e+06	0
1.51226e+06	0
1.51236e+06	0
1.51246e+06	0
1.51256e+06	0
1.51266e+06	0
1.51276e+06	0
1.51286e+06	0
1.51296e+06	0
1.51306e+06	0
1.51316e+06	0
1.51326e+06	0
1.51336e+06	0
1.51346e+06	0
1.51356e+06	0
1.51366e+06	0
1.51376e+06	0
1.51386e+06	0
1.51396e+06	0
1.51406e+06	0
1.51416e+06	0
1.51426e+06	0
1.51436e+06	0
1.51446e+06	0
1.51456e+06	0
1.51466e+06	0
1.51476e+06	0
1.51486e+06	0
1.51496e+06	0
1.51506e+06	0
1.51516e+06	0
1.51526e+06	0
1.51536e+06	0
1.51546e+06	0
1.51556e+06	0
1.51566e+06	0
1.51576e+06	0
1.51586e+06	0
1.51596e+06	0
1.51606e+06	0
1.51616e+06	0
1.51626e+06	0
1.51636e+06	0
1.51646e+06	0
1.51656e+06	0
1.51666e+06	0
1.51676e+06	0
1.51686e+06	0
1.51696e+06	0
1.51706e+06	0
1.51716e+06	0
1.51726e+06	0
1.51736e+06	0
1.51746e+06	0
1.51756e+06	0
1.51766e+06	0
1.51776e+06	0
1.51786e+06	0
1.51796e+06	0
1.51806e+06	0
1.51816e+06	0
1.51826e+06	0
1.51836e+06	0
1.51846e+06	0
1.51856e+06	0
1.51866e+06	0
1.51876e+06	0
1.51886e+06	0
1.51896e+06	0
1.51906e+06	0
1.51916e+06	0
1.51926e+06	0
1.51936e+06	0
1.51946e+06	0
1.51956e+06	0
1.51966e+06	0
1.51976e+06	0
1.51986e+06	0
1.51996e+06	0
1.52006e+06	0
1.52016e+06	0
1.52026e+06	0
1.52036e+06	0
1.52046e+06	0
1.52056e+06	0
1.52066e+06	0
1.52076e+06	0
1.52086e+06	0
1.52096e+06	0
1.52106e+06	0
1.52116e+06	0
1.52126e+06	0
1.52136e+06	0
1.52146e+06	0
1.52156e+06	0
1.52166e+06	0
1.52176e+06	0
1.52186e+06	0
1.52196e+06	0
1.52206e+06	0
1.52216e+06	0
1.52226e+06	0
1.52236e+06	0
1.52246e+06	0
1.52256e+06	0
1.52266e+06	0
1.52276e+06	0
1.52286e+06	0
1.52296e+06	0
1.52306e+06	0
1.52316e+06	0
1.52326e+06	0
1.52336e+06	0
1.52346e+06	0
1.52356e+06	0
1.52366e+06	0
1.52376e+06	0
1.52386e+06	0
1.52396e+06	0
1.52406e+06	0
1.52416e+06	0
1.52426e+06	0
1.52436e+06	0
1.52446e+06	0
1.52456e+06	0
1.52466e+06	0
1.52476e+06	0
1.52486e+06	0
1.52496e+06	0
1.52506e+06	0
1.52516e+06	0
1.52526e+06	0
1.52536e+06	0
1.52546e+06	0
1.52556e+06	0
1.52566e+06	0
1.52576e+06	0
1.52586e+06	0
1.52596e+06	0
1.52606e+06	0
1.52616e+06	0
1.52626e+06	0
1.52636e+06	0
1.52646e+06	0
1.52656e+06	0
1.52666e+06	0
1.52676e+06	0
1.52686e+06	0
1.52696e+06	0
1.52706e+06	0
1.52716e+06	0
1.52726e+06	0
1.52736e+06	0
1.52746e+06	0
1.52756e+06	0
1.52766e+06	0
1.52776e+06	0
1.52786e+06	0
1.52796e+06	0
1.52806e+06	0
1.52816e+06	0
1.52826e+06	0
1.52836e+06	0
1.52846e+06	0
1.52856e+06	0
1.52866e+06	0
1.52876e+06	0
1.52886e+06	0
1.52896e+06	0
1.52906e+06	0
1.52916e+06	0
1.52926e+06	0
1.52936e+06	0
1.52946e+06	0
1.52956e+06	0
1.52966e+06	0
1.52976e+06	0
1.52986e+06	0
1.52996e+06	0
1.53006e+06	0
1.53016e+06	0
1.53026e+06	0
1.53036e+06	0
1.53046e+06	0
1.53056e+06	0
1.53066e+06	0
1.53076e+06	0
1.53086e+06	0
1.53096e+06	0
1.53106e+06	0
1.53116e+06	0
1.53126e+06	0
1.53136e+06	0
1.53146e+06	0
1.53156e+06	0
1.53166e+06	0
1.53176e+06	0
1.53186e+06	0
1.53196e+06	0
1.53206e+06	0
1.53216e+06	0
1.53226e+06	0
1.53236e+06	0
1.53246e+06	0
1.53256e+06	0
1.53266e+06	0
1.53276e+06	0
1.53286e+06	0
1.53296e+06	0
1.53306e+06	0
1.53316e+06	0
1.53326e+06	0
1.53336e+06	0
1.53346e+06	0
1.53356e+06	0
1.53366e+06	0
1.53376e+06	0
1.53386e+06	0
1.53396e+06	0
1.53406e+06	0
1.53416e+06	0
1.53426e+06	0
1.53436e+06	0
1.53446e+06	0
1.53456e+06	0
1.53466e+06	0
1.53476e+06	0
1.53486e+06	0
1.53496e+06	0
1.53506e+06	0
1.53516e+06	0
1.53526e+06	0
1.53536e+06	0
1.53546e+06	0
1.53556e+06	0
1.53566e+06	0
1.53576e+06	0
1.53586e+06	0
1.53596e+06	0
1.53606e+06	0
1.53616e+06	0
1.53626e+06	0
1.53636e+06	0
1.53646e+06	0
1.53656e+06	0
1.53666e+06	0
1.53676e+06	0
1.53686e+06	0
1.53696e+06	0
1.53706e+06	0
1.53716e+06	0
1.53726e+06	0
1.53736e+06	0
1.53746e+06	0
1.53756e+06	0
1.53766e+06	0
1.53776e+06	0
1.53786e+06	0
1.53796e+06	0
1.53806e+06	0
1.53816e+06	0
1.53826e+06	0
1.53836e+06	0
1.53846e+06	0
1.53856e+06	0
1.53866e+06	0
1.53876e+06	0
1.53886e+06	0
1.53896e+06	0
1.53906e+06	0
1.53916e+06	0
1.53926e+06	0
1.53936e+06	0
1.53946e+06	0
1.53956e+06	0
1.53966e+06	0
1.53976e+06	0
1.53986e+06	0
1.53996e+06	0
1.54006e+06	0
1.54016e+06	0
1.54026e+06	0
1.54036e+06	0
1.54046e+06	0
1.54056e+06	0
1.54066e+06	0
1.54076e+06	0
1.54086e+06	0
1.54096e+06	0
1.54106e+06	0
1.54116e+06	0
1.54126e+06	0
1.54136e+06	0
1.54146e+06	0
1.54156e+06	0
1.54166e+06	0
1.54176e+06	0
1.54186e+06	0
1.54196e+06	0
1.54206e+06	0
1.54216e+06	0
1.54226e+06	0
1.54236e+06	0
1.54246e+06	0
1.54256e+06	0
1.54266e+06	0
1.54276e+06	0
1.54286e+06	0
1.54296e+06	0
1.54306e+06	0
1.54316e+06	0
1.54326e+06	0
1.54336e+06	0
1.54346e+06	0
1.54356e+06	0
1.54366e+06	0
1.54376e+06	0
1.54386e+06	0
1.54396e+06	0
1.54406e+06	0
1.54416e+06	0
1.54426e+06	0
1.54436e+06	0
1.54446e+06	0
1.54456e+06	0
1.54466e+06	0
1.54476e+06	0
1.54486e+06	0
1.54496e+06	0
1.54506e+06	0
1.54516e+06	0
1.54526e+06	0
1.54536e+06	0
1.54546e+06	0
1.54556e+06	0
1.54566e+06	0
1.54576e+06	0
1.54586e+06	0
1.54596e+06	0
1.54606e+06	0
1.54616e+06	0
1.54626e+06	0
1.54636e+06	0
1.54646e+06	0
1.54656e+06	0
1.54666e+06	0
1.54676e+06	0
1.54686e+06	0
1.54696e+06	0
1.54706e+06	0
1.54716e+06	0
1.54726e+06	0
1.54736e+06	0
1.54746e+06	0
1.54756e+06	0
1.54766e+06	0
1.54776e+06	0
1.54786e+06	0
1.54796e+06	0
1.54806e+06	0
1.54816e+06	0
1.54826e+06	0
1.54836e+06	0
1.54846e+06	0
1.54856e+06	0
1.54866e+06	0
1.54876e+06	0
1.54886e+06	0
1.54896e+06	0
1.54906e+06	0
1.54916e+06	0
1.54926e+06	0
1.54936e+06	0
1.54946e+06	0
1.54956e+06	0
1.54966e+06	0
1.54976e+06	0
1.54986e+06	0
1.54996e+06	0
1.55006e+06	0
1.55016e+06	0
1.55026e+06	0
1.55036e+06	0
1.55046e+06	0
1.55056e+06	0
1.55066e+06	0
1.55076e+06	0
1.55086e+06	0
1.55096e+06	0
1.55106e+06	0
1.55116e+06	0
1.55126e+06	0
1.55136e+06	0
1.55146e+06	0
1.55156e+06	0
1.55166e+06	0
1.55176e+06	0
1.55186e+06	0
1.55196e+06	0
1.55206e+06	0
1.55216e+06	0
1.55226e+06	0
1.55236e+06	0
1.55246e+06	0
1.55256e+06	0
1.55266e+06	0
1.55276e+06	0
1.55286e+06	0
1.55296e+06	0
1.55306e+06	0
1.55316e+06	0
1.55326e+06	0
1.55336e+06	0
1.55346e+06	0
1.55356e+06	0
1.55366e+06	0
1.55376e+06	0
1.55386e+06	0
1.55396e+06	0
1.55406e+06	0
1.55416e+06	0
1.55426e+06	0
1.55436e+06	0
1.55446e+06	0
1.55456e+06	0
1.55466e+06	0
1.55476e+06	0
1.55486e+06	0
1.55496e+06	0
1.55506e+06	0
1.55516e+06	0
1.55526e+06	0
1.55536e+06	0
1.55546e+06	0
1.55556e+06	0
1.55566e+06	0
1.55576e+06	0
1.55586e+06	0
1.55596e+06	0
1.55606e+06	0
1.55616e+06	0
1.55626e+06	0
1.55636e+06	0
1.55646e+06	0
1.55656e+06	0
1.55666e+06	0
1.55676e+06	0
1.55686e+06	0
1.55696e+06	0
1.55706e+06	0
1.55716e+06	0
1.55726e+06	0
1.55736e+06	0
1.55746e+06	0
1.55756e+06	0
1.55766e+06	0
1.55776e+06	0
1.55786e+06	0
1.55796e+06	0
1.55806e+06	0
1.55816e+06	0
1.55826e+06	0
1.55836e+06	0
1.55846e+06	0
1.55856e+06	0
1.55866e+06	0
1.55876e+06	0
1.55886e+06	0
1.55896e+06	0
1.55906e+06	0
1.55916e+06	0
1.55926e+06	0
1.55936e+06	0
1.55946e+06	0
1.55956e+06	0
1.55966e+06	0
1.55976e+06	0
1.55986e+06	0
1.55996e+06	0
1.56006e+06	0
1.56016e+06	0
1.56026e+06	0
1.56036e+06	0
1.56046e+06	0
1.56056e+06	0
1.56066e+06	0
1.56076e+06	0
1.56086e+06	0
1.56096e+06	0
1.56106e+06	0
1.56116e+06	0
1.56126e+06	0
1.56136e+06	0
1.56146e+06	0
1.56156e+06	0
1.56166e+06	0
1.56176e+06	0
1.56186e+06	0
1.56196e+06	0
1.56206e+06	0
1.56216e+06	0
1.56226e+06	0
1.56236e+06	0
1.56246e+06	0
1.56256e+06	0
1.56266e+06	0
1.56276e+06	0
1.56286e+06	0
1.56296e+06	0
1.56306e+06	0
1.56316e+06	0
1.56326e+06	0
1.56336e+06	0
1.56346e+06	0
1.56356e+06	0
1.56366e+06	0
1.56376e+06	0
1.56386e+06	0
1.56396e+06	0
1.56406e+06	0
1.56416e+06	0
1.56426e+06	0
1.56436e+06	0
1.56446e+06	0
1.56456e+06	0
1.56466e+06	0
1.56476e+06	0
1.56486e+06	0
1.56496e+06	0
1.56506e+06	0
1.56516e+06	0
1.56526e+06	0
1.56536e+06	0
1.56546e+06	0
1.56556e+06	0
1.56566e+06	0
1.56576e+06	0
1.56586e+06	0
1.56596e+06	0
1.56606e+06	0
1.56616e+06	0
1.56626e+06	0
1.56636e+06	0
1.56646e+06	0
1.56656e+06	0
1.56666e+06	0
1.56676e+06	0
1.56686e+06	0
1.56696e+06	0
1.56706e+06	0
1.56716e+06	0
1.56726e+06	0
1.56736e+06	0
1.56746e+06	0
1.56756e+06	0
1.56766e+06	0
1.56776e+06	0
1.56786e+06	0
1.56796e+06	0
1.56806e+06	0
1.56816e+06	0
1.56826e+06	0
1.56836e+06	0
1.56846e+06	0
1.56856e+06	0
1.56866e+06	0
1.56876e+06	0
1.56886e+06	0
1.56896e+06	0
1.56906e+06	0
1.56916e+06	0
1.56926e+06	0
1.56936e+06	0
1.56946e+06	0
1.56956e+06	0
1.56966e+06	0
1.56976e+06	0
1.56986e+06	0
1.56996e+06	0
1.57006e+06	0
1.57016e+06	0
1.57026e+06	0
1.57036e+06	0
1.57046e+06	0
1.57056e+06	0
1.57066e+06	0
1.57076e+06	0
1.57086e+06	0
1.57096e+06	0
1.57106e+06	0
1.57116e+06	0
1.57126e+06	0
1.57136e+06	0
1.57146e+06	0
1.57156e+06	0
1.57166e+06	0
1.57176e+06	0
1.57186e+06	0
1.57196e+06	0
1.57206e+06	0
1.57216e+06	0
1.57226e+06	0
1.57236e+06	0
1.57246e+06	0
1.57256e+06	0
1.57266e+06	0
1.57276e+06	0
1.57286e+06	0
1.57296e+06	0
1.57306e+06	0
1.57316e+06	0
1.57326e+06	0
1.57336e+06	0
1.57346e+06	0
1.57356e+06	0
1.57366e+06	0
1.57376e+06	0
1.57386e+06	0
1.57396e+06	0
1.57406e+06	0
1.57416e+06	0
1.57426e+06	0
1.57436e+06	0
1.57446e+06	0
1.57456e+06	0
1.57466e+06	0
1.57476e+06	0
1.57486e+06	0
1.57496e+06	0
1.57506e+06	0
1.57516e+06	0
1.57526e+06	0
1.57536e+06	0
1.57546e+06	0
1.57556e+06	0
1.57566e+06	0
1.57576e+06	0
1.57586e+06	0
1.57596e+06	0
1.57606e+06	0
1.57616e+06	0
1.57626e+06	0
1.57636e+06	0
1.57646e+06	0
1.57656e+06	0
1.57666e+06	0
1.57676e+06	0
1.57686e+06	0
1.57696e+06	0
1.57706e+06	0
1.57716e+06	0
1.57726e+06	0
1.57736e+06	0
1.57746e+06	0
1.57756e+06	0
1.57766e+06	0
1.57776e+06	0
1.57786e+06	0
1.57796e+06	0
1.57806e+06	0
1.57816e+06	0
1.57826e+06	0
1.57836e+06	0
1.57846e+06	0
1.57856e+06	0
1.57866e+06	0
1.57876e+06	0
1.57886e+06	0
1.57896e+06	0
1.57906e+06	0
1.57916e+06	0
1.57926e+06	0
1.57936e+06	0
1.57946e+06	0
1.57956e+06	0
1.57966e+06	0
1.57976e+06	0
1.57986e+06	0
1.57996e+06	0
1.58006e+06	0
1.58016e+06	0
1.58026e+06	0
1.58036e+06	0
1.58046e+06	0
1.58056e+06	0
1.58066e+06	0
1.58076e+06	0
1.58086e+06	0
1.58096e+06	0
1.58106e+06	0
1.58116e+06	0
1.58126e+06	0
1.58136e+06	0
1.58146e+06	0
1.58156e+06	0
1.58166e+06	0
1.58176e+06	0
1.58186e+06	0
1.58196e+06	0
1.58206e+06	0
1.58216e+06	0
1.58226e+06	0
1.58236e+06	0
1.58246e+06	0
1.58256e+06	0
1.58266e+06	0
1.58276e+06	0
1.58286e+06	0
1.58296e+06	0
1.58306e+06	0
1.58316e+06	0
1.58326e+06	0
1.58336e+06	0
1.58346e+06	0
1.58356e+06	0
1.58366e+06	0
1.58376e+06	0
1.58386e+06	0
1.58396e+06	0
1.58406e+06	0
1.58416e+06	0
1.58426e+06	0
1.58436e+06	0
1.58446e+06	0
1.58456e+06	0
1.58466e+06	0
1.58476e+06	0
1.58486e+06	0
1.58496e+06	0
1.58506e+06	0
1.58516e+06	0
1.58526e+06	0
1.58536e+06	0
1.58546e+06	0
1.58556e+06	0
1.58566e+06	0
1.58576e+06	0
1.58586e+06	0
1.58596e+06	0
1.58606e+06	0
1.58616e+06	0
1.58626e+06	0
1.58636e+06	0
1.58646e+06	0
1.58656e+06	0
1.58666e+06	0
1.58676e+06	0
1.58686e+06	0
1.58696e+06	0
1.58706e+06	0
1.58716e+06	0
1.58726e+06	0
1.58736e+06	0
1.58746e+06	0
1.58756e+06	0
1.58766e+06	0
1.58776e+06	0
1.58786e+06	0
1.58796e+06	0
1.58806e+06	0
1.58816e+06	0
1.58826e+06	0
1.58836e+06	0
1.58846e+06	0
1.58856e+06	0
1.58866e+06	0
1.58876e+06	0
1.58886e+06	0
1.58896e+06	0
1.58906e+06	0
1.58916e+06	0
1.58926e+06	0
1.58936e+06	0
1.58946e+06	0
1.58956e+06	0
1.58966e+06	0
1.58976e+06	0
1.58986e+06	0
1.58996e+06	0
1.59006e+06	0
1.59016e+06	0
1.59026e+06	0
1.59036e+06	0
1.59046e+06	0
1.59056e+06	0
1.59066e+06	0
1.59076e+06	0
1.59086e+06	0
1.59096e+06	0
1.59106e+06	0
1.59116e+06	0
1.59126e+06	0
1.59136e+06	0
1.59146e+06	0
1.59156e+06	0
1.59166e+06	0
1.59176e+06	0
1.59186e+06	0
1.59196e+06	0
1.59206e+06	0
1.59216e+06	0
1.59226e+06	0
1.59236e+06	0
1.59246e+06	0
1.59256e+06	0
1.59266e+06	0
1.59276e+06	0
1.59286e+06	0
1.59296e+06	0
1.59306e+06	0
1.59316e+06	0
1.59326e+06	0
1.59336e+06	0
1.59346e+06	0
1.59356e+06	0
1.59366e+06	0
1.59376e+06	0
1.59386e+06	0
1.59396e+06	0
1.59406e+06	0
1.59416e+06	0
1.59426e+06	0
1.59436e+06	0
1.59446e+06	0
1.59456e+06	0
1.59466e+06	0
1.59476e+06	0
1.59486e+06	0
1.59496e+06	0
1.59506e+06	0
1.59516e+06	0
1.59526e+06	0
1.59536e+06	0
1.59546e+06	0
1.59556e+06	0
1.59566e+06	0
1.59576e+06	0
1.59586e+06	0
1.59596e+06	0
1.59606e+06	0
1.59616e+06	0
1.59626e+06	0
1.59636e+06	0
1.59646e+06	0
1.59656e+06	0
1.59666e+06	0
1.59676e+06	0
1.59686e+06	0
1.59696e+06	0
1.59706e+06	0
1.59716e+06	0
1.59726e+06	0
1.59736e+06	0
1.59746e+06	0
1.59756e+06	0
1.59766e+06	0
1.59776e+06	0
1.59786e+06	0
1.59796e+06	0
1.59806e+06	0
1.59816e+06	0
1.59826e+06	0
1.59836e+06	0
1.59846e+06	0
1.59856e+06	0
1.59866e+06	0
1.59876e+06	0
1.59886e+06	0
1.59896e+06	0
1.59906e+06	0
1.59916e+06	0
1.59926e+06	0
1.59936e+06	0
1.59946e+06	0
1.59956e+06	0
1.59966e+06	0
1.59976e+06	0
1.59986e+06	0
1.59996e+06	0
1.60006e+06	0
1.60016e+06	0
1.60026e+06	0
1.60036e+06	0
1.60046e+06	0
1.60056e+06	0
1.60066e+06	0
1.60076e+06	0
1.60086e+06	0
1.60096e+06	0
1.60106e+06	0
1.60116e+06	0
1.60126e+06	0
1.60136e+06	0
1.60146e+06	0
1.60156e+06	0
1.60166e+06	0
1.60176e+06	0
1.60186e+06	0
1.60196e+06	0
1.60206e+06	0
1.60216e+06	0
1.60226e+06	0
1.60236e+06	0
1.60246e+06	0
1.60256e+06	0
1.60266e+06	0
1.60276e+06	0
1.60286e+06	0
1.60296e+06	0
1.60306e+06	0
1.60316e+06	0
1.60326e+06	0
1.60336e+06	0
1.60346e+06	0
1.60356e+06	0
1.60366e+06	0
1.60376e+06	0
1.60386e+06	0
1.60396e+06	0
1.60406e+06	0
1.60416e+06	0
1.60426e+06	0
1.60436e+06	0
1.60446e+06	0
1.60456e+06	0
1.60466e+06	0
1.60476e+06	0
1.60486e+06	0
1.60496e+06	0
1.60506e+06	0
1.60516e+06	0
1.60526e+06	0
1.60536e+06	0
1.60546e+06	0
1.60556e+06	0
1.60566e+06	0
1.60576e+06	0
1.60586e+06	0
1.60596e+06	0
1.60606e+06	0
1.60616e+06	0
1.60626e+06	0
1.60636e+06	0
1.60646e+06	0
1.60656e+06	0
1.60666e+06	0
1.60676e+06	0
1.60686e+06	0
1.60696e+06	0
1.60706e+06	0
1.60716e+06	0
1.60726e+06	0
1.60736e+06	0
1.60746e+06	0
1.60756e+06	0
1.60766e+06	0
1.60776e+06	0
1.60786e+06	0
1.60796e+06	0
1.60806e+06	0
1.60816e+06	0
1.60826e+06	0
1.60836e+06	0
1.60846e+06	0
1.60856e+06	0
1.60866e+06	0
1.60876e+06	0
1.60886e+06	0
1.60896e+06	0
1.60906e+06	0
1.60916e+06	0
1.60926e+06	0
1.60936e+06	0
1.60946e+06	0
1.60956e+06	0
1.60966e+06	0
1.60976e+06	0
1.60986e+06	0
1.60996e+06	0
1.61006e+06	0
1.61016e+06	0
1.61026e+06	0
1.61036e+06	0
1.61046e+06	0
1.61056e+06	0
1.61066e+06	0
1.61076e+06	0
1.61086e+06	0
1.61096e+06	0
1.61106e+06	0
1.61116e+06	0
1.61126e+06	0
1.61136e+06	0
1.61146e+06	0
1.61156e+06	0
1.61166e+06	0
1.61176e+06	0
1.61186e+06	0
1.61196e+06	0
1.61206e+06	0
1.61216e+06	0
1.61226e+06	0
1.61236e+06	0
1.61246e+06	0
1.61256e+06	0
1.61266e+06	0
1.61276e+06	0
1.61286e+06	0
1.61296e+06	0
1.61306e+06	0
1.61316e+06	0
1.61326e+06	0
1.61336e+06	0
1.61346e+06	0
1.61356e+06	0
1.61366e+06	0
1.61376e+06	0
1.61386e+06	0
1.61396e+06	0
1.61406e+06	0
1.61416e+06	0
1.61426e+06	0
1.61436e+06	0
1.61446e+06	0
1.61456e+06	0
1.61466e+06	0
1.61476e+06	0
1.61486e+06	0
1.61496e+06	0
1.61506e+06	0
1.61516e+06	0
1.61526e+06	0
1.61536e+06	0
1.61546e+06	0
1.61556e+06	0
1.61566e+06	0
1.61576e+06	0
1.61586e+06	0
1.61596e+06	0
1.61606e+06	0
1.61616e+06	0
1.61626e+06	0
1.61636e+06	0
1.61646e+06	0
1.61656e+06	0
1.61666e+06	0
1.61676e+06	0
1.61686e+06	0
1.61696e+06	0
1.61706e+06	0
1.61716e+06	0
1.61726e+06	0
1.61736e+06	0
1.61746e+06	0
1.61756e+06	0
1.61766e+06	0
1.61776e+06	0
1.61786e+06	0
1.61796e+06	0
1.61806e+06	0
1.61816e+06	0
1.61826e+06	0
1.61836e+06	0
1.61846e+06	0
1.61856e+06	0
1.61866e+06	0
1.61876e+06	0
1.61886e+06	0
1.61896e+06	0
1.61906e+06	0
1.61916e+06	0
1.61926e+06	0
1.61936e+06	0
1.61946e+06	0
1.61956e+06	0
1.61966e+06	0
1.61976e+06	0
1.61986e+06	0
1.61996e+06	0
1.62006e+06	0
1.62016e+06	0
1.62026e+06	0
1.62036e+06	0
1.62046e+06	0
1.62056e+06	0
1.62066e+06	0
1.62076e+06	0
1.62086e+06	0
1.62096e+06	0
1.62106e+06	0
1.62116e+06	0
1.62126e+06	0
1.62136e+06	0
1.62146e+06	0
1.62156e+06	0
1.62166e+06	0
1.62176e+06	0
1.62186e+06	0
1.62196e+06	0
1.62206e+06	0
1.62216e+06	0
1.62226e+06	0
1.62236e+06	0
1.62246e+06	0
1.62256e+06	0
1.62266e+06	0
1.62276e+06	0
1.62286e+06	0
1.62296e+06	0
1.62306e+06	0
1.62316e+06	0
1.62326e+06	0
1.62336e+06	0
1.62346e+06	0
1.62356e+06	0
1.62366e+06	0
1.62376e+06	0
1.62386e+06	0
1.62396e+06	0
1.62406e+06	0
1.62416e+06	0
1.62426e+06	0
1.62436e+06	0
1.62446e+06	0
1.62456e+06	0
1.62466e+06	0
1.62476e+06	0
1.62486e+06	0
1.62496e+06	0
1.62506e+06	0
1.62516e+06	0
1.62526e+06	0
1.62536e+06	0
1.62546e+06	0
1.62556e+06	0
1.62566e+06	0
1.62576e+06	0
1.62586e+06	0
1.62596e+06	0
1.62606e+06	0
1.62616e+06	0
1.62626e+06	0
1.62636e+06	0
1.62646e+06	0
1.62656e+06	0
1.62666e+06	0
1.62676e+06	0
1.62686e+06	0
1.62696e+06	0
1.62706e+06	0
1.62716e+06	0
1.62726e+06	0
1.62736e+06	0
1.62746e+06	0
1.62756e+06	0
1.62766e+06	0
1.62776e+06	0
1.62786e+06	0
1.62796e+06	0
1.62806e+06	0
1.62816e+06	0
1.62826e+06	0
1.62836e+06	0
1.62846e+06	0
1.62856e+06	0
1.62866e+06	0
1.62876e+06	0
1.62886e+06	0
1.62896e+06	0
1.62906e+06	0
1.62916e+06	0
1.62926e+06	0
1.62936e+06	0
1.62946e+06	0
1.62956e+06	0
1.62966e+06	0
1.62976e+06	0
1.62986e+06	0
1.62996e+06	0
1.63006e+06	0
1.63016e+06	0
1.63026e+06	0
1.63036e+06	0
1.63046e+06	0
1.63056e+06	0
1.63066e+06	0
1.63076e+06	0
1.63086e+06	0
1.63096e+06	0
1.63106e+06	0
1.63116e+06	0
1.63126e+06	0
1.63136e+06	0
1.63146e+06	0
1.63156e+06	0
1.63166e+06	0
1.63176e+06	0
1.63186e+06	0
1.63196e+06	0
1.63206e+06	0
1.63216e+06	0
1.63226e+06	0
1.63236e+06	0
1.63246e+06	0
1.63256e+06	0
1.63266e+06	0
1.63276e+06	0
1.63286e+06	0
1.63296e+06	0
1.63306e+06	0
1.63316e+06	0
1.63326e+06	0
1.63336e+06	0
1.63346e+06	0
1.63356e+06	0
1.63366e+06	0
1.63376e+06	0
1.63386e+06	0
1.63396e+06	0
1.63406e+06	0
1.63416e+06	0
1.63426e+06	0
1.63436e+06	0
1.63446e+06	0
1.63456e+06	0
1.63466e+06	0
1.63476e+06	0
1.63486e+06	0
1.63496e+06	0
1.63506e+06	0
1.63516e+06	0
1.63526e+06	0
1.63536e+06	0
1.63546e+06	0
1.63556e+06	0
1.63566e+06	0
1.63576e+06	0
1.63586e+06	0
1.63596e+06	0
1.63606e+06	0
1.63616e+06	0
1.63626e+06	0
1.63636e+06	0
1.63646e+06	0
1.63656e+06	0
1.63666e+06	0
1.63676e+06	0
1.63686e+06	0
1.63696e+06	0
1.63706e+06	0
1.63716e+06	0
1.63726e+06	0
1.63736e+06	0
1.63746e+06	0
1.63756e+06	0
1.63766e+06	0
1.63776e+06	0
1.63786e+06	0
1.63796e+06	0
1.63806e+06	0
1.63816e+06	0
1.63826e+06	0
1.63836e+06	0
1.63846e+06	0
1.63856e+06	0
1.63866e+06	0
1.63876e+06	0
1.63886e+06	0
1.63896e+06	0
1.63906e+06	0
1.63916e+06	0
1.63926e+06	0
1.63936e+06	0
1.63946e+06	0
1.63956e+06	0
1.63966e+06	0
1.63976e+06	0
1.63986e+06	0
1.63996e+06	0
1.64006e+06	0
1.64016e+06	0
1.64026e+06	0
1.64036e+06	0
1.64046e+06	0
1.64056e+06	0
1.64066e+06	0
1.64076e+06	0
1.64086e+06	0
1.64096e+06	0
1.64106e+06	0
1.64116e+06	0
1.64126e+06	0
1.64136e+06	0
1.64146e+06	0
1.64156e+06	0
1.64166e+06	0
1.64176e+06	0
1.64186e+06	0
1.64196e+06	0
1.64206e+06	0
1.64216e+06	0
1.64226e+06	0
1.64236e+06	0
1.64246e+06	0
1.64256e+06	0
1.64266e+06	0
1.64276e+06	0
1.64286e+06	0
1.64296e+06	0
1.64306e+06	0
1.64316e+06	0
1.64326e+06	0
1.64336e+06	0
1.64346e+06	0
1.64356e+06	0
1.64366e+06	0
1.64376e+06	0
1.64386e+06	0
1.64396e+06	0
1.64406e+06	0
1.64416e+06	0
1.64426e+06	0
1.64436e+06	0
1.64446e+06	0
1.64456e+06	0
1.64466e+06	0
1.64476e+06	0
1.64486e+06	0
1.64496e+06	0
1.64506e+06	0
1.64516e+06	0
1.64526e+06	0
1.64536e+06	0
1.64546e+06	0
1.64556e+06	0
1.64566e+06	0
1.64576e+06	0
1.64586e+06	0
1.64596e+06	0
1.64606e+06	0
1.64616e+06	0
1.64626e+06	0
1.64636e+06	0
1.64646e+06	0
1.64656e+06	0
1.64666e+06	0
1.64676e+06	0
1.64686e+06	0
1.64696e+06	0
1.64706e+06	0
1.64716e+06	0
1.64726e+06	0
1.64736e+06	0
1.64746e+06	0
1.64756e+06	0
1.64766e+06	0
1.64776e+06	0
1.64786e+06	0
1.64796e+06	0
1.64806e+06	0
1.64816e+06	0
1.64826e+06	0
1.64836e+06	0
1.64846e+06	0
1.64856e+06	0
1.64866e+06	0
1.64876e+06	0
1.64886e+06	0
1.64896e+06	0
1.64906e+06	0
1.64916e+06	0
1.64926e+06	0
1.64936e+06	0
1.64946e+06	0
1.64956e+06	0
1.64966e+06	0
1.64976e+06	0
1.64986e+06	0
1.64996e+06	0
1.65006e+06	0
1.65016e+06	0
1.65026e+06	0
1.65036e+06	0
1.65046e+06	0
1.65056e+06	0
1.65066e+06	0
1.65076e+06	0
1.65086e+06	0
1.65096e+06	0
1.65106e+06	0
1.65116e+06	0
1.65126e+06	0
1.65136e+06	0
1.65146e+06	0
1.65156e+06	0
1.65166e+06	0
1.65176e+06	0
1.65186e+06	0
1.65196e+06	0
1.65206e+06	0
1.65216e+06	0
1.65226e+06	0
1.65236e+06	0
1.65246e+06	0
1.65256e+06	0
1.65266e+06	0
1.65276e+06	0
1.65286e+06	0
1.65296e+06	0
1.65306e+06	0
1.65316e+06	0
1.65326e+06	0
1.65336e+06	0
1.65346e+06	0
1.65356e+06	0
1.65366e+06	0
1.65376e+06	0
1.65386e+06	0
1.65396e+06	0
1.65406e+06	0
1.65416e+06	0
1.65426e+06	0
1.65436e+06	0
1.65446e+06	0
1.65456e+06	0
1.65466e+06	0
1.65476e+06	0
1.65486e+06	0
1.65496e+06	0
1.65506e+06	0
1.65516e+06	0
1.65526e+06	0
1.65536e+06	0
1.65546e+06	0
1.65556e+06	0
1.65566e+06	0
1.65576e+06	0
1.65586e+06	0
1.65596e+06	0
1.65606e+06	0
1.65616e+06	0
1.65626e+06	0
1.65636e+06	0
1.65646e+06	0
1.65656e+06	0
1.65666e+06	0
1.65676e+06	0
1.65686e+06	0
1.65696e+06	0
1.65706e+06	0
1.65716e+06	0
1.65726e+06	0
1.65736e+06	0
1.65746e+06	0
1.65756e+06	0
1.65766e+06	0
1.65776e+06	0
1.65786e+06	0
1.65796e+06	0
1.65806e+06	0
1.65816e+06	0
1.65826e+06	0
1.65836e+06	0
1.65846e+06	0
1.65856e+06	0
1.65866e+06	0
1.65876e+06	0
1.65886e+06	0
1.65896e+06	0
1.65906e+06	0
1.65916e+06	0
1.65926e+06	0
1.65936e+06	0
1.65946e+06	0
1.65956e+06	0
1.65966e+06	0
1.65976e+06	0
1.65986e+06	0
1.65996e+06	0
1.66006e+06	0
1.66016e+06	0
1.66026e+06	0
1.66036e+06	0
1.66046e+06	0
1.66056e+06	0
1.66066e+06	0
1.66076e+06	0
1.66086e+06	0
1.66096e+06	0
1.66106e+06	0
1.66116e+06	0
1.66126e+06	0
1.66136e+06	0
1.66146e+06	0
1.66156e+06	0
1.66166e+06	0
1.66176e+06	0
1.66186e+06	0
1.66196e+06	0
1.66206e+06	0
1.66216e+06	0
1.66226e+06	0
1.66236e+06	0
1.66246e+06	0
1.66256e+06	0
1.66266e+06	0
1.66276e+06	0
1.66286e+06	0
1.66296e+06	0
1.66306e+06	0
1.66316e+06	0
1.66326e+06	0
1.66336e+06	0
1.66346e+06	0
1.66356e+06	0
1.66366e+06	0
1.66376e+06	0
1.66386e+06	0
1.66396e+06	0
1.66406e+06	0
1.66416e+06	0
1.66426e+06	0
1.66436e+06	0
1.66446e+06	0
1.66456e+06	0
1.66466e+06	0
1.66476e+06	0
1.66486e+06	0
1.66496e+06	0
1.66506e+06	0
1.66516e+06	0
1.66526e+06	0
1.66536e+06	0
1.66546e+06	0
1.66556e+06	0
1.66566e+06	0
1.66576e+06	0
1.66586e+06	0
1.66596e+06	0
1.66606e+06	0
1.66616e+06	0
1.66626e+06	0
1.66636e+06	0
1.66646e+06	0
1.66656e+06	0
1.66666e+06	0
1.66676e+06	0
1.66686e+06	0
1.66696e+06	0
1.66706e+06	0
1.66716e+06	0
1.66726e+06	0
1.66736e+06	0
1.66746e+06	0
1.66756e+06	0
1.66766e+06	0
1.66776e+06	0
1.66786e+06	0
1.66796e+06	0
1.66806e+06	0
1.66816e+06	0
1.66826e+06	0
1.66836e+06	0
1.66846e+06	0
1.66856e+06	0
1.66866e+06	0
1.66876e+06	0
1.66886e+06	0
1.66896e+06	0
1.66906e+06	0
1.66916e+06	0
1.66926e+06	0
1.66936e+06	0
1.66946e+06	0
1.66956e+06	0
1.66966e+06	0
1.66976e+06	0
1.66986e+06	0
1.66996e+06	0
1.67006e+06	0
1.67016e+06	0
1.67026e+06	0
1.67036e+06	0
1.67046e+06	0
1.67056e+06	0
1.67066e+06	0
1.67076e+06	0
1.67086e+06	0
1.67096e+06	0
1.67106e+06	0
1.67116e+06	0
1.67126e+06	0
1.67136e+06	0
1.67146e+06	0
1.67156e+06	0
1.67166e+06	0
1.67176e+06	0
1.67186e+06	0
1.67196e+06	0
1.67206e+06	0
1.67216e+06	0
1.67226e+06	0
1.67236e+06	0
1.67246e+06	0
1.67256e+06	0
1.67266e+06	0
1.67276e+06	0
1.67286e+06	0
1.67296e+06	0
1.67306e+06	0
1.67316e+06	0
1.67326e+06	0
1.67336e+06	0
1.67346e+06	0
1.67356e+06	0
1.67366e+06	0
1.67376e+06	0
1.67386e+06	0
1.67396e+06	0
1.67406e+06	0
1.67416e+06	0
1.67426e+06	0
1.67436e+06	0
1.67446e+06	0
1.67456e+06	0
1.67466e+06	0
1.67476e+06	0
1.67486e+06	0
1.67496e+06	0
1.67506e+06	0
1.67516e+06	0
1.67526e+06	0
1.67536e+06	0
1.67546e+06	0
1.67556e+06	0
1.67566e+06	0
1.67576e+06	0
1.67586e+06	0
1.67596e+06	0
1.67606e+06	0
1.67616e+06	0
1.67626e+06	0
1.67636e+06	0
1.67646e+06	0
1.67656e+06	0
1.67666e+06	0
1.67676e+06	0
1.67686e+06	0
1.67696e+06	0
1.67706e+06	0
1.67716e+06	0
1.67726e+06	0
1.67736e+06	0
1.67746e+06	0
1.67756e+06	0
1.67766e+06	0
1.67776e+06	0
1.67786e+06	0
1.67796e+06	0
1.67806e+06	0
1.67816e+06	0
1.67826e+06	0
1.67836e+06	0
1.67846e+06	0
1.67856e+06	0
1.67866e+06	0
1.67876e+06	0
1.67886e+06	0
1.67896e+06	0
1.67906e+06	0
1.67916e+06	0
1.67926e+06	0
1.67936e+06	0
1.67946e+06	0
1.67956e+06	0
1.67966e+06	0
1.67976e+06	0
1.67986e+06	0
1.67996e+06	0
1.68006e+06	0
1.68016e+06	0
1.68026e+06	0
1.68036e+06	0
1.68046e+06	0
1.68056e+06	0
1.68066e+06	0
1.68076e+06	0
1.68086e+06	0
1.68096e+06	0
1.68106e+06	0
1.68116e+06	0
1.68126e+06	0
1.68136e+06	0
1.68146e+06	0
1.68156e+06	0
1.68166e+06	0
1.68176e+06	0
1.68186e+06	0
1.68196e+06	0
1.68206e+06	0
1.68216e+06	0
1.68226e+06	0
1.68236e+06	0
1.68246e+06	0
1.68256e+06	0
1.68266e+06	0
1.68276e+06	0
1.68286e+06	0
1.68296e+06	0
1.68306e+06	0
1.68316e+06	0
1.68326e+06	0
1.68336e+06	0
1.68346e+06	0
1.68356e+06	0
1.68366e+06	0
1.68376e+06	0
1.68386e+06	0
1.68396e+06	0
1.68406e+06	0
1.68416e+06	0
1.68426e+06	0
1.68436e+06	0
1.68446e+06	0
1.68456e+06	0
1.68466e+06	0
1.68476e+06	0
1.68486e+06	0
1.68496e+06	0
1.68506e+06	0
1.68516e+06	0
1.68526e+06	0
1.68536e+06	0
1.68546e+06	0
1.68556e+06	0
1.68566e+06	0
1.68576e+06	0
1.68586e+06	0
1.68596e+06	0
1.68606e+06	0
1.68616e+06	0
1.68626e+06	0
1.68636e+06	0
1.68646e+06	0
1.68656e+06	0
1.68666e+06	0
1.68676e+06	0
1.68686e+06	0
1.68696e+06	0
1.68706e+06	0
1.68716e+06	0
1.68726e+06	0
1.68736e+06	0
1.68746e+06	0
1.68756e+06	0
1.68766e+06	0
1.68776e+06	0
1.68786e+06	0
1.68796e+06	0
1.68806e+06	0
1.68816e+06	0
1.68826e+06	0
1.68836e+06	0
1.68846e+06	0
1.68856e+06	0
1.68866e+06	0
1.68876e+06	0
1.68886e+06	0
1.68896e+06	0
1.68906e+06	0
1.68916e+06	0
1.68926e+06	0
1.68936e+06	0
1.68946e+06	0
1.68956e+06	0
1.68966e+06	0
1.68976e+06	0
1.68986e+06	0
1.68996e+06	0
1.69006e+06	0
1.69016e+06	0
1.69026e+06	0
1.69036e+06	0
1.69046e+06	0
1.69056e+06	0
1.69066e+06	0
1.69076e+06	0
1.69086e+06	0
1.69096e+06	0
1.69106e+06	0
1.69116e+06	0
1.69126e+06	0
1.69136e+06	0
1.69146e+06	0
1.69156e+06	0
1.69166e+06	0
1.69176e+06	0
1.69186e+06	0
1.69196e+06	0
1.69206e+06	0
1.69216e+06	0
1.69226e+06	0
1.69236e+06	0
1.69246e+06	0
1.69256e+06	0
1.69266e+06	0
1.69276e+06	0
1.69286e+06	0
1.69296e+06	0
1.69306e+06	0
1.69316e+06	0
1.69326e+06	0
1.69336e+06	0
1.69346e+06	0
1.69356e+06	0
1.69366e+06	0
1.69376e+06	0
1.69386e+06	0
1.69396e+06	0
1.69406e+06	0
1.69416e+06	0
1.69426e+06	0
1.69436e+06	0
1.69446e+06	0
1.69456e+06	0
1.69466e+06	0
1.69476e+06	0
1.69486e+06	0
1.69496e+06	0
1.69506e+06	0
1.69516e+06	0
1.69526e+06	0
1.69536e+06	0
1.69546e+06	0
1.69556e+06	0
1.69566e+06	0
1.69576e+06	0
1.69586e+06	0
1.69596e+06	0
1.69606e+06	0
1.69616e+06	0
1.69626e+06	0
1.69636e+06	0
1.69646e+06	0
1.69656e+06	0
1.69666e+06	0
1.69676e+06	0
1.69686e+06	0
1.69696e+06	0
1.69706e+06	0
1.69716e+06	0
1.69726e+06	0
1.69736e+06	0
1.69746e+06	0
1.69756e+06	0
1.69766e+06	0
1.69776e+06	0
1.69786e+06	0
1.69796e+06	0
1.69806e+06	0
1.69816e+06	0
1.69826e+06	0
1.69836e+06	0
1.69846e+06	0
1.69856e+06	0
1.69866e+06	0
1.69876e+06	0
1.69886e+06	0
1.69896e+06	0
1.69906e+06	0
1.69916e+06	0
1.69926e+06	0
1.69936e+06	0
1.69946e+06	0
1.69956e+06	0
1.69966e+06	0
1.69976e+06	0
1.69986e+06	0
1.69996e+06	0
1.70006e+06	0
1.70016e+06	0
1.70026e+06	0
1.70036e+06	0
1.70046e+06	0
1.70056e+06	0
1.70066e+06	0
1.70076e+06	0
1.70086e+06	0
1.70096e+06	0
1.70106e+06	0
1.70116e+06	0
1.70126e+06	0
1.70136e+06	0
1.70146e+06	0
1.70156e+06	0
1.70166e+06	0
1.70176e+06	0
1.70186e+06	0
1.70196e+06	0
1.70206e+06	0
1.70216e+06	0
1.70226e+06	0
1.70236e+06	0
1.70246e+06	0
1.70256e+06	0
1.70266e+06	0
1.70276e+06	0
1.70286e+06	0
1.70296e+06	0
1.70306e+06	0
1.70316e+06	0
1.70326e+06	0
1.70336e+06	0
1.70346e+06	0
1.70356e+06	0
1.70366e+06	0
1.70376e+06	0
1.70386e+06	0
1.70396e+06	0
1.70406e+06	0
1.70416e+06	0
1.70426e+06	0
1.70436e+06	0
1.70446e+06	0
1.70456e+06	0
1.70466e+06	0
1.70476e+06	0
1.70486e+06	0
1.70496e+06	0
1.70506e+06	0
1.70516e+06	0
1.70526e+06	0
1.70536e+06	0
1.70546e+06	0
1.70556e+06	0
1.70566e+06	0
1.70576e+06	0
1.70586e+06	0
1.70596e+06	0
1.70606e+06	0
1.70616e+06	0
1.70626e+06	0
1.70636e+06	0
1.70646e+06	0
1.70656e+06	0
1.70666e+06	0
1.70676e+06	0
1.70686e+06	0
1.70696e+06	0
1.70706e+06	0
1.70716e+06	0
1.70726e+06	0
1.70736e+06	0
1.70746e+06	0
1.70756e+06	0
1.70766e+06	0
1.70776e+06	0
1.70786e+06	0
1.70796e+06	0
1.70806e+06	0
1.70816e+06	0
1.70826e+06	0
1.70836e+06	0
1.70846e+06	0
1.70856e+06	0
1.70866e+06	0
1.70876e+06	0
1.70886e+06	0
1.70896e+06	0
1.70906e+06	0
1.70916e+06	0
1.70926e+06	0
1.70936e+06	0
1.70946e+06	0
1.70956e+06	0
1.70966e+06	0
1.70976e+06	0
1.70986e+06	0
1.70996e+06	0
1.71006e+06	0
1.71016e+06	0
1.71026e+06	0
1.71036e+06	0
1.71046e+06	0
1.71056e+06	0
1.71066e+06	0
1.71076e+06	0
1.71086e+06	0
1.71096e+06	0
1.71106e+06	0
1.71116e+06	0
1.71126e+06	0
1.71136e+06	0
1.71146e+06	0
1.71156e+06	0
1.71166e+06	0
1.71176e+06	0
1.71186e+06	0
1.71196e+06	0
1.71206e+06	0
1.71216e+06	0
1.71226e+06	0
1.71236e+06	0
1.71246e+06	0
1.71256e+06	0
1.71266e+06	0
1.71276e+06	0
1.71286e+06	0
1.71296e+06	0
1.71306e+06	0
1.71316e+06	0
1.71326e+06	0
1.71336e+06	0
1.71346e+06	0
1.71356e+06	0
1.71366e+06	0
1.71376e+06	0
1.71386e+06	0
1.71396e+06	0
1.71406e+06	0
1.71416e+06	0
1.71426e+06	0
1.71436e+06	0
1.71446e+06	0
1.71456e+06	0
1.71466e+06	0
1.71476e+06	0
1.71486e+06	0
1.71496e+06	0
1.71506e+06	0
1.71516e+06	0
1.71526e+06	0
1.71536e+06	0
1.71546e+06	0
1.71556e+06	0
1.71566e+06	0
1.71576e+06	0
1.71586e+06	0
1.71596e+06	0
1.71606e+06	0
1.71616e+06	0
1.71626e+06	0
1.71636e+06	0
1.71646e+06	0
1.71656e+06	0
1.71666e+06	0
1.71676e+06	0
1.71686e+06	0
1.71696e+06	0
1.71706e+06	0
1.71716e+06	0
1.71726e+06	0
1.71736e+06	0
1.71746e+06	0
1.71756e+06	0
1.71766e+06	0
1.71776e+06	0
1.71786e+06	0
1.71796e+06	0
1.71806e+06	0
1.71816e+06	0
1.71826e+06	0
1.71836e+06	0
1.71846e+06	0
1.71856e+06	0
1.71866e+06	0
1.71876e+06	0
1.71886e+06	0
1.71896e+06	0
1.71906e+06	0
1.71916e+06	0
1.71926e+06	0
1.71936e+06	0
1.71946e+06	0
1.71956e+06	0
1.71966e+06	0
1.71976e+06	0
1.71986e+06	0
1.71996e+06	0
1.72006e+06	0
1.72016e+06	0
1.72026e+06	0
1.72036e+06	0
1.72046e+06	0
1.72056e+06	0
1.72066e+06	0
1.72076e+06	0
1.72086e+06	0
1.72096e+06	0
1.72106e+06	0
1.72116e+06	0
1.72126e+06	0
1.72136e+06	0
1.72146e+06	0
1.72156e+06	0
1.72166e+06	0
1.72176e+06	0
1.72186e+06	0
1.72196e+06	0
1.72206e+06	0
1.72216e+06	0
1.72226e+06	0
1.72236e+06	0
1.72246e+06	0
1.72256e+06	0
1.72266e+06	0
1.72276e+06	0
1.72286e+06	0
1.72296e+06	0
1.72306e+06	0
1.72316e+06	0
1.72326e+06	0
1.72336e+06	0
1.72346e+06	0
1.72356e+06	0
1.72366e+06	0
1.72376e+06	0
1.72386e+06	0
1.72396e+06	0
1.72406e+06	0
1.72416e+06	0
1.72426e+06	0
1.72436e+06	0
1.72446e+06	0
1.72456e+06	0
1.72466e+06	0
1.72476e+06	0
1.72486e+06	0
1.72496e+06	0
1.72506e+06	0
1.72516e+06	0
1.72526e+06	0
1.72536e+06	0
1.72546e+06	0
1.72556e+06	0
1.72566e+06	0
1.72576e+06	0
1.72586e+06	0
1.72596e+06	0
1.72606e+06	0
1.72616e+06	0
1.72626e+06	0
1.72636e+06	0
1.72646e+06	0
1.72656e+06	0
1.72666e+06	0
1.72676e+06	0
1.72686e+06	0
1.72696e+06	0
1.72706e+06	0
1.72716e+06	0
1.72726e+06	0
1.72736e+06	0
1.72746e+06	0
1.72756e+06	0
1.72766e+06	0
1.72776e+06	0
1.72786e+06	0
1.72796e+06	0
1.72806e+06	0
1.72816e+06	0
1.72826e+06	0
1.72836e+06	0
1.72846e+06	0
1.72856e+06	0
1.72866e+06	0
1.72876e+06	0
1.72886e+06	0
1.72896e+06	0
1.72906e+06	0
1.72916e+06	0
1.72926e+06	0
1.72936e+06	0
1.72946e+06	0
1.72956e+06	0
1.72966e+06	0
1.72976e+06	0
1.72986e+06	0
1.72996e+06	0
1.73006e+06	0
1.73016e+06	0
1.73026e+06	0
1.73036e+06	0
1.73046e+06	0
1.73056e+06	0
1.73066e+06	0
1.73076e+06	0
1.73086e+06	0
1.73096e+06	0
1.73106e+06	0
1.73116e+06	0
1.73126e+06	0
1.73136e+06	0
1.73146e+06	0
1.73156e+06	0
1.73166e+06	0
1.73176e+06	0
1.73186e+06	0
1.73196e+06	0
1.73206e+06	0
1.73216e+06	0
1.73226e+06	0
1.73236e+06	0
1.73246e+06	0
1.73256e+06	0
1.73266e+06	0
1.73276e+06	0
1.73286e+06	0
1.73296e+06	0
1.73306e+06	0
1.73316e+06	0
1.73326e+06	0
1.73336e+06	0
1.73346e+06	0
1.73356e+06	0
1.73366e+06	0
1.73376e+06	0
1.73386e+06	0
1.73396e+06	0
1.73406e+06	0
1.73416e+06	0
1.73426e+06	0
1.73436e+06	0
1.73446e+06	0
1.73456e+06	0
1.73466e+06	0
1.73476e+06	0
1.73486e+06	0
1.73496e+06	0
1.73506e+06	0
1.73516e+06	0
1.73526e+06	0
1.73536e+06	0
1.73546e+06	0
1.73556e+06	0
1.73566e+06	0
1.73576e+06	0
1.73586e+06	0
1.73596e+06	0
1.73606e+06	0
1.73616e+06	0
1.73626e+06	0
1.73636e+06	0
1.73646e+06	0
1.73656e+06	0
1.73666e+06	0
1.73676e+06	0
1.73686e+06	0
1.73696e+06	0
1.73706e+06	0
1.73716e+06	0
1.73726e+06	0
1.73736e+06	0
1.73746e+06	0
1.73756e+06	0
1.73766e+06	0
1.73776e+06	0
1.73786e+06	0
1.73796e+06	0
1.73806e+06	0
1.73816e+06	0
1.73826e+06	0
1.73836e+06	0
1.73846e+06	0
1.73856e+06	0
1.73866e+06	0
1.73876e+06	0
1.73886e+06	0
1.73896e+06	0
1.73906e+06	0
1.73916e+06	0
1.73926e+06	0
1.73936e+06	0
1.73946e+06	0
1.73956e+06	0
1.73966e+06	0
1.73976e+06	0
1.73986e+06	0
1.73996e+06	0
1.74006e+06	0
1.74016e+06	0
1.74026e+06	0
1.74036e+06	0
1.74046e+06	0
1.74056e+06	0
1.74066e+06	0
1.74076e+06	0
1.74086e+06	0
1.74096e+06	0
1.74106e+06	0
1.74116e+06	0
1.74126e+06	0
1.74136e+06	0
1.74146e+06	0
1.74156e+06	0
1.74166e+06	0
1.74176e+06	0
1.74186e+06	0
1.74196e+06	0
1.74206e+06	0
1.74216e+06	0
1.74226e+06	0
1.74236e+06	0
1.74246e+06	0
1.74256e+06	0
1.74266e+06	0
1.74276e+06	0
1.74286e+06	0
1.74296e+06	0
1.74306e+06	0
1.74316e+06	0
1.74326e+06	0
1.74336e+06	0
1.74346e+06	0
1.74356e+06	0
1.74366e+06	0
1.74376e+06	0
1.74386e+06	0
1.74396e+06	0
1.74406e+06	0
1.74416e+06	0
1.74426e+06	0
1.74436e+06	0
1.74446e+06	0
1.74456e+06	0
1.74466e+06	0
1.74476e+06	0
1.74486e+06	0
1.74496e+06	0
1.74506e+06	0
1.74516e+06	0
1.74526e+06	0
1.74536e+06	0
1.74546e+06	0
1.74556e+06	0
1.74566e+06	0
1.74576e+06	0
1.74586e+06	0
1.74596e+06	0
1.74606e+06	0
1.74616e+06	0
1.74626e+06	0
1.74636e+06	0
1.74646e+06	0
1.74656e+06	0
1.74666e+06	0
1.74676e+06	0
1.74686e+06	0
1.74696e+06	0
1.74706e+06	0
1.74716e+06	0
1.74726e+06	0
1.74736e+06	0
1.74746e+06	0
1.74756e+06	0
1.74766e+06	0
1.74776e+06	0
1.74786e+06	0
1.74796e+06	0
1.74806e+06	0
1.74816e+06	0
1.74826e+06	0
1.74836e+06	0
1.74846e+06	0
1.74856e+06	0
1.74866e+06	0
1.74876e+06	0
1.74886e+06	0
1.74896e+06	0
1.74906e+06	0
1.74916e+06	0
1.74926e+06	0
1.74936e+06	0
1.74946e+06	0
1.74956e+06	0
1.74966e+06	0
1.74976e+06	0
1.74986e+06	0
1.74996e+06	0
1.75006e+06	0
1.75016e+06	0
1.75026e+06	0
1.75036e+06	0
1.75046e+06	0
1.75056e+06	0
1.75066e+06	0
1.75076e+06	0
1.75086e+06	0
1.75096e+06	0
1.75106e+06	0
1.75116e+06	0
1.75126e+06	0
1.75136e+06	0
1.75146e+06	0
1.75156e+06	2.47033e-323
1.75166e+06	1.07706e-321
1.75176e+06	4.97425e-320
1.75186e+06	2.27658e-318
1.75196e+06	1.03157e-316
1.75206e+06	4.62779e-315
1.75216e+06	2.05544e-313
1.75226e+06	9.03843e-312
1.75236e+06	3.93494e-310
1.75246e+06	1.69606e-308
1.75256e+06	7.23769e-307
1.75266e+06	3.05785e-305
1.75276e+06	1.27906e-303
1.75286e+06	5.29689e-302
1.75296e+06	2.17174e-300
1.75306e+06	8.81563e-299
1.75316e+06	3.54287e-297
1.75326e+06	1.40966e-295
1.75336e+06	5.55303e-294
1.75346e+06	2.16572e-292
1.75356e+06	8.36244e-291
1.75366e+06	3.19683e-289
1.75376e+06	1.20994e-287
1.75386e+06	4.53383e-286
1.75396e+06	1.68199e-284
1.75406e+06	6.17787e-283
1.75416e+06	2.24652e-281
1.75426e+06	8.08799e-280
1.75436e+06	2.88288e-278
1.75446e+06	1.01735e-276
1.75456e+06	3.55444e-275
1.75466e+06	1.2295e-273
1.75476e+06	4.2106e-272
1.75486e+06	1.42763e-270
1.75496e+06	4.7923e-269
1.75506e+06	1.59269e-267
1.75516e+06	5.2405e-266
1.75526e+06	1.70715e-264
1.75536e+06	5.50592e-263
1.75546e+06	1.7581e-261
1.75556e+06	5.55796e-260
1.75566e+06	1.73958e-258
1.75576e+06	5.39049e-257
1.75586e+06	1.65375e-255
1.75596e+06	5.02308e-254
1.75606e+06	1.51052e-252
1.75616e+06	4.49718e-251
1.75626e+06	1.32559e-249
1.75636e+06	3.86846e-248
1.75646e+06	1.11769e-246
1.75656e+06	3.19716e-245
1.75666e+06	9.05447e-244
1.75676e+06	2.53874e-242
1.75686e+06	7.04745e-241
1.75696e+06	1.93688e-239
1.75706e+06	5.27022e-238
1.75716e+06	1.41975e-236
1.75726e+06	3.78664e-235
1.75736e+06	9.99889e-234
1.75746e+06	2.61401e-232
1.75756e+06	6.7658e-231
1.75766e+06	1.73376e-229
1.75776e+06	4.39861e-228
1.75786e+06	1.10484e-226
1.75796e+06	2.74751e-225
1.75806e+06	6.76451e-224
1.75816e+06	1.64889e-222
1.75826e+06	3.97926e-221
1.75836e+06	9.50761e-220
1.75846e+06	2.24904e-218
1.75856e+06	5.2672e-217
1.75866e+06	1.22129e-215
1.75876e+06	2.8036e-214
1.75886e+06	6.37192e-213
1.75896e+06	1.43378e-211
1.75906e+06	3.19411e-210
1.75916e+06	7.0449e-209
1.75926e+06	1.53836e-207
1.75936e+06	3.3258e-206
1.75946e+06	7.11856e-205
1.75956e+06	1.5085e-203
1.75966e+06	3.16487e-202
1.75976e+06	6.57391e-201
1.75986e+06	1.35191e-199
1.75996e+06	2.75251e-198
1.76006e+06	5.54841e-197
1.76016e+06	1.1073e-195
1.76026e+06	2.18785e-194
1.76036e+06	4.27983e-193
1.76046e+06	8.28883e-192
1.76056e+06	1.58934e-190
1.76066e+06	3.01716e-189
1.76076e+06	5.67069e-188
1.76086e+06	1.05519e-186
1.76096e+06	1.94394e-185
1.76106e+06	3.54562e-184
1.76116e+06	6.40263e-183
1.76126e+06	1.14467e-181
1.76136e+06	2.02611e-180
1.76146e+06	3.55058e-179
1.76156e+06	6.16019e-178
1.76166e+06	1.05815e-176
1.76176e+06	1.79951e-175
1.76186e+06	3.02984e-174
1.76196e+06	5.05059e-173
1.76206e+06	8.33532e-172
1.76216e+06	1.36194e-170
1.76226e+06	2.20319e-169
1.76236e+06	3.52861e-168
1.76246e+06	5.59515e-167
1.76256e+06	8.78368e-166
1.76266e+06	1.36521e-164
1.76276e+06	2.10077e-163
1.76286e+06	3.20047e-162
1.76296e+06	4.82733e-161
1.76306e+06	7.20871e-160
1.76316e+06	1.06577e-158
1.76326e+06	1.56002e-157
1.76336e+06	2.26074e-156
1.76346e+06	3.24361e-155
1.76356e+06	4.60749e-154
1.76366e+06	6.47973e-153
1.76376e+06	9.02208e-152
1.76386e+06	1.24369e-150
1.76396e+06	1.69737e-149
1.76406e+06	2.2935e-148
1.76416e+06	3.06815e-147
1.76426e+06	4.0636e-146
1.76436e+06	5.32847e-145
1.76446e+06	6.91754e-144
1.76456e+06	8.89115e-143
1.76466e+06	1.13141e-141
1.76476e+06	1.42542e-140
1.76486e+06	1.77795e-139
1.76496e+06	2.1956e-138
1.76506e+06	2.68438e-137
1.76516e+06	3.24932e-136
1.76526e+06	3.89402e-135
1.76536e+06	4.6202e-134
1.76546e+06	5.42726e-133
1.76556e+06	6.31186e-132
1.76566e+06	7.2676e-131
1.76576e+06	8.28479e-130
1.76586e+06	9.35038e-129
1.76596e+06	1.0448e-127
1.76606e+06	1.15584e-126
1.76616e+06	1.26595e-125
1.76626e+06	1.37275e-124
1.76636e+06	1.47375e-123
1.76646e+06	1.56644e-122
1.76656e+06	1.6484e-121
1.76666e+06	1.71738e-120
1.76676e+06	1.77144e-119
1.76686e+06	1.80903e-118
1.76696e+06	1.82903e-117
1.76706e+06	1.83085e-116
1.76716e+06	1.81444e-115
1.76726e+06	1.78029e-114
1.76736e+06	1.72939e-113
1.76746e+06	1.66324e-112
1.76756e+06	1.5837e-111
1.76766e+06	1.49295e-110
1.76776e+06	1.39341e-109
1.76786e+06	1.28756e-108
1.76796e+06	1.17791e-107
1.76806e+06	1.06688e-106
1.76816e+06	9.56701e-106
1.76826e+06	8.49363e-105
1.76836e+06	7.46565e-104
1.76846e+06	6.49679e-103
1.76856e+06	5.59741e-102
1.76866e+06	4.77455e-101
1.76876e+06	4.03213e-100
1.76886e+06	3.37128e-99
1.76896e+06	2.79069e-98
1.76906e+06	2.2871e-97
1.76916e+06	1.85573e-96
1.76926e+06	1.49074e-95
1.76936e+06	1.18563e-94
1.76946e+06	9.33576e-94
1.76956e+06	7.27794e-93
1.76966e+06	5.61726e-92
1.76976e+06	4.29237e-91
1.76986e+06	3.24734e-90
1.76996e+06	2.43228e-89
1.77006e+06	1.80368e-88
1.77016e+06	1.32422e-87
1.77026e+06	9.62538e-87
1.77036e+06	6.92681e-86
1.77046e+06	4.93521e-85
1.77056e+06	3.48125e-84
1.77066e+06	2.4312e-83
1.77076e+06	1.68099e-82
1.77086e+06	1.15071e-81
1.77096e+06	7.79872e-81
1.77106e+06	5.23285e-80
1.77116e+06	3.47624e-79
1.77126e+06	2.28633e-78
1.77136e+06	1.48876e-77
1.77146e+06	9.5977e-77
1.77156e+06	6.12586e-76
1.77166e+06	3.87101e-75
1.77176e+06	2.4218e-74
1.77186e+06	1.50006e-73
1.77196e+06	9.19893e-73
1.77206e+06	5.58499e-72
1.77216e+06	3.35711e-71
1.77226e+06	1.99786e-70
1.77236e+06	1.17712e-69
1.77246e+06	6.86648e-69
1.77256e+06	3.96556e-68
1.77266e+06	2.26742e-67
1.77276e+06	1.28356e-66
1.77286e+06	7.19381e-66
1.77296e+06	3.9917e-65
1.77306e+06	2.19287e-64
1.77316e+06	1.19269e-63
1.77326e+06	6.42238e-63
1.77336e+06	3.42391e-62
1.77346e+06	1.8072e-61
1.77356e+06	9.44383e-61
1.77366e+06	4.88592e-60
1.77376e+06	2.50266e-59
1.77386e+06	1.26915e-58
1.77396e+06	6.3721e-58
1.77406e+06	3.16745e-57
1.77416e+06	1.55881e-56
1.77426e+06	7.59509e-56
1.77436e+06	3.66379e-55
1.77446e+06	1.74979e-54
1.77456e+06	8.27364e-54
1.77466e+06	3.87316e-53
1.77476e+06	1.79511e-52
1.77486e+06	8.23709e-52
1.77496e+06	3.74209e-51
1.77506e+06	1.6831e-50
1.77516e+06	7.49488e-50
1.77526e+06	3.30427e-49
1.77536e+06	1.44226e-48
1.77546e+06	6.23259e-48
1.77556e+06	2.66656e-47
1.77566e+06	1.12951e-46
1.77576e+06	4.73681e-46
1.77586e+06	1.96671e-45
1.77596e+06	8.08444e-45
1.77606e+06	3.29016e-44
1.77616e+06	1.32569e-43
1.77626e+06	5.28839e-43
1.77636e+06	2.08863e-42
1.77646e+06	8.16691e-42
1.77656e+06	3.16163e-41
1.77666e+06	1.21177e-40
1.77676e+06	4.59819e-40
1.77686e+06	1.72747e-39
1.77696e+06	6.42528e-39
1.77706e+06	2.36608e-38
1.77716e+06	8.62631e-38
1.77726e+06	3.1137e-37
1.77736e+06	1.11272e-36
1.77746e+06	3.93688e-36
1.77756e+06	1.37904e-35
1.77766e+06	4.78251e-35
1.77776e+06	1.64208e-34
1.77786e+06	5.58198e-34
1.77796e+06	1.87862e-33
1.77806e+06	6.25962e-33
1.77816e+06	2.06497e-32
1.77826e+06	6.74429e-32
1.77836e+06	2.1808e-31
1.77846e+06	6.98157e-31
1.77856e+06	2.21282e-30
1.77866e+06	6.9438e-30
1.77876e+06	2.15727e-29
1.77886e+06	6.63545e-29
1.77896e+06	2.02066e-28
1.77906e+06	6.09216e-28
1.77916e+06	1.81848e-27
1.77926e+06	5.37404e-27
1.77936e+06	1.57236e-26
1.77946e+06	4.55469e-26
1.77956e+06	1.30624e-25
1.77966e+06	3.70889e-25
1.77976e+06	1.04261e-24
1.77986e+06	2.90174e-24
1.77996e+06	7.9956e-24
1.78006e+06	2.18123e-23
1.78016e+06	5.89125e-23
1.78026e+06	1.57533e-22
1.78036e+06	4.17054e-22
1.78046e+06	1.09312e-21
1.78056e+06	2.83664e-21
1.78066e+06	7.2878e-21
1.78076e+06	1.85373e-20
1.78086e+06	4.66823e-20
1.78096e+06	1.1639e-19
1.78106e+06	2.873e-19
1.78116e+06	7.02122e-19
1.78126e+06	1.69882e-18
1.78136e+06	4.06947e-18
1.78146e+06	9.65132e-18
1.78156e+06	2.26617e-17
1.78166e+06	5.26811e-17
1.78176e+06	1.21248e-16
1.78186e+06	2.76281e-16
1.78196e+06	6.23282e-16
1.78206e+06	1.39212e-15
1.78216e+06	3.07839e-15
1.78226e+06	6.7395e-15
1.78236e+06	1.4608e-14
1.78246e+06	3.13479e-14
1.78256e+06	6.66016e-14
1.78266e+06	1.40094e-13
1.78276e+06	2.91748e-13
1.78286e+06	6.01527e-13
1.78296e+06	1.22789e-12
1.78306e+06	2.48154e-12
1.78316e+06	4.96523e-12
1.78326e+06	9.83592e-12
1.78336e+06	1.92907e-11
1.78346e+06	3.74573e-11
1.78356e+06	7.20085e-11
1.78366e+06	1.37053e-10
1.78376e+06	2.58255e-10
1.78386e+06	4.81799e-10
1.78396e+06	8.899e-10
1.78406e+06	1.62732e-09
1.78416e+06	2.9462e-09
1.78426e+06	5.28091e-09
1.78436e+06	9.37156e-09
1.78446e+06	1.64654e-08
1.78456e+06	2.86411e-08
1.78466e+06	4.93248e-08
1.78476e+06	8.41003e-08
1.78486e+06	1.41967e-07
1.78496e+06	2.37265e-07
1.78506e+06	3.92589e-07
1.78516e+06	6.43132e-07
1.78526e+06	1.04308e-06
1.78536e+06	1.67493e-06
1.78546e+06	2.66276e-06
1.78556e+06	4.19106e-06
1.78566e+06	6.53094e-06
1.78576e+06	1.00759e-05
1.78586e+06	1.53906e-05
1.78596e+06	2.32747e-05
1.78606e+06	3.48475e-05
1.78616e+06	5.16561e-05
1.78626e+06	7.58111e-05
1.78636e+06	0.000110156
1.78646e+06	0.000158469
1.78656e+06	0.000225709
1.78666e+06	0.000318289
1.78676e+06	0.00044439
1.78686e+06	0.000614301
1.78696e+06	0.000840768
1.78706e+06	0.00113934
1.78716e+06	0.0015287
1.78726e+06	0.00203088
1.78736e+06	0.0026715
1.78746e+06	0.0034797
1.78756e+06	0.0044881
1.78766e+06	0.00573235
1.78776e+06	0.00725063
1.78786e+06	0.00908276
1.78796e+06	0.0112692
1.78806e+06	0.0138498
1.78816e+06	0.0168623
1.78826e+06	0.0203412
1.78836e+06	0.0243164
1.78846e+06	0.0288121
1.78856e+06	0.0338468
1.78866e+06	0.039433
1.78876e+06	0.0455787
1.78886e+06	0.0522897
1.78896e+06	0.0595727
1.78906e+06	0.0674398
1.78916e+06	0.075914
1.78926e+06	0.0850357
1.78936e+06	0.0948689
1.78946e+06	0.105508
1.78956e+06	0.117084
1.78966e+06	0.129766
1.78976e+06	0.143768
1.78986e+06	0.159343
1.78996e+06	0.176778
1.79006e+06	0.196387
1.79016e+06	0.218497
1.79026e+06	0.243426
1.79036e+06	0.271463
1.79046e+06	0.302845
1.79056e+06	0.337723
1.79066e+06	0.37614
1.79076e+06	0.418007
1.79086e+06	0.463075
1.79096e+06	0.510926
1.79106e+06	0.560962
1.79116e+06	0.61241
1.79126e+06	0.664332
1.79136e+06	0.715652
1.79146e+06	0.765188
1.79156e+06	0.811694
1.79166e+06	0.853915
1.79176e+06	0.890638
1.79186e+06	0.920747
1.79196e+06	0.94328
1.79206e+06	0.957473
1.79216e+06	0.962801
1.79226e+06	0.959003
1.79236e+06	0.946098
1.79246e+06	0.924381
1.79256e+06	0.894413
1.79266e+06	0.856988
1.79276e+06	0.8131
1.79286e+06	0.763891
1.79296e+06	0.710598
1.79306e+06	0.654506
1.79316e+06	0.596888
1.79326e+06	0.538957
1.79336e+06	0.48183
1.79346e+06	0.426489
1.79356e+06	0.373759
1.79366e+06	0.324297
1.79376e+06	0.278587
1.79386e+06	0.236943
1.79396e+06	0.199521
1.79406e+06	0.16634
1.79416e+06	0.137298
1.79426e+06	0.112199
1.79436e+06	0.0907774
1.79446e+06	0.072715
1.79456e+06	0.0576672
1.79466e+06	0.0452785
1.79476e+06	0.0351976
1.79486e+06	0.0270889
1.79496e+06	0.0206409
1.79506e+06	0.0155712
1.79516e+06	0.0116299
1.79526e+06	0.00859972
1.79536e+06	0.0062958
1.79546e+06	0.00456326
1.79556e+06	0.00327459
1.79566e+06	0.00232646
1.79576e+06	0.0016364
1.79586e+06	0.00113958
1.79596e+06	0.000785693
1.79606e+06	0.000536315
1.79616e+06	0.000362447
1.79626e+06	0.000242508
1.79636e+06	0.000160644
1.79646e+06	0.000105356
1.79656e+06	6.84087e-05
1.79666e+06	4.39765e-05
1.79676e+06	2.7989e-05
1.79686e+06	1.76364e-05
1.79696e+06	1.10025e-05
1.79706e+06	6.79563e-06
1.79716e+06	4.15551e-06
1.79726e+06	2.5158e-06
1.79736e+06	1.50794e-06
1.79746e+06	8.94852e-07
1.79756e+06	5.25744e-07
1.79766e+06	3.05812e-07
1.79776e+06	1.76113e-07
1.79786e+06	1.00412e-07
1.79796e+06	5.6681e-08
1.79806e+06	3.16771e-08
1.79816e+06	1.75271e-08
1.79826e+06	9.60137e-09
1.79836e+06	5.2073e-09
1.79846e+06	2.79608e-09
1.79856e+06	1.48643e-09
1.79866e+06	7.82337e-10
1.79876e+06	4.07663e-10
1.79886e+06	2.10313e-10
1.79896e+06	1.07421e-10
1.79906e+06	5.43209e-11
1.79916e+06	2.71959e-11
1.79926e+06	1.34802e-11
1.79936e+06	6.61525e-12
1.79946e+06	3.21406e-12
1.79956e+06	1.54603e-12
1.79966e+06	7.36273e-13
1.79976e+06	3.4715e-13
1.79986e+06	1.62051e-13
1.79996e+06	7.48936e-14
1.80006e+06	3.42684e-14
1.80016e+06	1.55239e-14
1.80026e+06	6.96249e-15
1.80036e+06	3.09161e-15
1.80046e+06	1.35914e-15
1.80056e+06	5.91558e-16
1.80066e+06	2.54911e-16
1.80076e+06	1.08752e-16
1.80086e+06	4.5935e-17
1.80096e+06	1.92091e-17
1.80106e+06	7.95293e-18
1.80116e+06	3.2599e-18
1.80126e+06	1.32293e-18
1.80136e+06	5.31532e-19
1.80146e+06	2.11435e-19
1.80156e+06	8.32689e-20
1.80166e+06	3.24672e-20
1.80176e+06	1.25333e-20
1.80186e+06	4.79006e-21
1.80196e+06	1.81249e-21
1.80206e+06	6.78993e-22
1.80216e+06	2.51833e-22
1.80226e+06	9.24736e-23
1.80236e+06	3.36187e-23
1.80246e+06	1.21007e-23
1.80256e+06	4.31297e-24
1.80266e+06	1.52418e-24
1.80276e+06	5.39597e-25
1.80286e+06	2.06821e-25
1.80296e+06	1.26926e-25
1.80306e+06	1.97217e-25
1.80316e+06	4.85659e-25
1.80326e+06	1.29117e-24
1.80336e+06	3.43744e-24
1.80346e+06	9.07322e-24
1.80356e+06	2.37148e-23
1.80366e+06	6.13684e-23
1.80376e+06	1.57227e-22
1.80386e+06	3.98812e-22
1.80396e+06	1.00153e-21
1.80406e+06	2.49012e-21
1.80416e+06	6.1296e-21
1.80426e+06	1.49383e-20
1.80436e+06	3.60435e-20
1.80446e+06	8.61012e-20
1.80456e+06	2.03633e-19
1.80466e+06	4.76811e-19
1.80476e+06	1.10535e-18
1.80486e+06	2.53694e-18
1.80496e+06	5.76473e-18
1.80506e+06	1.29689e-17
1.80516e+06	2.88859e-17
1.80526e+06	6.36979e-17
1.80536e+06	1.39066e-16
1.80546e+06	3.0059e-16
1.80556e+06	6.43258e-16
1.80566e+06	1.36286e-15
1.80576e+06	2.85876e-15
1.80586e+06	5.93689e-15
1.80596e+06	1.22067e-14
1.80606e+06	2.48481e-14
1.80616e+06	5.00778e-14
1.80626e+06	9.99207e-14
1.80636e+06	1.97389e-13
1.80646e+06	3.86052e-13
1.80656e+06	7.47527e-13
1.80666e+06	1.43306e-12
1.80676e+06	2.71994e-12
1.80686e+06	5.11107e-12
1.80696e+06	9.5087e-12
1.80706e+06	1.75141e-11
1.80716e+06	3.19382e-11
1.80726e+06	5.76622e-11
1.80736e+06	1.03069e-10
1.80746e+06	1.82399e-10
1.80756e+06	3.19576e-10
1.80766e+06	5.54348e-10
1.80776e+06	9.52025e-10
1.80786e+06	1.61872e-09
1.80796e+06	2.7249e-09
1.80806e+06	4.54138e-09
1.80816e+06	7.49344e-09
1.80826e+06	1.22414e-08
1.80836e+06	1.97989e-08
1.80846e+06	3.17033e-08
1.80856e+06	5.02605e-08
1.80866e+06	7.88871e-08
1.80876e+06	1.22586e-07
1.80886e+06	1.88597e-07
1.80896e+06	2.87267e-07
1.80906e+06	4.33204e-07
1.80916e+06	6.46781e-07
1.80926e+06	9.56046e-07
1.80936e+06	1.39913e-06
1.80946e+06	2.02718e-06
1.80956e+06	2.90794e-06
1.80966e+06	4.12986e-06
1.80976e+06	5.80686e-06
1.80986e+06	8.08361e-06
1.80996e+06	1.1141e-05
1.81006e+06	1.52021e-05
1.81016e+06	2.05371e-05
1.81026e+06	2.74682e-05
1.81036e+06	3.63731e-05
1.81046e+06	4.76855e-05
1.81056e+06	6.18941e-05
1.81066e+06	7.9537e-05
1.81076e+06	0.000101192
1.81086e+06	0.000127462
1.81096e+06	0.000158954
1.81106e+06	0.000196255
1.81116e+06	0.000239898
1.81126e+06	0.000290328
1.81136e+06	0.000347863
1.81146e+06	0.000412653
1.81156e+06	0.000484639
1.81166e+06	0.00056352
1.81176e+06	0.000648719
1.81186e+06	0.00073937
1.81196e+06	0.000834303
1.81206e+06	0.000932057
1.81216e+06	0.0010309
1.81226e+06	0.00112889
1.81236e+06	0.00122389
1.81246e+06	0.00131368
1.81256e+06	0.00139602
1.81266e+06	0.00146877
1.81276e+06	0.00152993
1.81286e+06	0.00157779
1.81296e+06	0.00161094
1.81306e+06	0.00162843
1.81316e+06	0.00162973
1.81326e+06	0.00161481
1.81336e+06	0.00158409
1.81346e+06	0.0015385
1.81356e+06	0.00147936
1.81366e+06	0.00140833
1.81376e+06	0.00132738
1.81386e+06	0.00123863
1.81396e+06	0.00114431
1.81406e+06	0.00104665
1.81416e+06	0.000947808
1.81426e+06	0.000849757
1.81436e+06	0.000754268
1.81446e+06	0.000662848
1.81456e+06	0.000576713
1.81466e+06	0.000496777
1.81476e+06	0.000423664
1.81486e+06	0.000357715
1.81496e+06	0.000299028
1.81506e+06	0.000247481
1.81516e+06	0.000202782
1.81526e+06	0.000164503
1.81536e+06	0.000132122
1.81546e+06	0.000105059
1.81556e+06	8.27086e-05
1.81566e+06	6.4465e-05
1.81576e+06	4.97455e-05
1.81586e+06	3.8005e-05
1.81596e+06	2.87465e-05
1.81606e+06	2.15271e-05
1.81616e+06	1.59604e-05
1.81626e+06	1.17155e-05
1.81636e+06	8.51396e-06
1.81646e+06	6.12578e-06
1.81656e+06	4.36363e-06
1.81666e+06	3.07745e-06
1.81676e+06	2.14878e-06
1.81686e+06	1.48542e-06
1.81696e+06	1.01663e-06
1.81706e+06	6.88867e-07
1.81716e+06	4.6213e-07
1.81726e+06	3.06938e-07
1.81736e+06	2.01833e-07
1.81746e+06	1.31399e-07
1.81756e+06	8.46935e-08
1.81766e+06	5.40461e-08
1.81776e+06	3.41456e-08
1.81786e+06	2.13581e-08
1.81796e+06	1.32266e-08
1.81806e+06	8.10944e-09
1.81816e+06	4.92255e-09
1.81826e+06	2.95833e-09
1.81836e+06	1.76019e-09
1.81846e+06	1.03688e-09
1.81856e+06	6.04725e-10
1.81866e+06	3.49175e-10
1.81876e+06	1.99611e-10
1.81886e+06	1.12975e-10
1.81896e+06	6.33051e-11
1.81906e+06	3.51198e-11
1.81916e+06	1.92895e-11
1.81926e+06	1.04893e-11
1.81936e+06	5.64719e-12
1.81946e+06	3.01005e-12
1.81956e+06	1.58844e-12
1.81966e+06	8.29902e-13
1.81976e+06	4.29278e-13
1.81986e+06	2.19841e-13
1.81996e+06	1.11464e-13
1.82006e+06	5.59523e-14
1.82016e+06	2.78073e-14
1.82026e+06	1.36822e-14
1.82036e+06	6.66515e-15
1.82046e+06	3.21456e-15
1.82056e+06	1.53494e-15
1.82066e+06	7.25632e-16
1.82076e+06	3.39626e-16
1.82086e+06	1.57379e-16
1.82096e+06	7.22082e-17
1.82106e+06	3.28151e-17
1.82116e+06	1.48005e-17
1.82126e+06	6.69836e-18
1.82136e+06	3.21978e-18
1.82146e+06	2.05404e-18
1.82156e+06	2.44751e-18
1.82166e+06	4.75999e-18
1.82176e+06	1.07654e-17
1.82186e+06	2.49265e-17
1.82196e+06	5.7497e-17
1.82206e+06	1.31455e-16
1.82216e+06	2.97617e-16
1.82226e+06	6.67142e-16
1.82236e+06	1.48062e-15
1.82246e+06	3.2534e-15
1.82256e+06	7.07774e-15
1.82266e+06	1.52447e-14
1.82276e+06	3.25095e-14
1.82286e+06	6.86391e-14
1.82296e+06	1.43484e-13
1.82306e+06	2.96966e-13
1.82316e+06	6.08534e-13
1.82326e+06	1.23463e-12
1.82336e+06	2.48011e-12
1.82346e+06	4.93268e-12
1.82356e+06	9.71357e-12
1.82366e+06	1.89392e-11
1.82376e+06	3.65625e-11
1.82386e+06	6.98882e-11
1.82396e+06	1.32273e-10
1.82406e+06	2.4788e-10
1.82416e+06	4.59961e-10
1.82426e+06	8.45117e-10
1.82436e+06	1.53757e-09
1.82446e+06	2.77003e-09
1.82456e+06	4.94164e-09
1.82466e+06	8.72987e-09
1.82476e+06	1.52722e-08
1.82486e+06	2.64588e-08
1.82496e+06	4.53963e-08
1.82506e+06	7.71382e-08
1.82516e+06	1.29818e-07
1.82526e+06	2.16388e-07
1.82536e+06	3.57259e-07
1.82546e+06	5.84264e-07
1.82556e+06	9.46529e-07
1.82566e+06	1.51909e-06
1.82576e+06	2.41539e-06
1.82586e+06	3.8052e-06
1.82596e+06	5.94002e-06
1.82606e+06	9.18872e-06
1.82616e+06	1.40871e-05
1.82626e+06	2.14056e-05
1.82636e+06	3.2242e-05
1.82646e+06	4.81454e-05
1.82656e+06	7.12815e-05
1.82666e+06	0.000104651
1.82676e+06	0.000152376
1.82686e+06	0.000220064
1.82696e+06	0.000315287
1.82706e+06	0.000448178
1.82716e+06	0.000632185
1.82726e+06	0.00088501
1.82736e+06	0.00122977
1.82746e+06	0.0016964
1.82756e+06	0.00232336
1.82766e+06	0.00315964
1.82776e+06	0.00426713
1.82786e+06	0.00572331
1.82796e+06	0.00762432
1.82806e+06	0.0100883
1.82816e+06	0.0132591
1.82826e+06	0.0173096
1.82836e+06	0.0224457
1.82846e+06	0.0289092
1.82856e+06	0.0369804
1.82866e+06	0.0469795
1.82876e+06	0.0592662
1.82886e+06	0.0742371
1.82896e+06	0.0923207
1.82906e+06	0.113969
1.82916e+06	0.139644
1.82926e+06	0.169805
1.82936e+06	0.204882
1.82946e+06	0.245258
1.82956e+06	0.291236
1.82966e+06	0.343014
1.82976e+06	0.400647
1.82986e+06	0.464025
1.82996e+06	0.532838
1.83006e+06	0.606558
1.83016e+06	0.684427
1.83026e+06	0.765443
1.83036e+06	0.84838
1.83046e+06	0.931795
1.83056e+06	1.01407
1.83066e+06	1.09346
1.83076e+06	1.16814
1.83086e+06	1.23628
1.83096e+06	1.29612
1.83106e+06	1.34606
1.83116e+06	1.38469
1.83126e+06	1.41088
1.83136e+06	1.42387
1.83146e+06	1.42324
1.83156e+06	1.40897
1.83166e+06	1.38146
1.83176e+06	1.34147
1.83186e+06	1.2901
1.83196e+06	1.22876
1.83206e+06	1.15907
1.83216e+06	1.08281
1.83226e+06	1.00185
1.83236e+06	0.918045
1.83246e+06	0.833193
1.83256e+06	0.748957
1.83266e+06	0.666824
1.83276e+06	0.588063
1.83286e+06	0.513704
1.83296e+06	0.444529
1.83306e+06	0.381076
1.83316e+06	0.323651
1.83326e+06	0.272354
1.83336e+06	0.227106
1.83346e+06	0.187682
1.83356e+06	0.153744
1.83366e+06	0.124877
1.83376e+06	0.100616
1.83386e+06	0.0804741
1.83396e+06	0.0639699
1.83406e+06	0.0506415
1.83416e+06	0.0400635
1.83426e+06	0.0318578
1.83436e+06	0.0256998
1.83446e+06	0.0213233
1.83456e+06	0.0185215
1.83466e+06	0.0171473
1.83476e+06	0.0171109
1.83486e+06	0.0183769
1.83496e+06	0.0209601
1.83506e+06	0.0249202
1.83516e+06	0.0303555
1.83526e+06	0.0373952
1.83536e+06	0.0461909
1.83546e+06	0.0569059
1.83556e+06	0.0697038
1.83566e+06	0.0847355
1.83576e+06	0.102125
1.83586e+06	0.121955
1.83596e+06	0.144252
1.83606e+06	0.168971
1.83616e+06	0.195986
1.83626e+06	0.225078
1.83636e+06	0.255929
1.83646e+06	0.288121
1.83656e+06	0.321141
1.83666e+06	0.354388
1.83676e+06	0.387187
1.83686e+06	0.418814
1.83696e+06	0.448517
1.83706e+06	0.475549
1.83716e+06	0.499193
1.83726e+06	0.518799
1.83736e+06	0.53381
1.83746e+06	0.54379
1.83756e+06	0.548445
1.83766e+06	0.547636
1.83776e+06	0.541387
1.83786e+06	0.529885
1.83796e+06	0.513466
1.83806e+06	0.492605
1.83816e+06	0.467889
1.83826e+06	0.439992
1.83836e+06	0.40964
1.83846e+06	0.377588
1.83856e+06	0.344581
1.83866e+06	0.31133
1.83876e+06	0.278488
1.83886e+06	0.246633
1.83896e+06	0.216248
1.83906e+06	0.187719
1.83916e+06	0.161333
1.83926e+06	0.137276
1.83936e+06	0.115644
1.83946e+06	0.0964519
1.83956e+06	0.0796442
1.83966e+06	0.065111
1.83976e+06	0.0527001
1.83986e+06	0.0422304
1.83996e+06	0.033504
1.84006e+06	0.0263163
1.84016e+06	0.0204649
1.84026e+06	0.0157563
1.84036e+06	0.0120103
1.84046e+06	0.00906378
1.84056e+06	0.00677209
1.84066e+06	0.00500949
1.84076e+06	0.00366878
1.84086e+06	0.00266015
1.84096e+06	0.00190962
1.84106e+06	0.00135721
1.84116e+06	0.000954998
1.84126e+06	0.000665297
1.84136e+06	0.000458866
1.84146e+06	0.000313338
1.84156e+06	0.000211835
1.84166e+06	0.000141788
1.84176e+06	9.39586e-05
1.84186e+06	6.16442e-05
1.84196e+06	4.00409e-05
1.84206e+06	2.57498e-05
1.84216e+06	1.63946e-05
1.84226e+06	1.03344e-05
1.84236e+06	6.44948e-06
1.84246e+06	3.98494e-06
1.84256e+06	2.43768e-06
1.84266e+06	1.47635e-06
1.84276e+06	8.85233e-07
1.84286e+06	5.25513e-07
1.84296e+06	3.08863e-07
1.84306e+06	1.79724e-07
1.84316e+06	1.03539e-07
1.84326e+06	5.90551e-08
1.84336e+06	3.33479e-08
1.84346e+06	1.86439e-08
1.84356e+06	1.03196e-08
1.84366e+06	5.65515e-09
1.84376e+06	3.0682e-09
1.84386e+06	1.64809e-09
1.84396e+06	8.76463e-10
1.84406e+06	4.61471e-10
1.84416e+06	2.40554e-10
1.84426e+06	1.24147e-10
1.84436e+06	6.34335e-11
1.84446e+06	3.20891e-11
1.84456e+06	1.60714e-11
1.84466e+06	7.96904e-12
1.84476e+06	3.91215e-12
1.84486e+06	1.90144e-12
1.84496e+06	9.1497e-13
1.84506e+06	4.35901e-13
1.84516e+06	2.05601e-13
1.84526e+06	9.60111e-14
1.84536e+06	4.43888e-14
1.84546e+06	2.03181e-14
1.84556e+06	9.20766e-15
1.84566e+06	4.13117e-15
1.84576e+06	1.83507e-15
1.84586e+06	8.07032e-16
1.84596e+06	3.51387e-16
1.84606e+06	1.51474e-16
1.84616e+06	6.46466e-17
1.84626e+06	2.73157e-17
1.84636e+06	1.14271e-17
1.84646e+06	4.73276e-18
1.84656e+06	1.94067e-18
1.84666e+06	7.87853e-19
1.84676e+06	3.16662e-19
1.84686e+06	1.2601e-19
1.84696e+06	4.96443e-20
1.84706e+06	1.93638e-20
1.84716e+06	7.47775e-21
1.84726e+06	2.85895e-21
1.84736e+06	1.08218e-21
1.84746e+06	4.05556e-22
1.84756e+06	1.50473e-22
1.84766e+06	5.52743e-23
1.84776e+06	2.01023e-23
1.84786e+06	7.23808e-24
1.84796e+06	2.58023e-24
1.84806e+06	9.10651e-25
1.84816e+06	3.18201e-25
1.84826e+06	1.1008e-25
1.84836e+06	3.77027e-26
1.84846e+06	1.27848e-26
1.84856e+06	4.29212e-27
1.84866e+06	1.42661e-27
1.84876e+06	4.69461e-28
1.84886e+06	1.52951e-28
1.84896e+06	4.93403e-29
1.84906e+06	1.57724e-29
1.84916e+06	5.03673e-30
1.84926e+06	1.73373e-30
1.84936e+06	1.02647e-30
1.84946e+06	1.82283e-30
1.84956e+06	5.15553e-30
1.84966e+06	1.54547e-29
1.84976e+06	4.61947e-29
1.84986e+06	1.36801e-28
1.84996e+06	4.0112e-28
1.85006e+06	1.16445e-27
1.85016e+06	3.34674e-27
1.85026e+06	9.52318e-27
1.85036e+06	2.68286e-26
1.85046e+06	7.48294e-26
1.85056e+06	2.06635e-25
1.85066e+06	5.64925e-25
1.85076e+06	1.5291e-24
1.85086e+06	4.09768e-24
1.85096e+06	1.08717e-23
1.85106e+06	2.8557e-23
1.85116e+06	7.42653e-23
1.85126e+06	1.91212e-22
1.85136e+06	4.8742e-22
1.85146e+06	1.23012e-21
1.85156e+06	3.07361e-21
1.85166e+06	7.60339e-21
1.85176e+06	1.86219e-20
1.85186e+06	4.51539e-20
1.85196e+06	1.08399e-19
1.85206e+06	2.57639e-19
1.85216e+06	6.06255e-19
1.85226e+06	1.41239e-18
1.85236e+06	3.25772e-18
1.85246e+06	7.43924e-18
1.85256e+06	1.6819e-17
1.85266e+06	3.76469e-17
1.85276e+06	8.34287e-17
1.85286e+06	1.83045e-16
1.85296e+06	3.97611e-16
1.85306e+06	8.55098e-16
1.85316e+06	1.82066e-15
1.85326e+06	3.83797e-15
1.85336e+06	8.00995e-15
1.85346e+06	1.65506e-14
1.85356e+06	3.38577e-14
1.85366e+06	6.85736e-14
1.85376e+06	1.37503e-13
1.85386e+06	2.72978e-13
1.85396e+06	5.36535e-13
1.85406e+06	1.04406e-12
1.85416e+06	2.01145e-12
1.85426e+06	3.83665e-12
1.85436e+06	7.24521e-12
1.85446e+06	1.35459e-11
1.85456e+06	2.50738e-11
1.85466e+06	4.59505e-11
1.85476e+06	8.33714e-11
1.85486e+06	1.49762e-10
1.85496e+06	2.66344e-10
1.85506e+06	4.68965e-10
1.85516e+06	8.17516e-10
1.85526e+06	1.41094e-09
1.85536e+06	2.41089e-09
1.85546e+06	4.07854e-09
1.85556e+06	6.83106e-09
1.85566e+06	1.13274e-08
1.85576e+06	1.85963e-08
1.85586e+06	3.0226e-08
1.85596e+06	4.86399e-08
1.85606e+06	7.74928e-08
1.85616e+06	1.22233e-07
1.85626e+06	1.90884e-07
1.85636e+06	2.95128e-07
1.85646e+06	4.51759e-07
1.85656e+06	6.84639e-07
1.85666e+06	1.02724e-06
1.85676e+06	1.52595e-06
1.85686e+06	2.24422e-06
1.85696e+06	3.26775e-06
1.85706e+06	4.71072e-06
1.85716e+06	6.72333e-06
1.85726e+06	9.50031e-06
1.85736e+06	1.32907e-05
1.85746e+06	1.84084e-05
1.85756e+06	2.5243e-05
1.85766e+06	3.42706e-05
1.85776e+06	4.60639e-05
1.85786e+06	6.12995e-05
1.85796e+06	8.07625e-05
1.85806e+06	0.000105346
1.85816e+06	0.000136046
1.85826e+06	0.000173944
1.85836e+06	0.000220187
1.85846e+06	0.00027595
1.85856e+06	0.000342393
1.85866e+06	0.000420608
1.85876e+06	0.000511548
1.85886e+06	0.00061596
1.85896e+06	0.000734305
1.85906e+06	0.000866676
1.85916e+06	0.00101273
1.85926e+06	0.00117163
1.85936e+06	0.00134196
1.85946e+06	0.00152177
1.85956e+06	0.0017085
1.85966e+06	0.00189906
1.85976e+06	0.00208986
1.85986e+06	0.00227696
1.85996e+06	0.00245611
1.86006e+06	0.00262301
1.86016e+06	0.00277337
1.86026e+06	0.00290317
1.86036e+06	0.00300881
1.86046e+06	0.00308727
1.86056e+06	0.00313625
1.86066e+06	0.00315431
1.86076e+06	0.0031409
1.86086e+06	0.00309643
1.86096e+06	0.00302222
1.86106e+06	0.00292044
1.86116e+06	0.002794
1.86126e+06	0.00264644
1.86136e+06	0.00248173
1.86146e+06	0.00230412
1.86156e+06	0.00211793
1.86166e+06	0.00192742
1.86176e+06	0.00173659
1.86186e+06	0.00154908
1.86196e+06	0.00136807
1.86206e+06	0.00119619
1.86216e+06	0.0010355
1.86226e+06	0.000887477
1.86236e+06	0.000753044
1.86246e+06	0.000632617
1.86256e+06	0.00052616
1.86266e+06	0.000433264
1.86276e+06	0.000353219
1.86286e+06	0.000285097
1.86296e+06	0.000227823
1.86306e+06	0.000180244
1.86316e+06	0.000141182
1.86326e+06	0.000109486
1.86336e+06	8.40604e-05
1.86346e+06	6.38973e-05
1.86356e+06	4.80873e-05
1.86366e+06	3.58291e-05
1.86376e+06	2.643e-05
1.86386e+06	1.93026e-05
1.86396e+06	1.3957e-05
1.86406e+06	9.99139e-06
1.86416e+06	7.08135e-06
1.86426e+06	4.96894e-06
1.86436e+06	3.45198e-06
1.86446e+06	2.37427e-06
1.86456e+06	1.61677e-06
1.86466e+06	1.08999e-06
1.86476e+06	7.27539e-07
1.86486e+06	4.80779e-07
1.86496e+06	3.14552e-07
1.86506e+06	2.03749e-07
1.86516e+06	1.30664e-07
1.86526e+06	8.29613e-08
1.86536e+06	5.21497e-08
1.86546e+06	3.24554e-08
1.86556e+06	1.99981e-08
1.86566e+06	1.22006e-08
1.86576e+06	7.37115e-09
1.86586e+06	4.41285e-09
1.86596e+06	2.62321e-09
1.86606e+06	1.55931e-09
1.86616e+06	9.48437e-10
1.86626e+06	6.31087e-10
1.86636e+06	5.27683e-10
1.86646e+06	6.241e-10
1.86656e+06	9.75175e-10
1.86666e+06	1.72958e-09
1.86676e+06	3.18536e-09
1.86686e+06	5.894e-09
1.86696e+06	1.08444e-08
1.86706e+06	1.97792e-08
1.86716e+06	3.57298e-08
1.86726e+06	6.39081e-08
1.86736e+06	1.13175e-07
1.86746e+06	1.98431e-07
1.86756e+06	3.4445e-07
1.86766e+06	5.91971e-07
1.86776e+06	1.00724e-06
1.86786e+06	1.69676e-06
1.86796e+06	2.82988e-06
1.86806e+06	4.67275e-06
1.86816e+06	7.63896e-06
1.86826e+06	1.23638e-05
1.86836e+06	1.98121e-05
1.86846e+06	3.14315e-05
1.86856e+06	4.93692e-05
1.86866e+06	7.67725e-05
1.86876e+06	0.000118199
1.86886e+06	0.000180168
1.86896e+06	0.000271893
1.86906e+06	0.000406236
1.86916e+06	0.000600918
1.86926e+06	0.000880055
1.86936e+06	0.00127603
1.86946e+06	0.00183177
1.86956e+06	0.00260339
1.86966e+06	0.00366323
1.86976e+06	0.00510325
1.86986e+06	0.00703861
1.86996e+06	0.00961137
1.87006e+06	0.0129939
1.87016e+06	0.0173922
1.87026e+06	0.0230475
1.87036e+06	0.030238
1.87046e+06	0.0392771
1.87056e+06	0.0505107
1.87066e+06	0.0643109
1.87076e+06	0.081067
1.87086e+06	0.101172
1.87096e+06	0.125007
1.87106e+06	0.152921
1.87116e+06	0.185208
1.87126e+06	0.222079
1.87136e+06	0.263641
1.87146e+06	0.309868
1.87156e+06	0.360577
1.87166e+06	0.41541
1.87176e+06	0.473821
1.87186e+06	0.535068
1.87196e+06	0.598222
1.87206e+06	0.662176
1.87216e+06	0.725675
1.87226e+06	0.787353
1.87236e+06	0.845775
1.87246e+06	0.899494
1.87256e+06	0.94711
1.87266e+06	0.987326
1.87276e+06	1.01901
1.87286e+06	1.04126
1.87296e+06	1.0534
1.87306e+06	1.05509
1.87316e+06	1.04628
1.87326e+06	1.02722
1.87336e+06	0.998484
1.87346e+06	0.960905
1.87356e+06	0.915551
1.87366e+06	0.863672
1.87376e+06	0.806643
1.87386e+06	0.745901
1.87396e+06	0.682891
1.87406e+06	0.619008
1.87416e+06	0.555544
1.87426e+06	0.493656
1.87436e+06	0.434331
1.87446e+06	0.37837
1.87456e+06	0.32638
1.87466e+06	0.278774
1.87476e+06	0.23579
1.87486e+06	0.197497
1.87496e+06	0.163829
1.87506e+06	0.1346
1.87516e+06	0.109541
1.87526e+06	0.0883156
1.87536e+06	0.0705504
1.87546e+06	0.0558538
1.87556e+06	0.0438337
1.87566e+06	0.0341118
1.87576e+06	0.0263337
1.87586e+06	0.0201763
1.87596e+06	0.0153514
1.87606e+06	0.0116075
1.87616e+06	0.00872908
1.87626e+06	0.00653526
1.87636e+06	0.00487637
1.87646e+06	0.00363074
1.87656e+06	0.00270093
1.87666e+06	0.00201011
1.87676e+06	0.00149848
1.87686e+06	0.00112017
1.87696e+06	0.000840383
1.87706e+06	0.00063308
1.87716e+06	0.000478938
1.87726e+06	0.000363765
1.87736e+06	0.000277207
1.87746e+06	0.000211747
1.87756e+06	0.000161941
1.87766e+06	0.000123843
1.87776e+06	9.45781e-05
1.87786e+06	7.20396e-05
1.87796e+06	5.46643e-05
1.87806e+06	4.12794e-05
1.87816e+06	3.09928e-05
1.87826e+06	2.31179e-05
1.87836e+06	1.71202e-05
1.87846e+06	1.25807e-05
1.87856e+06	9.16949e-06
1.87866e+06	6.62626e-06
1.87876e+06	4.74622e-06
1.87886e+06	3.36885e-06
1.87896e+06	2.36912e-06
1.87906e+06	1.65043e-06
1.87916e+06	1.13884e-06
1.87926e+06	7.78287e-07
1.87936e+06	5.26742e-07
1.87946e+06	3.53028e-07
1.87956e+06	2.34291e-07
1.87966e+06	1.53963e-07
1.87976e+06	1.00181e-07
1.87986e+06	6.45426e-08
1.87996e+06	4.11714e-08
1.88006e+06	2.6003e-08
1.88016e+06	1.62603e-08
1.88026e+06	1.00671e-08
1.88036e+06	6.1709e-09
