55659.4	1.21125e-07
55759.4	1.98706e-07
55859.4	3.22733e-07
55959.4	5.1896e-07
56059.4	8.26192e-07
56159.4	1.30222e-06
56259.4	2.03211e-06
56359.4	3.13954e-06
56459.4	4.80223e-06
56559.4	7.27238e-06
56659.4	1.09035e-05
56759.4	1.61851e-05
56859.4	2.37861e-05
56959.4	3.46088e-05
57059.4	4.9855e-05
57159.4	7.11031e-05
57259.4	0.000100398
57359.4	0.000140354
57459.4	0.000194259
57559.4	0.000266193
57659.4	0.000361139
57759.4	0.000485079
57859.4	0.000645079
57959.4	0.000849331
58059.4	0.00110715
58159.4	0.00142891
58259.4	0.00182588
58359.4	0.00231
58459.4	0.00289355
58559.4	0.00358865
58659.4	0.00440678
58759.4	0.00535808
58859.4	0.00645065
58959.4	0.00768984
59059.4	0.0090775
59159.4	0.0106113
59259.4	0.0122844
59359.4	0.0140846
59459.4	0.015995
59559.4	0.0179935
59659.4	0.0200538
59759.4	0.0221464
59859.4	0.0242391
59959.4	0.0262996
60059.4	0.0282964
60159.4	0.030201
60259.4	0.03199
60359.4	0.0336463
60459.4	0.0351611
60559.4	0.0365346
60659.4	0.0377766
60759.4	0.0389066
60859.4	0.0399523
60959.4	0.0409489
61059.4	0.0419363
61159.4	0.0429568
61259.4	0.0440517
61359.4	0.0452586
61459.4	0.0466073
61559.4	0.0481177
61659.4	0.0497969
61759.4	0.0516374
61859.4	0.0536162
61959.4	0.0556951
62059.4	0.0578217
62159.4	0.0599311
62259.4	0.0619494
62359.4	0.0637969
62459.4	0.0653925
62559.4	0.0666579
62659.4	0.0675219
62759.4	0.0679246
62859.4	0.0678203
62959.4	0.0671804
63059.4	0.0659945
63159.4	0.0642716
63259.4	0.0620387
63359.4	0.05934
63459.4	0.0562338
63559.4	0.0527902
63659.4	0.0490868
63759.4	0.0452058
63859.4	0.0412295
63959.4	0.0372376
64059.4	0.0333039
64159.4	0.0294938
64259.4	0.0258629
64359.4	0.0224555
64459.4	0.0193045
64559.4	0.0164315
64659.4	0.0138477
64759.4	0.0115544
64859.4	0.00954536
64959.4	0.00780735
65059.4	0.00632239
65159.4	0.00506901
65259.4	0.00402371
65359.4	0.00316223
65459.4	0.00246048
65559.4	0.00189542
65659.4	0.00144561
65759.4	0.00109158
65859.4	0.000816054
65959.4	0.000604005
66059.4	0.000442608
66159.4	0.000321112
66259.4	0.000230649
66359.4	0.000164023
66459.4	0.000115482
66559.4	8.04972e-05
66659.4	5.55527e-05
66759.4	3.79565e-05
66859.4	2.56759e-05
66959.4	1.71958e-05
67059.4	1.14018e-05
67159.4	7.48488e-06
67259.4	4.86466e-06
67359.4	3.13024e-06
67459.4	1.99415e-06
67559.4	1.25776e-06
67659.4	7.85404e-07
67759.4	4.85564e-07
67859.4	2.97205e-07
67959.4	1.80104e-07
68059.4	1.08056e-07
68159.4	6.41843e-08
68259.4	3.77456e-08
68359.4	2.19767e-08
68459.4	1.26682e-08
68559.4	7.22976e-09
68659.4	4.08498e-09
68759.4	2.28515e-09
68859.4	1.26559e-09
68959.4	6.93956e-10
69059.4	3.76727e-10
69159.4	2.02478e-10
69259.4	1.07743e-10
69359.4	5.67614e-11
69459.4	2.96058e-11
69559.4	1.52882e-11
69659.4	7.81615e-12
69759.4	3.95628e-12
69859.4	1.98261e-12
69959.4	9.83663e-13
70059.4	4.83183e-13
70159.4	2.34982e-13
70259.4	1.13139e-13
70359.4	5.39324e-14
70459.4	2.54533e-14
70559.4	1.18931e-14
70659.4	5.50176e-15
70759.4	2.5198e-15
70859.4	1.14258e-15
70959.4	5.1294e-16
71059.4	2.27983e-16
71159.4	1.00322e-16
71259.4	4.37064e-17
71359.4	1.88518e-17
71459.4	8.05038e-18
71559.4	3.40359e-18
71659.4	1.42467e-18
71759.4	5.90406e-19
71859.4	2.42238e-19
71959.4	9.83993e-20
72059.4	3.9573e-20
72159.4	1.57566e-20
72259.4	6.2113e-21
72359.4	2.42415e-21
72459.4	9.36687e-22
72559.4	3.58332e-22
72659.4	1.35717e-22
72759.4	5.08909e-23
72859.4	1.88931e-23
72959.4	6.94421e-24
73059.4	2.52697e-24
73159.4	9.10404e-25
73259.4	3.24732e-25
73359.4	1.14676e-25
73459.4	4.00939e-26
73559.4	1.38784e-26
73659.4	4.75619e-27
73759.4	1.61375e-27
73859.4	5.42087e-28
73959.4	1.80285e-28
74059.4	5.93631e-29
74159.4	1.93557e-29
74259.4	6.25977e-30
74359.4	2.0414e-30
74459.4	7.77204e-31
74559.4	6.58528e-31
74659.4	1.50252e-30
74759.4	4.48164e-30
74859.4	1.36877e-29
74959.4	4.15303e-29
75059.4	1.24797e-28
75159.4	3.7129e-28
75259.4	1.09366e-27
75359.4	3.18939e-27
75459.4	9.20854e-27
75559.4	2.63227e-26
75659.4	7.44951e-26
75759.4	2.08729e-25
75859.4	5.79019e-25
75959.4	1.59024e-24
76059.4	4.32401e-24
76159.4	1.16404e-23
76259.4	3.10247e-23
76359.4	8.18662e-23
76459.4	2.13874e-22
76559.4	5.53183e-22
76659.4	1.41656e-21
76759.4	3.59138e-21
76859.4	9.01452e-21
76959.4	2.24017e-20
77059.4	5.51159e-20
77159.4	1.34255e-19
77259.4	3.23772e-19
77359.4	7.73048e-19
77459.4	1.82739e-18
77559.4	4.27673e-18
77659.4	9.90946e-18
77759.4	2.27324e-17
77859.4	5.16294e-17
77959.4	1.16093e-16
78059.4	2.58448e-16
78159.4	5.69635e-16
78259.4	1.24302e-15
78359.4	2.68543e-15
78459.4	5.74393e-15
78559.4	1.21636e-14
78659.4	2.55017e-14
78759.4	5.2934e-14
78859.4	1.08782e-13
78959.4	2.21329e-13
79059.4	4.45835e-13
79159.4	8.89137e-13
79259.4	1.75558e-12
79359.4	3.43185e-12
79459.4	6.64191e-12
79559.4	1.27267e-11
79659.4	2.41432e-11
79759.4	4.53451e-11
79859.4	8.43188e-11
79959.4	1.5523e-10
80059.4	2.82932e-10
80159.4	5.1056e-10
80259.4	9.12156e-10
80359.4	1.61342e-09
80459.4	2.82543e-09
80559.4	4.89866e-09
80659.4	8.40868e-09
80759.4	1.42901e-08
80859.4	2.40437e-08
80959.4	4.00519e-08
81059.4	6.60545e-08
81159.4	1.07855e-07
81259.4	1.74355e-07
81359.4	2.79053e-07
81459.4	4.42178e-07
81559.4	6.93689e-07
81659.4	1.07744e-06
81759.4	1.65682e-06
81859.4	2.52243e-06
81959.4	3.8021e-06
82059.4	5.67395e-06
82159.4	8.38319e-06
82259.4	1.22629e-05
82359.4	1.77599e-05
82459.4	2.54654e-05
82559.4	3.61515e-05
82659.4	5.08123e-05
82759.4	7.071e-05
82859.4	9.74239e-05
82959.4	0.0001329
83059.4	0.000179501
83159.4	0.000240046
83259.4	0.000317844
83359.4	0.000416713
83459.4	0.000540968
83559.4	0.000695395
83659.4	0.000885184
83759.4	0.00111583
83859.4	0.00139299
83959.4	0.00172234
84059.4	0.00210932
84159.4	0.00255899
84259.4	0.00307576
84359.4	0.00366325
84459.4	0.00432408
84559.4	0.00505986
84659.4	0.00587119
84759.4	0.00675784
84859.4	0.00771904
84959.4	0.00875402
85059.4	0.00986257
85159.4	0.0110459
85259.4	0.0123075
85359.4	0.0136543
85459.4	0.0150972
85559.4	0.0166524
85659.4	0.018342
85759.4	0.020194
85859.4	0.0222432
85959.4	0.0245298
86059.4	0.0270991
86159.4	0.03
86259.4	0.0332831
86359.4	0.0369982
86459.4	0.0411918
86559.4	0.0459046
86659.4	0.0511685
86759.4	0.0570048
86859.4	0.0634223
86959.4	0.0704165
87059.4	0.0779703
87159.4	0.0860551
87259.4	0.094634
87359.4	0.103667
87459.4	0.113114
87559.4	0.122945
87659.4	0.133148
87759.4	0.143733
87859.4	0.154748
87959.4	0.166281
88059.4	0.178472
88159.4	0.191519
88259.4	0.205683
88359.4	0.221292
88459.4	0.238742
88559.4	0.258493
88659.4	0.281065
88759.4	0.307029
88859.4	0.336991
88959.4	0.371578
89059.4	0.411415
89159.4	0.457101
89259.4	0.509176
89359.4	0.568098
89459.4	0.634202
89559.4	0.707674
89659.4	0.788517
89759.4	0.876525
89859.4	0.97126
89959.4	1.07204
90059.4	1.17793
90159.4	1.28774
90259.4	1.40008
90359.4	1.51332
90459.4	1.62569
90559.4	1.7353
90659.4	1.84021
90759.4	1.93849
90859.4	2.02826
90959.4	2.1078
91059.4	2.17557
91159.4	2.2303
91259.4	2.27098
91359.4	2.29694
91459.4	2.30786
91559.4	2.30374
91659.4	2.28491
91759.4	2.25201
91859.4	2.20596
91959.4	2.14791
92059.4	2.07916
92159.4	2.0012
92259.4	1.91554
92359.4	1.82377
92459.4	1.72745
92559.4	1.62809
92659.4	1.52714
92759.4	1.42593
92859.4	1.32566
92959.4	1.22742
93059.4	1.13215
93159.4	1.04064
93259.4	0.953527
93359.4	0.871332
93459.4	0.794422
93559.4	0.723038
93659.4	0.657299
93759.4	0.597207
93859.4	0.542663
93959.4	0.493473
94059.4	0.44936
94159.4	0.409981
94259.4	0.374943
94359.4	0.343811
94459.4	0.316132
94559.4	0.291448
94659.4	0.269311
94759.4	0.249299
94859.4	0.231022
94959.4	0.214141
95059.4	0.198366
95159.4	0.183462
95259.4	0.169253
95359.4	0.155613
95459.4	0.142469
95559.4	0.129788
95659.4	0.117571
95759.4	0.105845
95859.4	0.0946534
95959.4	0.0840493
96059.4	0.0740854
96159.4	0.0648096
96259.4	0.0562598
96359.4	0.0484607
96459.4	0.0414221
96559.4	0.0351387
96659.4	0.0295903
96759.4	0.0247443
96859.4	0.0205571
96959.4	0.0169772
97059.4	0.0139477
97159.4	0.0114091
97259.4	0.0093014
97359.4	0.00756629
97459.4	0.00614871
97559.4	0.00499795
97659.4	0.00406848
97759.4	0.00332028
97859.4	0.00271888
97959.4	0.00223523
98059.4	0.00184522
98159.4	0.00152927
98259.4	0.00127169
98359.4	0.00106014
98459.4	0.000885002
98559.4	0.000738909
98659.4	0.000616233
98759.4	0.000512698
98859.4	0.000425039
98959.4	0.00035074
99059.4	0.000287823
99159.4	0.000234693
99259.4	0.000190025
99359.4	0.000152691
99459.4	0.000121704
99559.4	9.61882e-05
99659.4	7.53575e-05
99759.4	5.85076e-05
99859.4	4.50082e-05
99959.4	3.43001e-05
100059	2.58922e-05
100159	1.93583e-05
100259	1.43336e-05
100359	1.05101e-05
100459	7.63126e-06
100559	5.48668e-06
100659	3.906e-06
100759	2.75329e-06
100859	1.9216e-06
100959	1.32787e-06
101059	9.08499e-07
101159	6.15414e-07
101259	4.12743e-07
101359	2.74068e-07
101459	1.80179e-07
101559	1.17277e-07
101659	7.55754e-08
101759	4.82182e-08
101859	3.0458e-08
101959	1.90481e-08
102059	1.1794e-08
102159	7.22984e-09
102259	4.38789e-09
102359	2.63658e-09
102459	1.56853e-09
102559	9.23886e-10
102659	5.38846e-10
102759	3.11295e-10
102859	1.7832e-10
102959	1.01636e-10
103059	5.82743e-11
103159	3.47413e-11
103259	2.34222e-11
103359	2.04607e-11
103459	2.46197e-11
103559	3.68428e-11
103659	6.03876e-11
103759	1.01525e-10
103859	1.70912e-10
103959	2.85859e-10
104059	4.73866e-10
104159	7.77965e-10
104259	1.26463e-09
104359	2.03536e-09
104459	3.24322e-09
104559	5.11649e-09
104659	7.99142e-09
104759	1.23576e-08
104859	1.89191e-08
104959	2.86763e-08
105059	4.30333e-08
105159	6.39355e-08
105259	9.40453e-08
105359	1.36958e-07
105459	1.97468e-07
105559	2.8188e-07
105659	3.9837e-07
105759	5.574e-07
105859	7.72154e-07
105959	1.05901e-06
106059	1.43797e-06
106159	1.93312e-06
106259	2.5729e-06
106359	3.39036e-06
106459	4.42309e-06
106559	5.71297e-06
106659	7.30561e-06
106759	9.24927e-06
106859	1.15935e-05
106959	1.43874e-05
107059	1.76769e-05
107159	2.15024e-05
107259	2.58955e-05
107359	3.08761e-05
107459	3.64484e-05
107559	4.25985e-05
107659	4.92912e-05
107759	5.64686e-05
107859	6.40485e-05
107959	7.19244e-05
108059	7.99676e-05
108159	8.80293e-05
108259	9.59451e-05
108359	0.000103541
108459	0.000110639
108559	0.000117065
108659	0.000122661
108759	0.000127285
108859	0.000130827
108959	0.000133212
109059	0.000134406
109159	0.000134422
109259	0.000133322
109359	0.000131217
109459	0.000128266
109559	0.000124674
109659	0.000120685
109759	0.000116579
109859	0.000112659
109959	0.000109247
110059	0.000106674
110159	0.000105268
110259	0.000105341
110359	0.000107187
110459	0.000111061
110559	0.000117175
110659	0.000125684
110759	0.00013668
110859	0.000150179
110959	0.000166116
111059	0.000184339
111159	0.000204609
111259	0.000226596
111359	0.000249886
111459	0.000273991
111559	0.000298357
111659	0.000322382
111759	0.000345437
111859	0.000366886
111959	0.000386115
112059	0.000402551
112159	0.00041569
112259	0.000425117
112359	0.000430528
112459	0.000431736
112559	0.000428689
112659	0.000421462
112759	0.000410257
112859	0.000395392
112959	0.000377286
113059	0.000356434
113159	0.000333389
113259	0.000308734
113359	0.00028306
113459	0.00025694
113559	0.00023091
113659	0.000205454
113759	0.000180985
113859	0.000157844
113959	0.000136292
114059	0.000116512
114159	9.86121e-05
114259	8.26315e-05
114359	6.85516e-05
114459	5.63051e-05
114559	4.57861e-05
114659	3.68619e-05
114759	2.93818e-05
114859	2.31866e-05
114959	1.81156e-05
115059	1.40128e-05
115159	1.07313e-05
115259	8.13652e-06
115359	6.10776e-06
115459	4.53923e-06
115559	3.33995e-06
115659	2.43307e-06
115759	1.75479e-06
115859	1.25301e-06
115959	8.85808e-07
116059	6.19987e-07
116159	4.29618e-07
116259	2.9474e-07
116359	2.00195e-07
116459	1.34624e-07
116559	8.96296e-08
116659	5.90794e-08
116759	3.85548e-08
116859	2.49102e-08
116959	1.59343e-08
117059	1.00913e-08
117159	6.32728e-09
117259	3.92775e-09
117359	2.41395e-09
