1.22685e+06	9.92743e-07
1.22695e+06	1.62859e-06
1.22705e+06	2.64512e-06
1.22715e+06	4.25339e-06
1.22725e+06	6.77146e-06
1.22735e+06	1.0673e-05
1.22745e+06	1.66551e-05
1.22755e+06	2.57315e-05
1.22765e+06	3.93587e-05
1.22775e+06	5.96036e-05
1.22785e+06	8.93639e-05
1.22795e+06	0.00013265
1.22805e+06	0.000194945
1.22815e+06	0.000283643
1.22825e+06	0.000408592
1.22835e+06	0.000582726
1.22845e+06	0.000822803
1.22855e+06	0.00115023
1.22865e+06	0.00159195
1.22875e+06	0.00218139
1.22885e+06	0.00295932
1.22895e+06	0.00397475
1.22905e+06	0.00528547
1.22915e+06	0.00695848
1.22925e+06	0.0090699
1.22935e+06	0.0117044
1.22945e+06	0.0149537
1.22955e+06	0.0189151
1.22965e+06	0.0236878
1.22975e+06	0.0293696
1.22985e+06	0.036052
1.22995e+06	0.0438143
1.23005e+06	0.0527182
1.23015e+06	0.0628004
1.23025e+06	0.0740663
1.23035e+06	0.0864841
1.23045e+06	0.0999791
1.23055e+06	0.11443
1.23065e+06	0.129666
1.23075e+06	0.145469
1.23085e+06	0.161574
1.23095e+06	0.177676
1.23105e+06	0.193439
1.23115e+06	0.208505
1.23125e+06	0.222508
1.23135e+06	0.235088
1.23145e+06	0.245909
1.23155e+06	0.254668
1.23165e+06	0.261115
1.23175e+06	0.265061
1.23185e+06	0.26639
1.23195e+06	0.265062
1.23205e+06	0.261116
1.23215e+06	0.254669
1.23225e+06	0.245911
1.23235e+06	0.235092
1.23245e+06	0.222514
1.23255e+06	0.208514
1.23265e+06	0.193454
1.23275e+06	0.1777
1.23285e+06	0.161611
1.23295e+06	0.145527
1.23305e+06	0.129754
1.23315e+06	0.114564
1.23325e+06	0.10018
1.23335e+06	0.086782
1.23345e+06	0.074504
1.23355e+06	0.0634371
1.23365e+06	0.0536351
1.23375e+06	0.0451217
1.23385e+06	0.0378976
1.23395e+06	0.0319491
1.23405e+06	0.027257
1.23415e+06	0.0238047
1.23425e+06	0.0215855
1.23435e+06	0.0206096
1.23445e+06	0.0209091
1.23455e+06	0.0225415
1.23465e+06	0.0255921
1.23475e+06	0.0301736
1.23485e+06	0.0364238
1.23495e+06	0.0445011
1.23505e+06	0.0545776
1.23515e+06	0.0668299
1.23525e+06	0.0814276
1.23535e+06	0.0985199
1.23545e+06	0.118221
1.23555e+06	0.140595
1.23565e+06	0.165639
1.23575e+06	0.193269
1.23585e+06	0.223311
1.23595e+06	0.255486
1.23605e+06	0.289408
1.23615e+06	0.324586
1.23625e+06	0.360425
1.23635e+06	0.396245
1.23645e+06	0.431294
1.23655e+06	0.464774
1.23665e+06	0.495871
1.23675e+06	0.523786
1.23685e+06	0.547767
1.23695e+06	0.567146
1.23705e+06	0.581368
1.23715e+06	0.590017
1.23725e+06	0.592837
1.23735e+06	0.589744
1.23745e+06	0.580829
1.23755e+06	0.566357
1.23765e+06	0.54675
1.23775e+06	0.522571
1.23785e+06	0.494491
1.23795e+06	0.463264
1.23805e+06	0.42969
1.23815e+06	0.394584
1.23825e+06	0.358741
1.23835e+06	0.322908
1.23845e+06	0.287763
1.23855e+06	0.253891
1.23865e+06	0.221777
1.23875e+06	0.191798
1.23885e+06	0.16422
1.23895e+06	0.139209
1.23905e+06	0.116833
1.23915e+06	0.0970779
1.23925e+06	0.0798605
1.23935e+06	0.0650431
1.23945e+06	0.0524478
1.23955e+06	0.0418707
1.23965e+06	0.0330941
1.23975e+06	0.0258969
1.23985e+06	0.0200633
1.23995e+06	0.0153891
1.24005e+06	0.0116864
1.24015e+06	0.00878631
1.24025e+06	0.00654017
1.24035e+06	0.00481979
1.24045e+06	0.00351662
1.24055e+06	0.00254026
1.24065e+06	0.00181672
1.24075e+06	0.00128634
1.24085e+06	0.000901741
1.24095e+06	0.00062584
1.24105e+06	0.000430033
1.24115e+06	0.000292549
1.24125e+06	0.000197039
1.24135e+06	0.00013139
1.24145e+06	8.67418e-05
1.24155e+06	5.6696e-05
1.24165e+06	3.66888e-05
1.24175e+06	2.35056e-05
1.24185e+06	1.49096e-05
1.24195e+06	9.3631e-06
1.24205e+06	5.82142e-06
1.24215e+06	3.5834e-06
1.24225e+06	2.18383e-06
1.24235e+06	1.31765e-06
1.24245e+06	7.87113e-07
1.24255e+06	4.65513e-07
1.24265e+06	2.72573e-07
1.24275e+06	1.58013e-07
1.24285e+06	9.06897e-08
1.24295e+06	5.15325e-08
1.24305e+06	2.89909e-08
1.24315e+06	1.61472e-08
1.24325e+06	8.90414e-09
1.24335e+06	4.8612e-09
1.24345e+06	2.62755e-09
1.24355e+06	1.4061e-09
1.24365e+06	7.4497e-10
1.24375e+06	3.90767e-10
1.24385e+06	2.02934e-10
1.24395e+06	1.04339e-10
1.24405e+06	5.31127e-11
1.24415e+06	2.67674e-11
1.24425e+06	1.33558e-11
1.24435e+06	6.5977e-12
1.24445e+06	3.22679e-12
1.24455e+06	1.56245e-12
1.24465e+06	7.49031e-13
1.24475e+06	3.55508e-13
1.24485e+06	1.67054e-13
1.24495e+06	7.77178e-14
1.24505e+06	3.57966e-14
1.24515e+06	1.63238e-14
1.24525e+06	7.36979e-15
1.24535e+06	3.29418e-15
1.24545e+06	1.4578e-15
1.24555e+06	6.38709e-16
1.24565e+06	2.77055e-16
1.24575e+06	1.18984e-16
1.24585e+06	5.059e-17
1.24595e+06	2.1296e-17
1.24605e+06	8.87545e-18
1.24615e+06	3.66218e-18
1.24625e+06	1.49605e-18
1.24635e+06	6.05073e-19
1.24645e+06	2.42286e-19
1.24655e+06	9.60516e-20
1.24665e+06	3.76997e-20
1.24675e+06	1.46497e-20
1.24685e+06	5.63608e-21
1.24695e+06	2.14676e-21
1.24705e+06	8.09552e-22
1.24715e+06	3.02248e-22
1.24725e+06	1.11722e-22
1.24735e+06	4.08859e-23
1.24745e+06	1.48137e-23
1.24755e+06	5.31388e-24
1.24765e+06	1.88719e-24
1.24775e+06	6.63556e-25
1.24785e+06	2.30992e-25
1.24795e+06	7.96108e-26
1.24805e+06	2.71647e-26
1.24815e+06	9.17686e-27
1.24825e+06	3.06931e-27
1.24835e+06	1.01635e-27
1.24845e+06	3.33201e-28
1.24855e+06	1.08149e-28
1.24865e+06	3.47535e-29
1.24875e+06	1.10568e-29
1.24885e+06	3.48273e-30
1.24895e+06	1.08609e-30
1.24905e+06	3.35328e-31
1.24915e+06	1.02501e-31
1.24925e+06	3.10204e-32
1.24935e+06	9.29441e-33
1.24945e+06	2.75711e-33
1.24955e+06	8.09733e-34
1.24965e+06	2.35444e-34
1.24975e+06	6.77782e-35
1.24985e+06	1.93175e-35
1.24995e+06	5.45088e-36
1.25005e+06	1.52279e-36
1.25015e+06	4.21183e-37
1.25025e+06	1.15335e-37
1.25035e+06	3.12683e-38
1.25045e+06	8.39279e-39
1.25055e+06	2.23031e-39
1.25065e+06	5.86788e-40
1.25075e+06	1.52846e-40
1.25085e+06	3.94171e-41
1.25095e+06	1.0064e-41
1.25105e+06	2.544e-42
1.25115e+06	6.36676e-43
1.25125e+06	1.57753e-43
1.25135e+06	3.86983e-44
1.25145e+06	9.39864e-45
1.25155e+06	2.25993e-45
1.25165e+06	5.37999e-46
1.25175e+06	1.26802e-46
1.25185e+06	2.95887e-47
1.25195e+06	6.83571e-48
1.25205e+06	1.5635e-48
1.25215e+06	3.54055e-49
1.25225e+06	7.93779e-50
1.25235e+06	1.76192e-50
1.25245e+06	3.87194e-51
1.25255e+06	8.42421e-52
1.25265e+06	1.81462e-52
1.25275e+06	3.86991e-53
1.25285e+06	8.17094e-54
1.25295e+06	1.70805e-54
1.25305e+06	3.53497e-55
1.25315e+06	7.24317e-56
1.25325e+06	1.46936e-56
1.25335e+06	2.9511e-57
1.25345e+06	5.86811e-58
1.25355e+06	1.15523e-58
1.25365e+06	2.25163e-59
1.25375e+06	4.34492e-60
1.25385e+06	8.30087e-61
1.25395e+06	1.57008e-61
1.25405e+06	2.94021e-62
1.25415e+06	5.4512e-63
1.25425e+06	1.0006e-63
1.25435e+06	1.8184e-64
1.25445e+06	3.2717e-65
1.25455e+06	5.82793e-66
1.25465e+06	1.02781e-66
1.25475e+06	1.7946e-67
1.25485e+06	3.10228e-68
1.25495e+06	5.30946e-69
1.25505e+06	8.99657e-70
1.25515e+06	1.50925e-70
1.25525e+06	2.50669e-71
1.25535e+06	4.12192e-72
1.25545e+06	6.71049e-73
1.25555e+06	1.0816e-73
1.25565e+06	1.72598e-74
1.25575e+06	2.72685e-75
1.25585e+06	4.26524e-76
1.25595e+06	6.60517e-77
1.25605e+06	1.0127e-77
1.25615e+06	1.53722e-78
1.25625e+06	2.31018e-79
1.25635e+06	3.43728e-80
1.25645e+06	5.06337e-81
1.25655e+06	7.38452e-82
1.25665e+06	1.06626e-82
1.25675e+06	1.52426e-83
1.25685e+06	2.15731e-84
1.25695e+06	3.02289e-85
1.25705e+06	4.19363e-86
1.25715e+06	5.7599e-87
1.25725e+06	7.83244e-88
1.25735e+06	1.05447e-88
1.25745e+06	1.4055e-89
1.25755e+06	1.85475e-90
1.25765e+06	2.42323e-91
1.25775e+06	3.13445e-92
1.25785e+06	4.01408e-93
1.25795e+06	5.0894e-94
1.25805e+06	6.38859e-95
1.25815e+06	7.93963e-96
1.25825e+06	9.76906e-97
1.25835e+06	1.19004e-97
1.25845e+06	1.43525e-98
1.25855e+06	1.71377e-99
1.25865e+06	2.02597e-100
1.25875e+06	2.37121e-101
1.25885e+06	2.74767e-102
1.25895e+06	3.15222e-103
1.25905e+06	3.58035e-104
1.25915e+06	4.02616e-105
1.25925e+06	4.48244e-106
1.25935e+06	4.94077e-107
1.25945e+06	5.39177e-108
1.25955e+06	5.8254e-109
1.25965e+06	6.23127e-110
1.25975e+06	6.5991e-111
1.25985e+06	6.91911e-112
1.25995e+06	7.18244e-113
1.26005e+06	7.38162e-114
1.26015e+06	7.51083e-115
1.26025e+06	7.56626e-116
1.26035e+06	7.54626e-117
1.26045e+06	7.45143e-118
1.26055e+06	7.28457e-119
1.26065e+06	7.0506e-120
1.26075e+06	6.75623e-121
1.26085e+06	6.40974e-122
1.26095e+06	6.02051e-123
1.26105e+06	5.59865e-124
1.26115e+06	5.15454e-125
1.26125e+06	4.69844e-126
1.26135e+06	4.24009e-127
1.26145e+06	3.78838e-128
1.26155e+06	3.35111e-129
1.26165e+06	2.93481e-130
1.26175e+06	2.54466e-131
1.26185e+06	2.18442e-132
1.26195e+06	1.85652e-133
1.26205e+06	1.56214e-134
1.26215e+06	1.30136e-135
1.26225e+06	1.07333e-136
1.26235e+06	8.76443e-138
1.26245e+06	7.08553e-139
1.26255e+06	5.67124e-140
1.26265e+06	4.49408e-141
1.26275e+06	3.52582e-142
1.26285e+06	2.73866e-143
1.26295e+06	2.10606e-144
1.26305e+06	1.60348e-145
1.26315e+06	1.20868e-146
1.26325e+06	9.02019e-148
1.26335e+06	6.66466e-149
1.26345e+06	4.87525e-150
1.26355e+06	3.5308e-151
1.26365e+06	2.53167e-152
1.26375e+06	1.7972e-153
1.26385e+06	1.26312e-154
1.26395e+06	8.78919e-156
1.26405e+06	6.05495e-157
1.26415e+06	4.1298e-158
1.26425e+06	2.78872e-159
1.26435e+06	1.86439e-160
1.26445e+06	1.23403e-161
1.26455e+06	8.08675e-163
1.26465e+06	5.2466e-164
1.26475e+06	3.37007e-165
1.26485e+06	2.14317e-166
1.26495e+06	1.34937e-167
1.26505e+06	8.41132e-169
1.26515e+06	5.19103e-170
1.26525e+06	3.17175e-171
1.26535e+06	1.91868e-172
1.26545e+06	1.14911e-173
1.26555e+06	6.81366e-175
1.26565e+06	3.99995e-176
1.26575e+06	2.3248e-177
1.26585e+06	1.33775e-178
1.26595e+06	7.62115e-180
1.26605e+06	4.29856e-181
1.26615e+06	2.4004e-182
1.26625e+06	1.32709e-183
1.26635e+06	7.26396e-185
1.26645e+06	3.93645e-186
1.26655e+06	2.11199e-187
1.26665e+06	1.12186e-188
1.26675e+06	5.89983e-190
1.26685e+06	3.07184e-191
1.26695e+06	1.58349e-192
1.26705e+06	8.08142e-194
1.26715e+06	4.08336e-195
1.26725e+06	2.0427e-196
1.26735e+06	1.0117e-197
1.26745e+06	4.96079e-199
1.26755e+06	2.40829e-200
1.26765e+06	1.15751e-201
1.26775e+06	5.50805e-203
1.26785e+06	2.59494e-204
1.26795e+06	1.21036e-205
1.26805e+06	5.5893e-207
1.26815e+06	2.5554e-208
1.26825e+06	1.15669e-209
1.26835e+06	5.1836e-211
1.26845e+06	2.29987e-212
1.26855e+06	1.01026e-213
1.26865e+06	4.39358e-215
1.26875e+06	1.89174e-216
1.26885e+06	8.06421e-218
1.26895e+06	3.40345e-219
1.26905e+06	1.42211e-220
1.26915e+06	5.88308e-222
1.26925e+06	2.40953e-223
1.26935e+06	9.77054e-225
1.26945e+06	3.92248e-226
1.26955e+06	1.55905e-227
1.26965e+06	6.13504e-229
1.26975e+06	2.39018e-230
1.26985e+06	9.21938e-232
1.26995e+06	3.5207e-233
1.27005e+06	1.33111e-234
1.27015e+06	4.9826e-236
1.27025e+06	1.84653e-237
1.27035e+06	6.77503e-239
1.27045e+06	2.46107e-240
1.27055e+06	8.85105e-242
1.27065e+06	3.15153e-243
1.27075e+06	1.11098e-244
1.27085e+06	3.87746e-246
1.27095e+06	1.33982e-247
1.27105e+06	4.58354e-249
1.27115e+06	1.55244e-250
1.27125e+06	5.20575e-252
1.27135e+06	1.72826e-253
1.27145e+06	5.68059e-255
1.27155e+06	1.84856e-256
1.27165e+06	5.95569e-258
1.27175e+06	1.89971e-259
1.27185e+06	5.99927e-261
1.27195e+06	1.87572e-262
1.27205e+06	5.80622e-264
1.27215e+06	1.77941e-265
1.27225e+06	5.39904e-267
1.27235e+06	1.62186e-268
1.27245e+06	4.82356e-270
1.27255e+06	1.4203e-271
1.27265e+06	4.14045e-273
1.27275e+06	1.19501e-274
1.27285e+06	3.41472e-276
1.27295e+06	9.66039e-278
1.27305e+06	2.70577e-279
1.27315e+06	7.50317e-281
1.27325e+06	2.05994e-282
1.27335e+06	5.59916e-284
1.27345e+06	1.50677e-285
1.27355e+06	4.01448e-287
1.27365e+06	1.05893e-288
1.27375e+06	2.76544e-290
1.27385e+06	7.15018e-292
1.27395e+06	1.83032e-293
1.27405e+06	4.63868e-295
1.27415e+06	1.16391e-296
1.27425e+06	2.89134e-298
1.27435e+06	7.11111e-300
1.27445e+06	1.73154e-301
1.27455e+06	4.17432e-303
1.27465e+06	9.96311e-305
1.27475e+06	2.3543e-306
1.27485e+06	5.50788e-308
1.27495e+06	1.27575e-309
1.27505e+06	2.92552e-311
1.27515e+06	6.64198e-313
1.27525e+06	1.49296e-314
1.27535e+06	3.32245e-316
1.27545e+06	7.32021e-318
1.27555e+06	1.59677e-319
1.27565e+06	3.44858e-321
1.27575e+06	7.41098e-323
1.27585e+06	4.94066e-324
1.27595e+06	0
1.27605e+06	0
1.27615e+06	0
1.27625e+06	0
1.27635e+06	0
1.27645e+06	0
1.27655e+06	0
1.27665e+06	0
1.27675e+06	0
1.27685e+06	0
1.27695e+06	0
1.27705e+06	0
1.27715e+06	0
1.27725e+06	0
1.27735e+06	0
1.27745e+06	0
1.27755e+06	0
1.27765e+06	0
1.27775e+06	0
1.27785e+06	0
1.27795e+06	0
1.27805e+06	0
1.27815e+06	0
1.27825e+06	0
1.27835e+06	0
1.27845e+06	0
1.27855e+06	0
1.27865e+06	0
1.27875e+06	0
1.27885e+06	0
1.27895e+06	0
1.27905e+06	0
1.27915e+06	0
1.27925e+06	0
1.27935e+06	0
1.27945e+06	0
1.27955e+06	0
1.27965e+06	0
1.27975e+06	0
1.27985e+06	0
1.27995e+06	0
1.28005e+06	0
1.28015e+06	0
1.28025e+06	0
1.28035e+06	0
1.28045e+06	0
1.28055e+06	0
1.28065e+06	0
1.28075e+06	0
1.28085e+06	0
1.28095e+06	0
1.28105e+06	0
1.28115e+06	0
1.28125e+06	0
1.28135e+06	0
1.28145e+06	0
1.28155e+06	0
1.28165e+06	0
1.28175e+06	0
1.28185e+06	0
1.28195e+06	0
1.28205e+06	0
1.28215e+06	0
1.28225e+06	0
1.28235e+06	0
1.28245e+06	0
1.28255e+06	0
1.28265e+06	0
1.28275e+06	0
1.28285e+06	0
1.28295e+06	0
1.28305e+06	0
1.28315e+06	0
1.28325e+06	0
1.28335e+06	0
1.28345e+06	0
1.28355e+06	0
1.28365e+06	0
1.28375e+06	0
1.28385e+06	0
1.28395e+06	0
1.28405e+06	0
1.28415e+06	0
1.28425e+06	0
1.28435e+06	0
1.28445e+06	0
1.28455e+06	0
1.28465e+06	0
1.28475e+06	0
1.28485e+06	0
1.28495e+06	0
1.28505e+06	0
1.28515e+06	0
1.28525e+06	0
1.28535e+06	0
1.28545e+06	0
1.28555e+06	0
1.28565e+06	0
1.28575e+06	0
1.28585e+06	0
1.28595e+06	0
1.28605e+06	0
1.28615e+06	0
1.28625e+06	0
1.28635e+06	0
1.28645e+06	0
1.28655e+06	0
1.28665e+06	0
1.28675e+06	0
1.28685e+06	0
1.28695e+06	0
1.28705e+06	0
1.28715e+06	0
1.28725e+06	0
1.28735e+06	0
1.28745e+06	0
1.28755e+06	0
1.28765e+06	0
1.28775e+06	0
1.28785e+06	0
1.28795e+06	0
1.28805e+06	0
1.28815e+06	0
1.28825e+06	0
1.28835e+06	0
1.28845e+06	0
1.28855e+06	0
1.28865e+06	0
1.28875e+06	0
1.28885e+06	0
1.28895e+06	0
1.28905e+06	0
1.28915e+06	0
1.28925e+06	0
1.28935e+06	0
1.28945e+06	0
1.28955e+06	0
1.28965e+06	0
1.28975e+06	0
1.28985e+06	0
1.28995e+06	0
1.29005e+06	0
1.29015e+06	0
1.29025e+06	0
1.29035e+06	0
1.29045e+06	0
1.29055e+06	0
1.29065e+06	0
1.29075e+06	0
1.29085e+06	0
1.29095e+06	0
1.29105e+06	0
1.29115e+06	0
1.29125e+06	0
1.29135e+06	0
1.29145e+06	0
1.29155e+06	0
1.29165e+06	0
1.29175e+06	0
1.29185e+06	0
1.29195e+06	0
1.29205e+06	0
1.29215e+06	0
1.29225e+06	0
1.29235e+06	0
1.29245e+06	0
1.29255e+06	0
1.29265e+06	0
1.29275e+06	0
1.29285e+06	0
1.29295e+06	0
1.29305e+06	0
1.29315e+06	0
1.29325e+06	0
1.29335e+06	0
1.29345e+06	0
1.29355e+06	0
1.29365e+06	0
1.29375e+06	0
1.29385e+06	0
1.29395e+06	0
1.29405e+06	0
1.29415e+06	0
1.29425e+06	0
1.29435e+06	0
1.29445e+06	0
1.29455e+06	0
1.29465e+06	0
1.29475e+06	0
1.29485e+06	0
1.29495e+06	0
1.29505e+06	0
1.29515e+06	0
1.29525e+06	0
1.29535e+06	0
1.29545e+06	0
1.29555e+06	0
1.29565e+06	0
1.29575e+06	0
1.29585e+06	0
1.29595e+06	0
1.29605e+06	0
1.29615e+06	0
1.29625e+06	0
1.29635e+06	0
1.29645e+06	0
1.29655e+06	0
1.29665e+06	0
1.29675e+06	0
1.29685e+06	0
1.29695e+06	0
1.29705e+06	0
1.29715e+06	0
1.29725e+06	0
1.29735e+06	0
1.29745e+06	0
1.29755e+06	0
1.29765e+06	0
1.29775e+06	0
1.29785e+06	0
1.29795e+06	0
1.29805e+06	0
1.29815e+06	0
1.29825e+06	0
1.29835e+06	0
1.29845e+06	0
1.29855e+06	0
1.29865e+06	0
1.29875e+06	0
1.29885e+06	0
1.29895e+06	0
1.29905e+06	0
1.29915e+06	0
1.29925e+06	0
1.29935e+06	0
1.29945e+06	0
1.29955e+06	0
1.29965e+06	0
1.29975e+06	0
1.29985e+06	0
1.29995e+06	0
1.30005e+06	0
1.30015e+06	0
1.30025e+06	0
1.30035e+06	0
1.30045e+06	0
1.30055e+06	0
1.30065e+06	0
1.30075e+06	0
1.30085e+06	0
1.30095e+06	0
1.30105e+06	0
1.30115e+06	0
1.30125e+06	0
1.30135e+06	0
1.30145e+06	0
1.30155e+06	0
1.30165e+06	0
1.30175e+06	0
1.30185e+06	0
1.30195e+06	0
1.30205e+06	0
1.30215e+06	0
1.30225e+06	0
1.30235e+06	0
1.30245e+06	0
1.30255e+06	0
1.30265e+06	0
1.30275e+06	0
1.30285e+06	0
1.30295e+06	0
1.30305e+06	0
1.30315e+06	0
1.30325e+06	0
1.30335e+06	0
1.30345e+06	0
1.30355e+06	0
1.30365e+06	0
1.30375e+06	0
1.30385e+06	0
1.30395e+06	0
1.30405e+06	0
1.30415e+06	0
1.30425e+06	0
1.30435e+06	0
1.30445e+06	0
1.30455e+06	0
1.30465e+06	0
1.30475e+06	0
1.30485e+06	0
1.30495e+06	0
1.30505e+06	0
1.30515e+06	0
1.30525e+06	0
1.30535e+06	0
1.30545e+06	0
1.30555e+06	0
1.30565e+06	0
1.30575e+06	0
1.30585e+06	0
1.30595e+06	0
1.30605e+06	0
1.30615e+06	0
1.30625e+06	0
1.30635e+06	0
1.30645e+06	0
1.30655e+06	0
1.30665e+06	0
1.30675e+06	0
1.30685e+06	0
1.30695e+06	0
1.30705e+06	0
1.30715e+06	0
1.30725e+06	0
1.30735e+06	0
1.30745e+06	0
1.30755e+06	0
1.30765e+06	0
1.30775e+06	0
1.30785e+06	0
1.30795e+06	0
1.30805e+06	0
1.30815e+06	0
1.30825e+06	0
1.30835e+06	0
1.30845e+06	0
1.30855e+06	0
1.30865e+06	0
1.30875e+06	0
1.30885e+06	0
1.30895e+06	0
1.30905e+06	0
1.30915e+06	0
1.30925e+06	0
1.30935e+06	0
1.30945e+06	0
1.30955e+06	0
1.30965e+06	0
1.30975e+06	0
1.30985e+06	0
1.30995e+06	0
1.31005e+06	0
1.31015e+06	0
1.31025e+06	0
1.31035e+06	0
1.31045e+06	0
1.31055e+06	0
1.31065e+06	0
1.31075e+06	0
1.31085e+06	0
1.31095e+06	0
1.31105e+06	0
1.31115e+06	0
1.31125e+06	0
1.31135e+06	0
1.31145e+06	0
1.31155e+06	0
1.31165e+06	0
1.31175e+06	0
1.31185e+06	0
1.31195e+06	0
1.31205e+06	0
1.31215e+06	0
1.31225e+06	0
1.31235e+06	0
1.31245e+06	0
1.31255e+06	0
1.31265e+06	0
1.31275e+06	0
1.31285e+06	0
1.31295e+06	0
1.31305e+06	0
1.31315e+06	0
1.31325e+06	0
1.31335e+06	0
1.31345e+06	0
1.31355e+06	0
1.31365e+06	0
1.31375e+06	0
1.31385e+06	0
1.31395e+06	0
1.31405e+06	0
1.31415e+06	0
1.31425e+06	0
1.31435e+06	0
1.31445e+06	0
1.31455e+06	0
1.31465e+06	0
1.31475e+06	0
1.31485e+06	0
1.31495e+06	0
1.31505e+06	0
1.31515e+06	0
1.31525e+06	0
1.31535e+06	0
1.31545e+06	0
1.31555e+06	0
1.31565e+06	0
1.31575e+06	0
1.31585e+06	0
1.31595e+06	0
1.31605e+06	0
1.31615e+06	0
1.31625e+06	0
1.31635e+06	0
1.31645e+06	0
1.31655e+06	0
1.31665e+06	0
1.31675e+06	0
1.31685e+06	0
1.31695e+06	0
1.31705e+06	0
1.31715e+06	0
1.31725e+06	0
1.31735e+06	0
1.31745e+06	0
1.31755e+06	0
1.31765e+06	0
1.31775e+06	0
1.31785e+06	0
1.31795e+06	0
1.31805e+06	0
1.31815e+06	0
1.31825e+06	0
1.31835e+06	0
1.31845e+06	0
1.31855e+06	0
1.31865e+06	0
1.31875e+06	0
1.31885e+06	0
1.31895e+06	0
1.31905e+06	0
1.31915e+06	0
1.31925e+06	0
1.31935e+06	0
1.31945e+06	0
1.31955e+06	0
1.31965e+06	0
1.31975e+06	0
1.31985e+06	0
1.31995e+06	0
1.32005e+06	0
1.32015e+06	0
1.32025e+06	0
1.32035e+06	0
1.32045e+06	0
1.32055e+06	0
1.32065e+06	0
1.32075e+06	0
1.32085e+06	0
1.32095e+06	0
1.32105e+06	0
1.32115e+06	0
1.32125e+06	0
1.32135e+06	0
1.32145e+06	0
1.32155e+06	0
1.32165e+06	0
1.32175e+06	0
1.32185e+06	0
1.32195e+06	0
1.32205e+06	0
1.32215e+06	0
1.32225e+06	0
1.32235e+06	0
1.32245e+06	0
1.32255e+06	0
1.32265e+06	0
1.32275e+06	0
1.32285e+06	0
1.32295e+06	0
1.32305e+06	0
1.32315e+06	0
1.32325e+06	0
1.32335e+06	0
1.32345e+06	0
1.32355e+06	0
1.32365e+06	0
1.32375e+06	0
1.32385e+06	0
1.32395e+06	0
1.32405e+06	0
1.32415e+06	0
1.32425e+06	0
1.32435e+06	0
1.32445e+06	0
1.32455e+06	0
1.32465e+06	0
1.32475e+06	0
1.32485e+06	0
1.32495e+06	0
1.32505e+06	0
1.32515e+06	0
1.32525e+06	0
1.32535e+06	0
1.32545e+06	0
1.32555e+06	0
1.32565e+06	0
1.32575e+06	0
1.32585e+06	0
1.32595e+06	0
1.32605e+06	0
1.32615e+06	0
1.32625e+06	0
1.32635e+06	0
1.32645e+06	0
1.32655e+06	0
1.32665e+06	0
1.32675e+06	0
1.32685e+06	0
1.32695e+06	0
1.32705e+06	0
1.32715e+06	0
1.32725e+06	0
1.32735e+06	0
1.32745e+06	0
1.32755e+06	0
1.32765e+06	0
1.32775e+06	0
1.32785e+06	0
1.32795e+06	0
1.32805e+06	0
1.32815e+06	0
1.32825e+06	0
1.32835e+06	0
1.32845e+06	0
1.32855e+06	0
1.32865e+06	0
1.32875e+06	0
1.32885e+06	0
1.32895e+06	0
1.32905e+06	0
1.32915e+06	0
1.32925e+06	0
1.32935e+06	0
1.32945e+06	0
1.32955e+06	0
1.32965e+06	0
1.32975e+06	0
1.32985e+06	0
1.32995e+06	0
1.33005e+06	0
1.33015e+06	0
1.33025e+06	0
1.33035e+06	0
1.33045e+06	0
1.33055e+06	0
1.33065e+06	0
1.33075e+06	0
1.33085e+06	0
1.33095e+06	0
1.33105e+06	0
1.33115e+06	0
1.33125e+06	0
1.33135e+06	0
1.33145e+06	0
1.33155e+06	0
1.33165e+06	0
1.33175e+06	0
1.33185e+06	0
1.33195e+06	0
1.33205e+06	0
1.33215e+06	0
1.33225e+06	0
1.33235e+06	0
1.33245e+06	0
1.33255e+06	0
1.33265e+06	0
1.33275e+06	0
1.33285e+06	0
1.33295e+06	0
1.33305e+06	0
1.33315e+06	0
1.33325e+06	0
1.33335e+06	0
1.33345e+06	0
1.33355e+06	0
1.33365e+06	0
1.33375e+06	0
1.33385e+06	0
1.33395e+06	0
1.33405e+06	0
1.33415e+06	0
1.33425e+06	0
1.33435e+06	0
1.33445e+06	0
1.33455e+06	0
1.33465e+06	0
1.33475e+06	0
1.33485e+06	0
1.33495e+06	0
1.33505e+06	0
1.33515e+06	0
1.33525e+06	0
1.33535e+06	0
1.33545e+06	0
1.33555e+06	0
1.33565e+06	0
1.33575e+06	0
1.33585e+06	0
1.33595e+06	0
1.33605e+06	0
1.33615e+06	0
1.33625e+06	0
1.33635e+06	0
1.33645e+06	0
1.33655e+06	0
1.33665e+06	0
1.33675e+06	0
1.33685e+06	0
1.33695e+06	0
1.33705e+06	0
1.33715e+06	0
1.33725e+06	0
1.33735e+06	0
1.33745e+06	0
1.33755e+06	0
1.33765e+06	0
1.33775e+06	0
1.33785e+06	0
1.33795e+06	0
1.33805e+06	0
1.33815e+06	0
1.33825e+06	0
1.33835e+06	0
1.33845e+06	0
1.33855e+06	0
1.33865e+06	0
1.33875e+06	0
1.33885e+06	0
1.33895e+06	0
1.33905e+06	0
1.33915e+06	0
1.33925e+06	0
1.33935e+06	0
1.33945e+06	0
1.33955e+06	0
1.33965e+06	0
1.33975e+06	0
1.33985e+06	0
1.33995e+06	0
1.34005e+06	0
1.34015e+06	0
1.34025e+06	0
1.34035e+06	0
1.34045e+06	0
1.34055e+06	0
1.34065e+06	0
1.34075e+06	0
1.34085e+06	0
1.34095e+06	0
1.34105e+06	0
1.34115e+06	0
1.34125e+06	0
1.34135e+06	0
1.34145e+06	0
1.34155e+06	0
1.34165e+06	0
1.34175e+06	0
1.34185e+06	0
1.34195e+06	0
1.34205e+06	0
1.34215e+06	0
1.34225e+06	0
1.34235e+06	0
1.34245e+06	0
1.34255e+06	0
1.34265e+06	0
1.34275e+06	0
1.34285e+06	0
1.34295e+06	0
1.34305e+06	0
1.34315e+06	0
1.34325e+06	0
1.34335e+06	0
1.34345e+06	0
1.34355e+06	0
1.34365e+06	0
1.34375e+06	0
1.34385e+06	0
1.34395e+06	0
1.34405e+06	0
1.34415e+06	0
1.34425e+06	0
1.34435e+06	0
1.34445e+06	0
1.34455e+06	0
1.34465e+06	0
1.34475e+06	0
1.34485e+06	0
1.34495e+06	0
1.34505e+06	0
1.34515e+06	0
1.34525e+06	0
1.34535e+06	0
1.34545e+06	0
1.34555e+06	0
1.34565e+06	0
1.34575e+06	0
1.34585e+06	0
1.34595e+06	0
1.34605e+06	0
1.34615e+06	0
1.34625e+06	0
1.34635e+06	0
1.34645e+06	0
1.34655e+06	0
1.34665e+06	0
1.34675e+06	0
1.34685e+06	0
1.34695e+06	0
1.34705e+06	0
1.34715e+06	0
1.34725e+06	0
1.34735e+06	0
1.34745e+06	0
1.34755e+06	0
1.34765e+06	0
1.34775e+06	0
1.34785e+06	0
1.34795e+06	0
1.34805e+06	0
1.34815e+06	0
1.34825e+06	0
1.34835e+06	0
1.34845e+06	0
1.34855e+06	0
1.34865e+06	0
1.34875e+06	0
1.34885e+06	0
1.34895e+06	0
1.34905e+06	0
1.34915e+06	0
1.34925e+06	0
1.34935e+06	0
1.34945e+06	0
1.34955e+06	0
1.34965e+06	0
1.34975e+06	0
1.34985e+06	0
1.34995e+06	0
1.35005e+06	0
1.35015e+06	0
1.35025e+06	0
1.35035e+06	0
1.35045e+06	0
1.35055e+06	0
1.35065e+06	0
1.35075e+06	0
1.35085e+06	0
1.35095e+06	0
1.35105e+06	0
1.35115e+06	0
1.35125e+06	0
1.35135e+06	0
1.35145e+06	0
1.35155e+06	0
1.35165e+06	0
1.35175e+06	0
1.35185e+06	0
1.35195e+06	0
1.35205e+06	0
1.35215e+06	0
1.35225e+06	0
1.35235e+06	0
1.35245e+06	0
1.35255e+06	0
1.35265e+06	0
1.35275e+06	0
1.35285e+06	0
1.35295e+06	0
1.35305e+06	0
1.35315e+06	0
1.35325e+06	0
1.35335e+06	0
1.35345e+06	0
1.35355e+06	0
1.35365e+06	0
1.35375e+06	0
1.35385e+06	0
1.35395e+06	0
1.35405e+06	0
1.35415e+06	0
1.35425e+06	0
1.35435e+06	0
1.35445e+06	0
1.35455e+06	0
1.35465e+06	0
1.35475e+06	0
1.35485e+06	0
1.35495e+06	0
1.35505e+06	0
1.35515e+06	0
1.35525e+06	0
1.35535e+06	0
1.35545e+06	0
1.35555e+06	0
1.35565e+06	0
1.35575e+06	0
1.35585e+06	0
1.35595e+06	0
1.35605e+06	0
1.35615e+06	0
1.35625e+06	0
1.35635e+06	0
1.35645e+06	0
1.35655e+06	0
1.35665e+06	0
1.35675e+06	0
1.35685e+06	0
1.35695e+06	0
1.35705e+06	0
1.35715e+06	0
1.35725e+06	0
1.35735e+06	0
1.35745e+06	0
1.35755e+06	0
1.35765e+06	0
1.35775e+06	0
1.35785e+06	0
1.35795e+06	0
1.35805e+06	0
1.35815e+06	0
1.35825e+06	0
1.35835e+06	0
1.35845e+06	0
1.35855e+06	0
1.35865e+06	0
1.35875e+06	0
1.35885e+06	0
1.35895e+06	0
1.35905e+06	0
1.35915e+06	0
1.35925e+06	0
1.35935e+06	0
1.35945e+06	0
1.35955e+06	0
1.35965e+06	0
1.35975e+06	0
1.35985e+06	0
1.35995e+06	0
1.36005e+06	0
1.36015e+06	0
1.36025e+06	0
1.36035e+06	0
1.36045e+06	0
1.36055e+06	0
1.36065e+06	0
1.36075e+06	0
1.36085e+06	0
1.36095e+06	0
1.36105e+06	0
1.36115e+06	0
1.36125e+06	0
1.36135e+06	0
1.36145e+06	0
1.36155e+06	0
1.36165e+06	0
1.36175e+06	0
1.36185e+06	0
1.36195e+06	0
1.36205e+06	0
1.36215e+06	0
1.36225e+06	0
1.36235e+06	0
1.36245e+06	0
1.36255e+06	0
1.36265e+06	0
1.36275e+06	0
1.36285e+06	0
1.36295e+06	0
1.36305e+06	0
1.36315e+06	0
1.36325e+06	0
1.36335e+06	0
1.36345e+06	0
1.36355e+06	0
1.36365e+06	0
1.36375e+06	0
1.36385e+06	0
1.36395e+06	0
1.36405e+06	0
1.36415e+06	0
1.36425e+06	0
1.36435e+06	0
1.36445e+06	0
1.36455e+06	0
1.36465e+06	0
1.36475e+06	0
1.36485e+06	0
1.36495e+06	0
1.36505e+06	0
1.36515e+06	0
1.36525e+06	0
1.36535e+06	0
1.36545e+06	0
1.36555e+06	0
1.36565e+06	0
1.36575e+06	0
1.36585e+06	0
1.36595e+06	0
1.36605e+06	0
1.36615e+06	0
1.36625e+06	0
1.36635e+06	0
1.36645e+06	0
1.36655e+06	0
1.36665e+06	0
1.36675e+06	0
1.36685e+06	0
1.36695e+06	0
1.36705e+06	0
1.36715e+06	0
1.36725e+06	0
1.36735e+06	0
1.36745e+06	0
1.36755e+06	0
1.36765e+06	0
1.36775e+06	0
1.36785e+06	0
1.36795e+06	0
1.36805e+06	0
1.36815e+06	0
1.36825e+06	0
1.36835e+06	0
1.36845e+06	0
1.36855e+06	0
1.36865e+06	0
1.36875e+06	0
1.36885e+06	0
1.36895e+06	0
1.36905e+06	0
1.36915e+06	0
1.36925e+06	0
1.36935e+06	0
1.36945e+06	0
1.36955e+06	0
1.36965e+06	0
1.36975e+06	0
1.36985e+06	0
1.36995e+06	0
1.37005e+06	0
1.37015e+06	0
1.37025e+06	0
1.37035e+06	0
1.37045e+06	0
1.37055e+06	0
1.37065e+06	0
1.37075e+06	0
1.37085e+06	0
1.37095e+06	0
1.37105e+06	0
1.37115e+06	0
1.37125e+06	0
1.37135e+06	0
1.37145e+06	0
1.37155e+06	0
1.37165e+06	0
1.37175e+06	0
1.37185e+06	0
1.37195e+06	0
1.37205e+06	0
1.37215e+06	0
1.37225e+06	0
1.37235e+06	0
1.37245e+06	0
1.37255e+06	0
1.37265e+06	0
1.37275e+06	0
1.37285e+06	0
1.37295e+06	0
1.37305e+06	0
1.37315e+06	0
1.37325e+06	0
1.37335e+06	0
1.37345e+06	0
1.37355e+06	0
1.37365e+06	0
1.37375e+06	0
1.37385e+06	0
1.37395e+06	0
1.37405e+06	0
1.37415e+06	0
1.37425e+06	0
1.37435e+06	0
1.37445e+06	0
1.37455e+06	0
1.37465e+06	0
1.37475e+06	0
1.37485e+06	0
1.37495e+06	0
1.37505e+06	0
1.37515e+06	0
1.37525e+06	0
1.37535e+06	0
1.37545e+06	0
1.37555e+06	0
1.37565e+06	0
1.37575e+06	0
1.37585e+06	0
1.37595e+06	0
1.37605e+06	0
1.37615e+06	0
1.37625e+06	0
1.37635e+06	0
1.37645e+06	0
1.37655e+06	0
1.37665e+06	0
1.37675e+06	0
1.37685e+06	0
1.37695e+06	0
1.37705e+06	0
1.37715e+06	0
1.37725e+06	0
1.37735e+06	0
1.37745e+06	0
1.37755e+06	0
1.37765e+06	0
1.37775e+06	0
1.37785e+06	0
1.37795e+06	0
1.37805e+06	0
1.37815e+06	0
1.37825e+06	0
1.37835e+06	0
1.37845e+06	0
1.37855e+06	0
1.37865e+06	0
1.37875e+06	0
1.37885e+06	0
1.37895e+06	0
1.37905e+06	0
1.37915e+06	0
1.37925e+06	0
1.37935e+06	0
1.37945e+06	0
1.37955e+06	0
1.37965e+06	0
1.37975e+06	0
1.37985e+06	0
1.37995e+06	0
1.38005e+06	0
1.38015e+06	0
1.38025e+06	0
1.38035e+06	0
1.38045e+06	0
1.38055e+06	0
1.38065e+06	0
1.38075e+06	0
1.38085e+06	0
1.38095e+06	0
1.38105e+06	0
1.38115e+06	0
1.38125e+06	0
1.38135e+06	0
1.38145e+06	0
1.38155e+06	0
1.38165e+06	0
1.38175e+06	0
1.38185e+06	0
1.38195e+06	0
1.38205e+06	0
1.38215e+06	0
1.38225e+06	0
1.38235e+06	0
1.38245e+06	0
1.38255e+06	0
1.38265e+06	0
1.38275e+06	0
1.38285e+06	0
1.38295e+06	0
1.38305e+06	0
1.38315e+06	0
1.38325e+06	0
1.38335e+06	0
1.38345e+06	0
1.38355e+06	0
1.38365e+06	0
1.38375e+06	0
1.38385e+06	0
1.38395e+06	0
1.38405e+06	0
1.38415e+06	0
1.38425e+06	0
1.38435e+06	0
1.38445e+06	0
1.38455e+06	0
1.38465e+06	0
1.38475e+06	0
1.38485e+06	0
1.38495e+06	0
1.38505e+06	0
1.38515e+06	0
1.38525e+06	0
1.38535e+06	0
1.38545e+06	0
1.38555e+06	0
1.38565e+06	0
1.38575e+06	0
1.38585e+06	0
1.38595e+06	0
1.38605e+06	0
1.38615e+06	0
1.38625e+06	0
1.38635e+06	0
1.38645e+06	0
1.38655e+06	0
1.38665e+06	0
1.38675e+06	0
1.38685e+06	0
1.38695e+06	0
1.38705e+06	0
1.38715e+06	0
1.38725e+06	0
1.38735e+06	0
1.38745e+06	0
1.38755e+06	0
1.38765e+06	0
1.38775e+06	0
1.38785e+06	0
1.38795e+06	0
1.38805e+06	0
1.38815e+06	0
1.38825e+06	0
1.38835e+06	0
1.38845e+06	0
1.38855e+06	0
1.38865e+06	0
1.38875e+06	0
1.38885e+06	0
1.38895e+06	0
1.38905e+06	0
1.38915e+06	0
1.38925e+06	0
1.38935e+06	0
1.38945e+06	0
1.38955e+06	0
1.38965e+06	0
1.38975e+06	0
1.38985e+06	0
1.38995e+06	0
1.39005e+06	0
1.39015e+06	0
1.39025e+06	0
1.39035e+06	0
1.39045e+06	0
1.39055e+06	0
1.39065e+06	0
1.39075e+06	0
1.39085e+06	0
1.39095e+06	0
1.39105e+06	0
1.39115e+06	0
1.39125e+06	0
1.39135e+06	0
1.39145e+06	0
1.39155e+06	0
1.39165e+06	0
1.39175e+06	0
1.39185e+06	0
1.39195e+06	0
1.39205e+06	0
1.39215e+06	0
1.39225e+06	0
1.39235e+06	0
1.39245e+06	0
1.39255e+06	0
1.39265e+06	0
1.39275e+06	0
1.39285e+06	0
1.39295e+06	0
1.39305e+06	0
1.39315e+06	0
1.39325e+06	0
1.39335e+06	0
1.39345e+06	0
1.39355e+06	0
1.39365e+06	0
1.39375e+06	0
1.39385e+06	0
1.39395e+06	0
1.39405e+06	0
1.39415e+06	0
1.39425e+06	0
1.39435e+06	0
1.39445e+06	0
1.39455e+06	0
1.39465e+06	0
1.39475e+06	0
1.39485e+06	0
1.39495e+06	0
1.39505e+06	0
1.39515e+06	0
1.39525e+06	0
1.39535e+06	0
1.39545e+06	0
1.39555e+06	0
1.39565e+06	0
1.39575e+06	0
1.39585e+06	0
1.39595e+06	0
1.39605e+06	0
1.39615e+06	0
1.39625e+06	0
1.39635e+06	0
1.39645e+06	0
1.39655e+06	0
1.39665e+06	0
1.39675e+06	0
1.39685e+06	0
1.39695e+06	0
1.39705e+06	0
1.39715e+06	0
1.39725e+06	0
1.39735e+06	0
1.39745e+06	0
1.39755e+06	0
1.39765e+06	0
1.39775e+06	0
1.39785e+06	0
1.39795e+06	0
1.39805e+06	0
1.39815e+06	0
1.39825e+06	0
1.39835e+06	0
1.39845e+06	0
1.39855e+06	0
1.39865e+06	0
1.39875e+06	0
1.39885e+06	0
1.39895e+06	0
1.39905e+06	0
1.39915e+06	0
1.39925e+06	0
1.39935e+06	0
1.39945e+06	0
1.39955e+06	0
1.39965e+06	0
1.39975e+06	0
1.39985e+06	0
1.39995e+06	0
1.40005e+06	0
1.40015e+06	0
1.40025e+06	0
1.40035e+06	0
1.40045e+06	0
1.40055e+06	0
1.40065e+06	0
1.40075e+06	0
1.40085e+06	0
1.40095e+06	0
1.40105e+06	0
1.40115e+06	0
1.40125e+06	0
1.40135e+06	0
1.40145e+06	0
1.40155e+06	0
1.40165e+06	0
1.40175e+06	0
1.40185e+06	0
1.40195e+06	0
1.40205e+06	0
1.40215e+06	0
1.40225e+06	0
1.40235e+06	0
1.40245e+06	0
1.40255e+06	0
1.40265e+06	0
1.40275e+06	0
1.40285e+06	0
1.40295e+06	0
1.40305e+06	0
1.40315e+06	0
1.40325e+06	0
1.40335e+06	0
1.40345e+06	0
1.40355e+06	0
1.40365e+06	0
1.40375e+06	0
1.40385e+06	0
1.40395e+06	0
1.40405e+06	0
1.40415e+06	0
1.40425e+06	0
1.40435e+06	0
1.40445e+06	0
1.40455e+06	0
1.40465e+06	0
1.40475e+06	0
1.40485e+06	0
1.40495e+06	0
1.40505e+06	0
1.40515e+06	0
1.40525e+06	0
1.40535e+06	0
1.40545e+06	0
1.40555e+06	0
1.40565e+06	0
1.40575e+06	0
1.40585e+06	0
1.40595e+06	0
1.40605e+06	0
1.40615e+06	0
1.40625e+06	0
1.40635e+06	0
1.40645e+06	0
1.40655e+06	0
1.40665e+06	0
1.40675e+06	0
1.40685e+06	0
1.40695e+06	0
1.40705e+06	0
1.40715e+06	0
1.40725e+06	0
1.40735e+06	0
1.40745e+06	0
1.40755e+06	0
1.40765e+06	0
1.40775e+06	0
1.40785e+06	0
1.40795e+06	0
1.40805e+06	0
1.40815e+06	0
1.40825e+06	0
1.40835e+06	0
1.40845e+06	0
1.40855e+06	0
1.40865e+06	0
1.40875e+06	0
1.40885e+06	0
1.40895e+06	0
1.40905e+06	0
1.40915e+06	0
1.40925e+06	0
1.40935e+06	0
1.40945e+06	0
1.40955e+06	0
1.40965e+06	0
1.40975e+06	0
1.40985e+06	0
1.40995e+06	0
1.41005e+06	0
1.41015e+06	0
1.41025e+06	0
1.41035e+06	0
1.41045e+06	0
1.41055e+06	0
1.41065e+06	0
1.41075e+06	0
1.41085e+06	0
1.41095e+06	0
1.41105e+06	0
1.41115e+06	0
1.41125e+06	0
1.41135e+06	0
1.41145e+06	0
1.41155e+06	0
1.41165e+06	0
1.41175e+06	0
1.41185e+06	0
1.41195e+06	0
1.41205e+06	0
1.41215e+06	0
1.41225e+06	0
1.41235e+06	0
1.41245e+06	0
1.41255e+06	0
1.41265e+06	0
1.41275e+06	0
1.41285e+06	0
1.41295e+06	0
1.41305e+06	0
1.41315e+06	0
1.41325e+06	0
1.41335e+06	0
1.41345e+06	0
1.41355e+06	0
1.41365e+06	0
1.41375e+06	0
1.41385e+06	0
1.41395e+06	0
1.41405e+06	0
1.41415e+06	0
1.41425e+06	0
1.41435e+06	0
1.41445e+06	0
1.41455e+06	0
1.41465e+06	0
1.41475e+06	0
1.41485e+06	0
1.41495e+06	0
1.41505e+06	0
1.41515e+06	0
1.41525e+06	0
1.41535e+06	0
1.41545e+06	0
1.41555e+06	0
1.41565e+06	0
1.41575e+06	0
1.41585e+06	0
1.41595e+06	0
1.41605e+06	0
1.41615e+06	0
1.41625e+06	0
1.41635e+06	0
1.41645e+06	0
1.41655e+06	0
1.41665e+06	0
1.41675e+06	0
1.41685e+06	0
1.41695e+06	0
1.41705e+06	0
1.41715e+06	0
1.41725e+06	0
1.41735e+06	0
1.41745e+06	0
1.41755e+06	0
1.41765e+06	0
1.41775e+06	0
1.41785e+06	0
1.41795e+06	0
1.41805e+06	0
1.41815e+06	0
1.41825e+06	0
1.41835e+06	0
1.41845e+06	0
1.41855e+06	0
1.41865e+06	0
1.41875e+06	0
1.41885e+06	0
1.41895e+06	0
1.41905e+06	0
1.41915e+06	0
1.41925e+06	0
1.41935e+06	0
1.41945e+06	0
1.41955e+06	0
1.41965e+06	0
1.41975e+06	0
1.41985e+06	0
1.41995e+06	0
1.42005e+06	0
1.42015e+06	0
1.42025e+06	0
1.42035e+06	0
1.42045e+06	0
1.42055e+06	0
1.42065e+06	0
1.42075e+06	0
1.42085e+06	0
1.42095e+06	0
1.42105e+06	0
1.42115e+06	0
1.42125e+06	0
1.42135e+06	0
1.42145e+06	0
1.42155e+06	0
1.42165e+06	0
1.42175e+06	0
1.42185e+06	0
1.42195e+06	0
1.42205e+06	0
1.42215e+06	0
1.42225e+06	0
1.42235e+06	0
1.42245e+06	0
1.42255e+06	0
1.42265e+06	0
1.42275e+06	0
1.42285e+06	0
1.42295e+06	0
1.42305e+06	0
1.42315e+06	0
1.42325e+06	0
1.42335e+06	0
1.42345e+06	0
1.42355e+06	0
1.42365e+06	0
1.42375e+06	0
1.42385e+06	0
1.42395e+06	0
1.42405e+06	0
1.42415e+06	0
1.42425e+06	0
1.42435e+06	0
1.42445e+06	0
1.42455e+06	0
1.42465e+06	0
1.42475e+06	0
1.42485e+06	0
1.42495e+06	0
1.42505e+06	0
1.42515e+06	0
1.42525e+06	0
1.42535e+06	0
1.42545e+06	0
1.42555e+06	0
1.42565e+06	0
1.42575e+06	0
1.42585e+06	0
1.42595e+06	0
1.42605e+06	0
1.42615e+06	0
1.42625e+06	0
1.42635e+06	0
1.42645e+06	0
1.42655e+06	0
1.42665e+06	0
1.42675e+06	0
1.42685e+06	0
1.42695e+06	0
1.42705e+06	0
1.42715e+06	0
1.42725e+06	0
1.42735e+06	0
1.42745e+06	0
1.42755e+06	0
1.42765e+06	0
1.42775e+06	0
1.42785e+06	0
1.42795e+06	0
1.42805e+06	0
1.42815e+06	0
1.42825e+06	0
1.42835e+06	0
1.42845e+06	0
1.42855e+06	0
1.42865e+06	0
1.42875e+06	0
1.42885e+06	0
1.42895e+06	0
1.42905e+06	0
1.42915e+06	0
1.42925e+06	0
1.42935e+06	0
1.42945e+06	0
1.42955e+06	0
1.42965e+06	0
1.42975e+06	0
1.42985e+06	0
1.42995e+06	0
1.43005e+06	0
1.43015e+06	0
1.43025e+06	0
1.43035e+06	0
1.43045e+06	0
1.43055e+06	0
1.43065e+06	0
1.43075e+06	0
1.43085e+06	0
1.43095e+06	0
1.43105e+06	0
1.43115e+06	0
1.43125e+06	0
1.43135e+06	0
1.43145e+06	0
1.43155e+06	0
1.43165e+06	0
1.43175e+06	0
1.43185e+06	0
1.43195e+06	0
1.43205e+06	0
1.43215e+06	0
1.43225e+06	0
1.43235e+06	0
1.43245e+06	0
1.43255e+06	0
1.43265e+06	0
1.43275e+06	0
1.43285e+06	0
1.43295e+06	0
1.43305e+06	0
1.43315e+06	0
1.43325e+06	0
1.43335e+06	0
1.43345e+06	0
1.43355e+06	0
1.43365e+06	0
1.43375e+06	0
1.43385e+06	0
1.43395e+06	0
1.43405e+06	0
1.43415e+06	0
1.43425e+06	0
1.43435e+06	0
1.43445e+06	0
1.43455e+06	0
1.43465e+06	0
1.43475e+06	0
1.43485e+06	0
1.43495e+06	0
1.43505e+06	0
1.43515e+06	0
1.43525e+06	0
1.43535e+06	0
1.43545e+06	0
1.43555e+06	0
1.43565e+06	0
1.43575e+06	0
1.43585e+06	0
1.43595e+06	0
1.43605e+06	0
1.43615e+06	0
1.43625e+06	0
1.43635e+06	0
1.43645e+06	0
1.43655e+06	0
1.43665e+06	0
1.43675e+06	0
1.43685e+06	0
1.43695e+06	0
1.43705e+06	0
1.43715e+06	0
1.43725e+06	0
1.43735e+06	0
1.43745e+06	0
1.43755e+06	0
1.43765e+06	0
1.43775e+06	0
1.43785e+06	0
1.43795e+06	0
1.43805e+06	0
1.43815e+06	0
1.43825e+06	0
1.43835e+06	0
1.43845e+06	0
1.43855e+06	0
1.43865e+06	0
1.43875e+06	0
1.43885e+06	0
1.43895e+06	0
1.43905e+06	0
1.43915e+06	0
1.43925e+06	0
1.43935e+06	0
1.43945e+06	0
1.43955e+06	0
1.43965e+06	0
1.43975e+06	0
1.43985e+06	0
1.43995e+06	0
1.44005e+06	0
1.44015e+06	0
1.44025e+06	0
1.44035e+06	0
1.44045e+06	0
1.44055e+06	0
1.44065e+06	0
1.44075e+06	0
1.44085e+06	0
1.44095e+06	0
1.44105e+06	0
1.44115e+06	0
1.44125e+06	0
1.44135e+06	0
1.44145e+06	0
1.44155e+06	0
1.44165e+06	0
1.44175e+06	0
1.44185e+06	0
1.44195e+06	0
1.44205e+06	0
1.44215e+06	0
1.44225e+06	0
1.44235e+06	0
1.44245e+06	0
1.44255e+06	0
1.44265e+06	0
1.44275e+06	0
1.44285e+06	0
1.44295e+06	0
1.44305e+06	0
1.44315e+06	0
1.44325e+06	0
1.44335e+06	0
1.44345e+06	0
1.44355e+06	0
1.44365e+06	0
1.44375e+06	0
1.44385e+06	0
1.44395e+06	0
1.44405e+06	0
1.44415e+06	0
1.44425e+06	0
1.44435e+06	0
1.44445e+06	0
1.44455e+06	0
1.44465e+06	0
1.44475e+06	0
1.44485e+06	0
1.44495e+06	0
1.44505e+06	0
1.44515e+06	0
1.44525e+06	0
1.44535e+06	0
1.44545e+06	0
1.44555e+06	0
1.44565e+06	0
1.44575e+06	0
1.44585e+06	0
1.44595e+06	0
1.44605e+06	0
1.44615e+06	0
1.44625e+06	0
1.44635e+06	0
1.44645e+06	0
1.44655e+06	0
1.44665e+06	0
1.44675e+06	0
1.44685e+06	0
1.44695e+06	0
1.44705e+06	0
1.44715e+06	0
1.44725e+06	0
1.44735e+06	0
1.44745e+06	0
1.44755e+06	0
1.44765e+06	0
1.44775e+06	0
1.44785e+06	0
1.44795e+06	0
1.44805e+06	0
1.44815e+06	0
1.44825e+06	0
1.44835e+06	0
1.44845e+06	0
1.44855e+06	0
1.44865e+06	0
1.44875e+06	0
1.44885e+06	0
1.44895e+06	0
1.44905e+06	0
1.44915e+06	0
1.44925e+06	0
1.44935e+06	0
1.44945e+06	0
1.44955e+06	0
1.44965e+06	0
1.44975e+06	0
1.44985e+06	0
1.44995e+06	0
1.45005e+06	0
1.45015e+06	0
1.45025e+06	0
1.45035e+06	0
1.45045e+06	0
1.45055e+06	0
1.45065e+06	0
1.45075e+06	0
1.45085e+06	0
1.45095e+06	0
1.45105e+06	0
1.45115e+06	0
1.45125e+06	0
1.45135e+06	0
1.45145e+06	0
1.45155e+06	0
1.45165e+06	0
1.45175e+06	0
1.45185e+06	0
1.45195e+06	0
1.45205e+06	0
1.45215e+06	0
1.45225e+06	0
1.45235e+06	0
1.45245e+06	0
1.45255e+06	0
1.45265e+06	0
1.45275e+06	0
1.45285e+06	0
1.45295e+06	0
1.45305e+06	0
1.45315e+06	0
1.45325e+06	0
1.45335e+06	0
1.45345e+06	0
1.45355e+06	0
1.45365e+06	0
1.45375e+06	0
1.45385e+06	0
1.45395e+06	0
1.45405e+06	0
1.45415e+06	0
1.45425e+06	0
1.45435e+06	0
1.45445e+06	0
1.45455e+06	0
1.45465e+06	0
1.45475e+06	0
1.45485e+06	0
1.45495e+06	0
1.45505e+06	0
1.45515e+06	0
1.45525e+06	0
1.45535e+06	0
1.45545e+06	0
1.45555e+06	0
1.45565e+06	0
1.45575e+06	0
1.45585e+06	0
1.45595e+06	0
1.45605e+06	0
1.45615e+06	0
1.45625e+06	0
1.45635e+06	0
1.45645e+06	0
1.45655e+06	0
1.45665e+06	0
1.45675e+06	0
1.45685e+06	0
1.45695e+06	0
1.45705e+06	0
1.45715e+06	0
1.45725e+06	0
1.45735e+06	0
1.45745e+06	0
1.45755e+06	0
1.45765e+06	0
1.45775e+06	0
1.45785e+06	0
1.45795e+06	0
1.45805e+06	0
1.45815e+06	0
1.45825e+06	0
1.45835e+06	0
1.45845e+06	0
1.45855e+06	0
1.45865e+06	0
1.45875e+06	0
1.45885e+06	0
1.45895e+06	0
1.45905e+06	0
1.45915e+06	0
1.45925e+06	0
1.45935e+06	0
1.45945e+06	0
1.45955e+06	0
1.45965e+06	0
1.45975e+06	0
1.45985e+06	0
1.45995e+06	0
1.46005e+06	0
1.46015e+06	0
1.46025e+06	0
1.46035e+06	0
1.46045e+06	0
1.46055e+06	0
1.46065e+06	0
1.46075e+06	0
1.46085e+06	0
1.46095e+06	0
1.46105e+06	0
1.46115e+06	0
1.46125e+06	0
1.46135e+06	0
1.46145e+06	0
1.46155e+06	0
1.46165e+06	0
1.46175e+06	0
1.46185e+06	0
1.46195e+06	0
1.46205e+06	0
1.46215e+06	0
1.46225e+06	0
1.46235e+06	0
1.46245e+06	0
1.46255e+06	0
1.46265e+06	0
1.46275e+06	0
1.46285e+06	0
1.46295e+06	0
1.46305e+06	0
1.46315e+06	0
1.46325e+06	0
1.46335e+06	0
1.46345e+06	0
1.46355e+06	0
1.46365e+06	0
1.46375e+06	0
1.46385e+06	0
1.46395e+06	0
1.46405e+06	0
1.46415e+06	0
1.46425e+06	0
1.46435e+06	0
1.46445e+06	0
1.46455e+06	0
1.46465e+06	0
1.46475e+06	0
1.46485e+06	0
1.46495e+06	0
1.46505e+06	0
1.46515e+06	0
1.46525e+06	0
1.46535e+06	0
1.46545e+06	0
1.46555e+06	0
1.46565e+06	0
1.46575e+06	0
1.46585e+06	0
1.46595e+06	0
1.46605e+06	0
1.46615e+06	0
1.46625e+06	0
1.46635e+06	0
1.46645e+06	0
1.46655e+06	0
1.46665e+06	0
1.46675e+06	0
1.46685e+06	0
1.46695e+06	0
1.46705e+06	0
1.46715e+06	0
1.46725e+06	0
1.46735e+06	0
1.46745e+06	0
1.46755e+06	0
1.46765e+06	0
1.46775e+06	0
1.46785e+06	0
1.46795e+06	0
1.46805e+06	0
1.46815e+06	0
1.46825e+06	0
1.46835e+06	0
1.46845e+06	0
1.46855e+06	0
1.46865e+06	0
1.46875e+06	0
1.46885e+06	0
1.46895e+06	0
1.46905e+06	0
1.46915e+06	0
1.46925e+06	0
1.46935e+06	0
1.46945e+06	0
1.46955e+06	0
1.46965e+06	0
1.46975e+06	0
1.46985e+06	0
1.46995e+06	0
1.47005e+06	0
1.47015e+06	0
1.47025e+06	0
1.47035e+06	0
1.47045e+06	0
1.47055e+06	0
1.47065e+06	0
1.47075e+06	0
1.47085e+06	0
1.47095e+06	0
1.47105e+06	0
1.47115e+06	0
1.47125e+06	0
1.47135e+06	0
1.47145e+06	0
1.47155e+06	0
1.47165e+06	0
1.47175e+06	0
1.47185e+06	0
1.47195e+06	0
1.47205e+06	0
1.47215e+06	0
1.47225e+06	0
1.47235e+06	0
1.47245e+06	0
1.47255e+06	0
1.47265e+06	0
1.47275e+06	0
1.47285e+06	0
1.47295e+06	0
1.47305e+06	0
1.47315e+06	0
1.47325e+06	0
1.47335e+06	0
1.47345e+06	0
1.47355e+06	0
1.47365e+06	0
1.47375e+06	0
1.47385e+06	0
1.47395e+06	0
1.47405e+06	0
1.47415e+06	0
1.47425e+06	0
1.47435e+06	0
1.47445e+06	0
1.47455e+06	0
1.47465e+06	0
1.47475e+06	0
1.47485e+06	0
1.47495e+06	0
1.47505e+06	0
1.47515e+06	0
1.47525e+06	0
1.47535e+06	0
1.47545e+06	0
1.47555e+06	0
1.47565e+06	0
1.47575e+06	0
1.47585e+06	0
1.47595e+06	0
1.47605e+06	0
1.47615e+06	0
1.47625e+06	0
1.47635e+06	0
1.47645e+06	0
1.47655e+06	0
1.47665e+06	0
1.47675e+06	0
1.47685e+06	0
1.47695e+06	0
1.47705e+06	0
1.47715e+06	0
1.47725e+06	0
1.47735e+06	0
1.47745e+06	0
1.47755e+06	0
1.47765e+06	0
1.47775e+06	0
1.47785e+06	0
1.47795e+06	0
1.47805e+06	0
1.47815e+06	0
1.47825e+06	0
1.47835e+06	0
1.47845e+06	0
1.47855e+06	0
1.47865e+06	0
1.47875e+06	0
1.47885e+06	0
1.47895e+06	0
1.47905e+06	0
1.47915e+06	0
1.47925e+06	0
1.47935e+06	0
1.47945e+06	0
1.47955e+06	0
1.47965e+06	0
1.47975e+06	0
1.47985e+06	0
1.47995e+06	0
1.48005e+06	0
1.48015e+06	0
1.48025e+06	0
1.48035e+06	0
1.48045e+06	0
1.48055e+06	0
1.48065e+06	0
1.48075e+06	0
1.48085e+06	0
1.48095e+06	0
1.48105e+06	0
1.48115e+06	0
1.48125e+06	0
1.48135e+06	0
1.48145e+06	0
1.48155e+06	0
1.48165e+06	0
1.48175e+06	0
1.48185e+06	0
1.48195e+06	0
1.48205e+06	0
1.48215e+06	0
1.48225e+06	0
1.48235e+06	0
1.48245e+06	0
1.48255e+06	0
1.48265e+06	0
1.48275e+06	0
1.48285e+06	0
1.48295e+06	0
1.48305e+06	0
1.48315e+06	0
1.48325e+06	0
1.48335e+06	0
1.48345e+06	0
1.48355e+06	0
1.48365e+06	0
1.48375e+06	0
1.48385e+06	0
1.48395e+06	0
1.48405e+06	0
1.48415e+06	0
1.48425e+06	0
1.48435e+06	0
1.48445e+06	0
1.48455e+06	0
1.48465e+06	0
1.48475e+06	0
1.48485e+06	0
1.48495e+06	0
1.48505e+06	0
1.48515e+06	0
1.48525e+06	0
1.48535e+06	0
1.48545e+06	0
1.48555e+06	0
1.48565e+06	0
1.48575e+06	0
1.48585e+06	0
1.48595e+06	0
1.48605e+06	0
1.48615e+06	0
1.48625e+06	0
1.48635e+06	0
1.48645e+06	0
1.48655e+06	0
1.48665e+06	0
1.48675e+06	0
1.48685e+06	0
1.48695e+06	0
1.48705e+06	0
1.48715e+06	0
1.48725e+06	0
1.48735e+06	0
1.48745e+06	0
1.48755e+06	0
1.48765e+06	0
1.48775e+06	0
1.48785e+06	0
1.48795e+06	0
1.48805e+06	0
1.48815e+06	0
1.48825e+06	0
1.48835e+06	0
1.48845e+06	0
1.48855e+06	0
1.48865e+06	0
1.48875e+06	0
1.48885e+06	0
1.48895e+06	0
1.48905e+06	0
1.48915e+06	0
1.48925e+06	0
1.48935e+06	0
1.48945e+06	0
1.48955e+06	0
1.48965e+06	0
1.48975e+06	0
1.48985e+06	0
1.48995e+06	0
1.49005e+06	0
1.49015e+06	0
1.49025e+06	0
1.49035e+06	0
1.49045e+06	0
1.49055e+06	0
1.49065e+06	0
1.49075e+06	0
1.49085e+06	0
1.49095e+06	0
1.49105e+06	0
1.49115e+06	0
1.49125e+06	0
1.49135e+06	0
1.49145e+06	0
1.49155e+06	0
1.49165e+06	0
1.49175e+06	0
1.49185e+06	0
1.49195e+06	0
1.49205e+06	0
1.49215e+06	0
1.49225e+06	0
1.49235e+06	0
1.49245e+06	0
1.49255e+06	0
1.49265e+06	0
1.49275e+06	0
1.49285e+06	0
1.49295e+06	0
1.49305e+06	0
1.49315e+06	0
1.49325e+06	0
1.49335e+06	0
1.49345e+06	0
1.49355e+06	0
1.49365e+06	0
1.49375e+06	0
1.49385e+06	0
1.49395e+06	0
1.49405e+06	0
1.49415e+06	0
1.49425e+06	0
1.49435e+06	0
1.49445e+06	0
1.49455e+06	0
1.49465e+06	0
1.49475e+06	0
1.49485e+06	0
1.49495e+06	0
1.49505e+06	0
1.49515e+06	0
1.49525e+06	0
1.49535e+06	0
1.49545e+06	0
1.49555e+06	0
1.49565e+06	0
1.49575e+06	0
1.49585e+06	0
1.49595e+06	0
1.49605e+06	0
1.49615e+06	0
1.49625e+06	0
1.49635e+06	0
1.49645e+06	0
1.49655e+06	0
1.49665e+06	0
1.49675e+06	0
1.49685e+06	0
1.49695e+06	0
1.49705e+06	0
1.49715e+06	0
1.49725e+06	0
1.49735e+06	0
1.49745e+06	0
1.49755e+06	0
1.49765e+06	0
1.49775e+06	0
1.49785e+06	0
1.49795e+06	0
1.49805e+06	0
1.49815e+06	0
1.49825e+06	0
1.49835e+06	0
1.49845e+06	0
1.49855e+06	0
1.49865e+06	0
1.49875e+06	0
1.49885e+06	0
1.49895e+06	0
1.49905e+06	0
1.49915e+06	0
1.49925e+06	0
1.49935e+06	0
1.49945e+06	0
1.49955e+06	0
1.49965e+06	0
1.49975e+06	0
1.49985e+06	0
1.49995e+06	0
1.50005e+06	0
1.50015e+06	0
1.50025e+06	0
1.50035e+06	0
1.50045e+06	0
1.50055e+06	0
1.50065e+06	0
1.50075e+06	0
1.50085e+06	0
1.50095e+06	0
1.50105e+06	0
1.50115e+06	0
1.50125e+06	0
1.50135e+06	0
1.50145e+06	0
1.50155e+06	0
1.50165e+06	0
1.50175e+06	0
1.50185e+06	0
1.50195e+06	0
1.50205e+06	0
1.50215e+06	0
1.50225e+06	0
1.50235e+06	0
1.50245e+06	0
1.50255e+06	0
1.50265e+06	0
1.50275e+06	0
1.50285e+06	0
1.50295e+06	0
1.50305e+06	0
1.50315e+06	0
1.50325e+06	0
1.50335e+06	0
1.50345e+06	0
1.50355e+06	0
1.50365e+06	0
1.50375e+06	0
1.50385e+06	0
1.50395e+06	0
1.50405e+06	0
1.50415e+06	0
1.50425e+06	0
1.50435e+06	0
1.50445e+06	0
1.50455e+06	0
1.50465e+06	0
1.50475e+06	0
1.50485e+06	0
1.50495e+06	0
1.50505e+06	0
1.50515e+06	0
1.50525e+06	0
1.50535e+06	0
1.50545e+06	0
1.50555e+06	0
1.50565e+06	0
1.50575e+06	0
1.50585e+06	0
1.50595e+06	0
1.50605e+06	0
1.50615e+06	0
1.50625e+06	0
1.50635e+06	0
1.50645e+06	0
1.50655e+06	0
1.50665e+06	0
1.50675e+06	0
1.50685e+06	0
1.50695e+06	0
1.50705e+06	0
1.50715e+06	0
1.50725e+06	0
1.50735e+06	0
1.50745e+06	0
1.50755e+06	0
1.50765e+06	0
1.50775e+06	0
1.50785e+06	0
1.50795e+06	0
1.50805e+06	0
1.50815e+06	0
1.50825e+06	0
1.50835e+06	0
1.50845e+06	0
1.50855e+06	0
1.50865e+06	0
1.50875e+06	0
1.50885e+06	0
1.50895e+06	0
1.50905e+06	0
1.50915e+06	0
1.50925e+06	0
1.50935e+06	0
1.50945e+06	0
1.50955e+06	0
1.50965e+06	0
1.50975e+06	0
1.50985e+06	0
1.50995e+06	0
1.51005e+06	0
1.51015e+06	0
1.51025e+06	0
1.51035e+06	0
1.51045e+06	0
1.51055e+06	0
1.51065e+06	0
1.51075e+06	0
1.51085e+06	0
1.51095e+06	0
1.51105e+06	0
1.51115e+06	0
1.51125e+06	0
1.51135e+06	0
1.51145e+06	0
1.51155e+06	0
1.51165e+06	0
1.51175e+06	0
1.51185e+06	0
1.51195e+06	0
1.51205e+06	0
1.51215e+06	0
1.51225e+06	0
1.51235e+06	0
1.51245e+06	0
1.51255e+06	0
1.51265e+06	0
1.51275e+06	0
1.51285e+06	0
1.51295e+06	0
1.51305e+06	0
1.51315e+06	0
1.51325e+06	0
1.51335e+06	0
1.51345e+06	0
1.51355e+06	0
1.51365e+06	0
1.51375e+06	0
1.51385e+06	0
1.51395e+06	0
1.51405e+06	0
1.51415e+06	0
1.51425e+06	0
1.51435e+06	0
1.51445e+06	0
1.51455e+06	0
1.51465e+06	0
1.51475e+06	0
1.51485e+06	0
1.51495e+06	0
1.51505e+06	4.94066e-324
1.51515e+06	1.38338e-322
1.51525e+06	6.39321e-321
1.51535e+06	2.94863e-319
1.51545e+06	1.34664e-317
1.51555e+06	6.0889e-316
1.51565e+06	2.72573e-314
1.51575e+06	1.20805e-312
1.51585e+06	5.30082e-311
1.51595e+06	2.30281e-309
1.51605e+06	9.90445e-308
1.51615e+06	4.21755e-306
1.51625e+06	1.77806e-304
1.51635e+06	7.42147e-303
1.51645e+06	3.06683e-301
1.51655e+06	1.25472e-299
1.51665e+06	5.08233e-298
1.51675e+06	2.03814e-296
1.51685e+06	8.09214e-295
1.51695e+06	3.18089e-293
1.51705e+06	1.23792e-291
1.51715e+06	4.76971e-290
1.51725e+06	1.81949e-288
1.51735e+06	6.87168e-287
1.51745e+06	2.56942e-285
1.51755e+06	9.5118e-284
1.51765e+06	3.48616e-282
1.51775e+06	1.265e-280
1.51785e+06	4.54453e-279
1.51795e+06	1.61639e-277
1.51805e+06	5.69193e-276
1.51815e+06	1.9844e-274
1.51825e+06	6.84948e-273
1.51835e+06	2.34068e-271
1.51845e+06	7.91924e-270
1.51855e+06	2.65267e-268
1.51865e+06	8.79707e-267
1.51875e+06	2.88836e-265
1.51885e+06	9.38904e-264
1.51895e+06	3.02168e-262
1.51905e+06	9.62791e-261
1.51915e+06	3.0372e-259
1.51925e+06	9.48574e-258
1.51935e+06	2.9331e-256
1.51945e+06	8.97922e-255
1.51955e+06	2.7215e-253
1.51965e+06	8.16647e-252
1.51975e+06	2.42615e-250
1.51985e+06	7.13606e-249
1.51995e+06	2.07805e-247
1.52005e+06	5.99115e-246
1.52015e+06	1.7101e-244
1.52025e+06	4.83271e-243
1.52035e+06	1.35212e-241
1.52045e+06	3.74541e-240
1.52055e+06	1.02716e-238
1.52065e+06	2.78892e-237
1.52075e+06	7.49704e-236
1.52085e+06	1.99527e-234
1.52095e+06	5.25737e-233
1.52105e+06	1.37149e-231
1.52115e+06	3.54223e-230
1.52125e+06	9.05765e-229
1.52135e+06	2.29304e-227
1.52145e+06	5.74732e-226
1.52155e+06	1.42618e-224
1.52165e+06	3.50383e-223
1.52175e+06	8.52251e-222
1.52185e+06	2.05234e-220
1.52195e+06	4.89314e-219
1.52205e+06	1.155e-217
1.52215e+06	2.69921e-216
1.52225e+06	6.24519e-215
1.52235e+06	1.43058e-213
1.52245e+06	3.24442e-212
1.52255e+06	7.2848e-211
1.52265e+06	1.61941e-209
1.52275e+06	3.56411e-208
1.52285e+06	7.7661e-207
1.52295e+06	1.67537e-205
1.52305e+06	3.57831e-204
1.52315e+06	7.56661e-203
1.52325e+06	1.5841e-201
1.52335e+06	3.28336e-200
1.52345e+06	6.73773e-199
1.52355e+06	1.36888e-197
1.52365e+06	2.75343e-196
1.52375e+06	5.48327e-195
1.52385e+06	1.08109e-193
1.52395e+06	2.11029e-192
1.52405e+06	4.07829e-191
1.52415e+06	7.80319e-190
1.52425e+06	1.47817e-188
1.52435e+06	2.77224e-187
1.52445e+06	5.1475e-186
1.52455e+06	9.46277e-185
1.52465e+06	1.72225e-183
1.52475e+06	3.10337e-182
1.52485e+06	5.53639e-181
1.52495e+06	9.77861e-180
1.52505e+06	1.70995e-178
1.52515e+06	2.96039e-177
1.52525e+06	5.07423e-176
1.52535e+06	8.6109e-175
1.52545e+06	1.44672e-173
1.52555e+06	2.40645e-172
1.52565e+06	3.96302e-171
1.52575e+06	6.4615e-170
1.52585e+06	1.04303e-168
1.52595e+06	1.66693e-167
1.52605e+06	2.63752e-166
1.52615e+06	4.13172e-165
1.52625e+06	6.408e-164
1.52635e+06	9.83947e-163
1.52645e+06	1.49581e-161
1.52655e+06	2.25134e-160
1.52665e+06	3.35476e-159
1.52675e+06	4.94924e-158
1.52685e+06	7.22891e-157
1.52695e+06	1.04536e-155
1.52705e+06	1.49662e-154
1.52715e+06	2.12138e-153
1.52725e+06	2.97701e-152
1.52735e+06	4.13619e-151
1.52745e+06	5.68954e-150
1.52755e+06	7.74837e-149
1.52765e+06	1.04472e-147
1.52775e+06	1.3946e-146
1.52785e+06	1.84312e-145
1.52795e+06	2.41166e-144
1.52805e+06	3.12417e-143
1.52815e+06	4.00692e-142
1.52825e+06	5.08796e-141
1.52835e+06	6.39638e-140
1.52845e+06	7.96125e-139
1.52855e+06	9.81038e-138
1.52865e+06	1.19687e-136
1.52875e+06	1.44566e-135
1.52885e+06	1.72878e-134
1.52895e+06	2.04679e-133
1.52905e+06	2.39918e-132
1.52915e+06	2.78426e-131
1.52925e+06	3.19899e-130
1.52935e+06	3.63893e-129
1.52945e+06	4.09819e-128
1.52955e+06	4.56948e-127
1.52965e+06	5.04427e-126
1.52975e+06	5.51299e-125
1.52985e+06	5.96531e-124
1.52995e+06	6.39052e-123
1.53005e+06	6.77792e-122
1.53015e+06	7.11727e-121
1.53025e+06	7.39925e-120
1.53035e+06	7.61586e-119
1.53045e+06	7.76081e-118
1.53055e+06	7.82983e-117
1.53065e+06	7.82087e-116
1.53075e+06	7.73418e-115
1.53085e+06	7.57236e-114
1.53095e+06	7.34014e-113
1.53105e+06	7.04426e-112
1.53115e+06	6.69303e-111
1.53125e+06	6.29604e-110
1.53135e+06	5.86367e-109
1.53145e+06	5.40665e-108
1.53155e+06	4.93565e-107
1.53165e+06	4.46085e-106
1.53175e+06	3.9916e-105
1.53185e+06	3.53618e-104
1.53195e+06	3.10155e-103
1.53205e+06	2.69327e-102
1.53215e+06	2.31546e-101
1.53225e+06	1.97085e-100
1.53235e+06	1.66083e-99
1.53245e+06	1.38565e-98
1.53255e+06	1.14457e-97
1.53265e+06	9.3602e-97
1.53275e+06	7.57854e-96
1.53285e+06	6.07496e-95
1.53295e+06	4.82123e-94
1.53305e+06	3.78817e-93
1.53315e+06	2.94685e-92
1.53325e+06	2.26957e-91
1.53335e+06	1.73056e-90
1.53345e+06	1.30643e-89
1.53355e+06	9.76437e-89
1.53365e+06	7.22534e-88
1.53375e+06	5.29334e-87
1.53385e+06	3.83935e-86
1.53395e+06	2.75704e-85
1.53405e+06	1.96013e-84
1.53415e+06	1.3797e-83
1.53425e+06	9.61482e-83
1.53435e+06	6.63368e-82
1.53445e+06	4.53132e-81
1.53455e+06	3.06445e-80
1.53465e+06	2.05181e-79
1.53475e+06	1.36013e-78
1.53485e+06	8.92643e-78
1.53495e+06	5.80007e-77
1.53505e+06	3.73118e-76
1.53515e+06	2.37638e-75
1.53525e+06	1.49845e-74
1.53535e+06	9.35464e-74
1.53545e+06	5.78187e-73
1.53555e+06	3.53807e-72
1.53565e+06	2.14349e-71
1.53575e+06	1.28568e-70
1.53585e+06	7.63489e-70
1.53595e+06	4.48879e-69
1.53605e+06	2.61284e-68
1.53615e+06	1.50575e-67
1.53625e+06	8.59114e-67
1.53635e+06	4.85294e-66
1.53645e+06	2.71404e-65
1.53655e+06	1.50275e-64
1.53665e+06	8.2378e-64
1.53675e+06	4.47089e-63
1.53685e+06	2.40234e-62
1.53695e+06	1.278e-61
1.53705e+06	6.73108e-61
1.53715e+06	3.50991e-60
1.53725e+06	1.81202e-59
1.53735e+06	9.26166e-59
1.53745e+06	4.68674e-58
1.53755e+06	2.34807e-57
1.53765e+06	1.16468e-56
1.53775e+06	5.71953e-56
1.53785e+06	2.7808e-55
1.53795e+06	1.33856e-54
1.53805e+06	6.37914e-54
1.53815e+06	3.00984e-53
1.53825e+06	1.40599e-52
1.53835e+06	6.50247e-52
1.53845e+06	2.97736e-51
1.53855e+06	1.34971e-50
1.53865e+06	6.0577e-50
1.53875e+06	2.69173e-49
1.53885e+06	1.18417e-48
1.53895e+06	5.15763e-48
1.53905e+06	2.22405e-47
1.53915e+06	9.49506e-47
1.53925e+06	4.01335e-46
1.53935e+06	1.67947e-45
1.53945e+06	6.95819e-45
1.53955e+06	2.85415e-44
1.53965e+06	1.15908e-43
1.53975e+06	4.66024e-43
1.53985e+06	1.85507e-42
1.53995e+06	7.31086e-42
1.54005e+06	2.85256e-41
1.54015e+06	1.10194e-40
1.54025e+06	4.21441e-40
1.54035e+06	1.59578e-39
1.54045e+06	5.98228e-39
1.54055e+06	2.22033e-38
1.54065e+06	8.15879e-38
1.54075e+06	2.96818e-37
1.54085e+06	1.06909e-36
1.54095e+06	3.81234e-36
1.54105e+06	1.34595e-35
1.54115e+06	4.70459e-35
1.54125e+06	1.62806e-34
1.54135e+06	5.57801e-34
1.54145e+06	1.8921e-33
1.54155e+06	6.35426e-33
1.54165e+06	2.11273e-32
1.54175e+06	6.95471e-32
1.54185e+06	2.26658e-31
1.54195e+06	7.31343e-31
1.54205e+06	2.3363e-30
1.54215e+06	7.3891e-30
1.54225e+06	2.31373e-29
1.54235e+06	7.17283e-29
1.54245e+06	2.20153e-28
1.54255e+06	6.68986e-28
1.54265e+06	2.01264e-27
1.54275e+06	5.99477e-27
1.54285e+06	1.76781e-26
1.54295e+06	5.16126e-26
1.54305e+06	1.49188e-25
1.54315e+06	4.26941e-25
1.54325e+06	1.20965e-24
1.54335e+06	3.39318e-24
1.54345e+06	9.42351e-24
1.54355e+06	2.59105e-23
1.54365e+06	7.05334e-23
1.54375e+06	1.90095e-22
1.54385e+06	5.0723e-22
1.54395e+06	1.33997e-21
1.54405e+06	3.50464e-21
1.54415e+06	9.07504e-21
1.54425e+06	2.32654e-20
1.54435e+06	5.90513e-20
1.54445e+06	1.4839e-19
1.54455e+06	3.6918e-19
1.54465e+06	9.09345e-19
1.54475e+06	2.21756e-18
1.54485e+06	5.35402e-18
1.54495e+06	1.2798e-17
1.54505e+06	3.02873e-17
1.54515e+06	7.09636e-17
1.54525e+06	1.64614e-16
1.54535e+06	3.78057e-16
1.54545e+06	8.59615e-16
1.54555e+06	1.93512e-15
1.54565e+06	4.31289e-15
1.54575e+06	9.51669e-15
1.54585e+06	2.07903e-14
1.54595e+06	4.49669e-14
1.54605e+06	9.62901e-14
1.54615e+06	2.0414e-13
1.54625e+06	4.2848e-13
1.54635e+06	8.90411e-13
1.54645e+06	1.83193e-12
1.54655e+06	3.73149e-12
1.54665e+06	7.52512e-12
1.54675e+06	1.50246e-11
1.54685e+06	2.96994e-11
1.54695e+06	5.81232e-11
1.54705e+06	1.12618e-10
1.54715e+06	2.16036e-10
1.54725e+06	4.10298e-10
1.54735e+06	7.71489e-10
1.54745e+06	1.43621e-09
1.54755e+06	2.64705e-09
1.54765e+06	4.83019e-09
1.54775e+06	8.72615e-09
1.54785e+06	1.56077e-08
1.54795e+06	2.76383e-08
1.54805e+06	4.84553e-08
1.54815e+06	8.41063e-08
1.54825e+06	1.44535e-07
1.54835e+06	2.45909e-07
1.54845e+06	4.14221e-07
1.54855e+06	6.90792e-07
1.54865e+06	1.14056e-06
1.54875e+06	1.86444e-06
1.54885e+06	3.01742e-06
1.54895e+06	4.83481e-06
1.54905e+06	7.66973e-06
1.54915e+06	1.20459e-05
1.54925e+06	1.87306e-05
1.54935e+06	2.88353e-05
1.54945e+06	4.39494e-05
1.54955e+06	6.63191e-05
1.54965e+06	9.9079e-05
1.54975e+06	0.000146549
1.54985e+06	0.000214604
1.54995e+06	0.000311138
1.55005e+06	0.000446605
1.55015e+06	0.000634676
1.55025e+06	0.000892971
1.55035e+06	0.00124388
1.55045e+06	0.00171545
1.55055e+06	0.00234226
1.55065e+06	0.00316628
1.55075e+06	0.00423759
1.55085e+06	0.00561496
1.55095e+06	0.00736599
1.55105e+06	0.00956694
1.55115e+06	0.0123019
1.55125e+06	0.0156613
1.55135e+06	0.0197397
1.55145e+06	0.0246326
1.55155e+06	0.0304325
1.55165e+06	0.0372238
1.55175e+06	0.0450778
1.55185e+06	0.0540456
1.55195e+06	0.0641528
1.55205e+06	0.0753924
1.55215e+06	0.0877197
1.55225e+06	0.101047
1.55235e+06	0.115241
1.55245e+06	0.130121
1.55255e+06	0.14546
1.55265e+06	0.16099
1.55275e+06	0.176405
1.55285e+06	0.191373
1.55295e+06	0.205544
1.55305e+06	0.218569
1.55315e+06	0.230106
1.55325e+06	0.239842
1.55335e+06	0.247503
1.55345e+06	0.252867
1.55355e+06	0.255778
1.55365e+06	0.256148
1.55375e+06	0.253968
1.55385e+06	0.249304
1.55395e+06	0.242293
1.55405e+06	0.233143
1.55415e+06	0.222115
1.55425e+06	0.209518
1.55435e+06	0.195692
1.55445e+06	0.180996
1.55455e+06	0.165792
1.55465e+06	0.150438
1.55475e+06	0.135272
1.55485e+06	0.120609
1.55495e+06	0.106738
1.55505e+06	0.0939158
1.55515e+06	0.0823771
1.55525e+06	0.0723355
1.55535e+06	0.0639955
1.55545e+06	0.0575631
1.55555e+06	0.0532599
1.55565e+06	0.0513374
1.55575e+06	0.0520918
1.55585e+06	0.0558778
1.55595e+06	0.0631206
1.55605e+06	0.0743244
1.55615e+06	0.0900771
1.55625e+06	0.111048
1.55635e+06	0.137982
1.55645e+06	0.171679
1.55655e+06	0.212976
1.55665e+06	0.262707
1.55675e+06	0.321663
1.55685e+06	0.390546
1.55695e+06	0.469905
1.55705e+06	0.560081
1.55715e+06	0.661143
1.55725e+06	0.772833
1.55735e+06	0.89451
1.55745e+06	1.02512
1.55755e+06	1.16315
1.55765e+06	1.30668
1.55775e+06	1.45333
1.55785e+06	1.60038
1.55795e+06	1.74477
1.55805e+06	1.88328
1.55815e+06	2.01255
1.55825e+06	2.1293
1.55835e+06	2.23041
1.55845e+06	2.31308
1.55855e+06	2.37494
1.55865e+06	2.41419
1.55875e+06	2.42968
1.55885e+06	2.42093
1.55895e+06	2.38821
1.55905e+06	2.33249
1.55915e+06	2.25541
1.55925e+06	2.15917
1.55935e+06	2.04647
1.55945e+06	1.92036
1.55955e+06	1.78408
1.55965e+06	1.64098
1.55975e+06	1.49435
1.55985e+06	1.34727
1.55995e+06	1.20259
1.56005e+06	1.06276
1.56015e+06	0.929845
1.56025e+06	0.805458
1.56035e+06	0.690768
1.56045e+06	0.586514
1.56055e+06	0.49304
1.56065e+06	0.410339
1.56075e+06	0.338112
1.56085e+06	0.275826
1.56095e+06	0.222775
1.56105e+06	0.178138
1.56115e+06	0.141027
1.56125e+06	0.110536
1.56135e+06	0.0857757
1.56145e+06	0.0658994
1.56155e+06	0.0501251
1.56165e+06	0.0377474
1.56175e+06	0.0281433
1.56185e+06	0.020774
1.56195e+06	0.0151818
1.56205e+06	0.0109845
1.56215e+06	0.00786861
1.56225e+06	0.00558048
1.56235e+06	0.00391834
1.56245e+06	0.00272389
1.56255e+06	0.00187471
1.56265e+06	0.00127743
1.56275e+06	0.000861776
1.56285e+06	0.000575586
1.56295e+06	0.000380613
1.56305e+06	0.00024918
1.56315e+06	0.00016151
1.56325e+06	0.000103644
1.56335e+06	6.58484e-05
1.56345e+06	4.14193e-05
1.56355e+06	2.5794e-05
1.56365e+06	1.59034e-05
1.56375e+06	9.70778e-06
1.56385e+06	5.86687e-06
1.56395e+06	3.51034e-06
1.56405e+06	2.07946e-06
1.56415e+06	1.21957e-06
1.56425e+06	7.08145e-07
1.56435e+06	4.07093e-07
1.56445e+06	2.31698e-07
1.56455e+06	1.30559e-07
1.56465e+06	7.28368e-08
1.56475e+06	4.02301e-08
1.56485e+06	2.19992e-08
1.56495e+06	1.19103e-08
1.56505e+06	6.384e-09
1.56515e+06	3.38782e-09
1.56525e+06	1.77994e-09
1.56535e+06	9.25866e-10
1.56545e+06	4.76812e-10
1.56555e+06	2.4311e-10
1.56565e+06	1.2272e-10
1.56575e+06	6.1332e-11
1.56585e+06	3.03469e-11
1.56595e+06	1.48662e-11
1.56605e+06	7.21009e-12
1.56615e+06	3.4621e-12
1.56625e+06	1.64587e-12
1.56635e+06	7.74654e-13
1.56645e+06	3.60975e-13
1.56655e+06	1.66535e-13
1.56665e+06	7.60656e-14
1.56675e+06	3.43977e-14
1.56685e+06	1.54002e-14
1.56695e+06	6.82625e-15
1.56705e+06	2.99567e-15
1.56715e+06	1.30156e-15
1.56725e+06	5.59873e-16
1.56735e+06	2.38437e-16
1.56745e+06	1.00534e-16
1.56755e+06	4.19673e-17
1.56765e+06	1.73446e-17
1.56775e+06	7.09703e-18
1.56785e+06	2.87505e-18
1.56795e+06	1.15311e-18
1.56805e+06	4.57882e-19
1.56815e+06	1.80009e-19
1.56825e+06	7.00632e-20
1.56835e+06	2.69987e-20
1.56845e+06	1.03004e-20
1.56855e+06	3.89065e-21
1.56865e+06	1.45495e-21
1.56875e+06	5.38678e-22
1.56885e+06	1.97455e-22
1.56895e+06	7.1658e-23
1.56905e+06	2.57465e-23
1.56915e+06	9.15858e-24
1.56925e+06	3.22549e-24
1.56935e+06	1.12466e-24
1.56945e+06	3.88241e-25
1.56955e+06	1.3269e-25
1.56965e+06	4.48989e-26
1.56975e+06	1.50414e-26
1.56985e+06	4.98882e-27
1.56995e+06	1.63819e-27
1.57005e+06	5.32584e-28
1.57015e+06	1.71423e-28
1.57025e+06	5.46269e-29
1.57035e+06	1.72346e-29
1.57045e+06	5.38336e-30
1.57055e+06	1.6648e-30
1.57065e+06	5.09717e-31
1.57075e+06	1.54508e-31
1.57085e+06	4.63695e-32
1.57095e+06	1.37775e-32
1.57105e+06	4.05288e-33
1.57115e+06	1.18036e-33
1.57125e+06	3.40348e-34
1.57135e+06	9.71603e-35
1.57145e+06	2.74607e-35
1.57155e+06	7.68407e-36
1.57165e+06	2.12876e-36
1.57175e+06	5.83877e-37
1.57185e+06	1.58552e-37
1.57195e+06	4.26265e-38
1.57205e+06	1.13461e-38
1.57215e+06	2.98997e-39
1.57225e+06	7.80092e-40
1.57235e+06	2.01503e-40
1.57245e+06	5.15317e-41
1.57255e+06	1.30474e-41
1.57265e+06	3.27064e-42
1.57275e+06	8.11702e-43
1.57285e+06	1.99443e-43
1.57295e+06	4.85172e-44
1.57305e+06	1.16851e-44
1.57315e+06	2.78627e-45
1.57325e+06	6.57769e-46
1.57335e+06	1.53738e-46
1.57345e+06	3.55749e-47
1.57355e+06	8.15013e-48
1.57365e+06	1.8486e-48
1.57375e+06	4.15123e-49
1.57385e+06	9.2293e-50
1.57395e+06	2.0315e-50
1.57405e+06	4.42714e-51
1.57415e+06	9.55183e-52
1.57425e+06	2.04036e-52
1.57435e+06	4.31503e-53
1.57445e+06	9.03479e-54
1.57455e+06	1.87288e-54
1.57465e+06	3.84377e-55
1.57475e+06	7.81022e-56
1.57485e+06	1.57118e-56
1.57495e+06	3.12928e-57
1.57505e+06	6.17051e-58
1.57515e+06	1.20463e-58
1.57525e+06	2.32834e-59
1.57535e+06	4.45547e-60
1.57545e+06	8.44108e-61
1.57555e+06	1.58329e-61
1.57565e+06	2.94021e-62
1.57575e+06	5.40573e-63
1.57585e+06	9.83983e-64
1.57595e+06	1.77328e-64
1.57605e+06	3.16391e-65
1.57615e+06	5.58893e-66
1.57625e+06	9.7744e-67
1.57635e+06	1.69242e-67
1.57645e+06	2.90124e-68
1.57655e+06	4.92397e-69
1.57665e+06	8.2738e-70
1.57675e+06	1.37642e-70
1.57685e+06	2.26702e-71
1.57695e+06	3.69671e-72
1.57705e+06	5.96806e-73
1.57715e+06	9.53911e-74
1.57725e+06	1.50952e-74
1.57735e+06	2.36499e-75
1.57745e+06	3.66838e-76
1.57755e+06	5.63349e-77
1.57765e+06	8.56533e-78
1.57775e+06	1.29026e-78
1.57785e+06	1.98666e-79
1.57795e+06	7.2286e-80
1.57805e+06	2.97221e-79
1.57815e+06	1.93618e-78
1.57825e+06	1.2656e-77
1.57835e+06	8.19283e-77
1.57845e+06	5.25086e-76
1.57855e+06	3.33184e-75
1.57865e+06	2.09313e-74
1.57875e+06	1.30186e-73
1.57885e+06	8.01657e-73
1.57895e+06	4.88732e-72
1.57905e+06	2.94992e-71
1.57915e+06	1.76281e-70
1.57925e+06	1.04294e-69
1.57935e+06	6.109e-69
1.57945e+06	3.54273e-68
1.57955e+06	2.03405e-67
1.57965e+06	1.15623e-66
1.57975e+06	6.50702e-66
1.57985e+06	3.62558e-65
1.57995e+06	2e-64
1.58005e+06	1.0923e-63
1.58015e+06	5.90619e-63
1.58025e+06	3.16178e-62
1.58035e+06	1.67576e-61
1.58045e+06	8.79326e-61
1.58055e+06	4.5682e-60
1.58065e+06	2.34962e-59
1.58075e+06	1.19648e-58
1.58085e+06	6.03216e-58
1.58095e+06	3.0109e-57
1.58105e+06	1.48791e-56
1.58115e+06	7.2797e-56
1.58125e+06	3.52621e-55
1.58135e+06	1.69106e-54
1.58145e+06	8.02912e-54
1.58155e+06	3.77428e-53
1.58165e+06	1.75653e-52
1.58175e+06	8.0935e-52
1.58185e+06	3.6921e-51
1.58195e+06	1.6675e-50
1.58205e+06	7.4562e-50
1.58215e+06	3.30085e-49
1.58225e+06	1.44674e-48
1.58235e+06	6.27787e-48
1.58245e+06	2.69707e-47
1.58255e+06	1.14717e-46
1.58265e+06	4.83082e-46
1.58275e+06	2.01405e-45
1.58285e+06	8.3134e-45
1.58295e+06	3.39737e-44
1.58305e+06	1.37456e-43
1.58315e+06	5.50608e-43
1.58325e+06	2.18363e-42
1.58335e+06	8.57375e-42
1.58345e+06	3.33289e-41
1.58355e+06	1.28271e-40
1.58365e+06	4.88755e-40
1.58375e+06	1.84379e-39
1.58385e+06	6.88636e-39
1.58395e+06	2.54639e-38
1.58405e+06	9.32216e-38
1.58415e+06	3.37883e-37
1.58425e+06	1.21247e-36
1.58435e+06	4.3076e-36
1.58445e+06	1.51515e-35
1.58455e+06	5.27634e-35
1.58465e+06	1.81914e-34
1.58475e+06	6.20952e-34
1.58485e+06	2.09849e-33
1.58495e+06	7.02121e-33
1.58505e+06	2.32581e-32
1.58515e+06	7.62771e-32
1.58525e+06	2.47669e-31
1.58535e+06	7.96168e-31
1.58545e+06	2.53393e-30
1.58555e+06	7.98442e-30
1.58565e+06	2.49085e-29
1.58575e+06	7.69325e-29
1.58585e+06	2.3525e-28
1.58595e+06	7.12205e-28
1.58605e+06	2.13471e-27
1.58615e+06	6.33473e-27
1.58625e+06	1.86112e-26
1.58635e+06	5.41352e-26
1.58645e+06	1.55898e-25
1.58655e+06	4.44487e-25
1.58665e+06	1.25469e-24
1.58675e+06	3.50645e-24
1.58685e+06	9.7019e-24
1.58695e+06	2.65768e-23
1.58705e+06	7.20787e-23
1.58715e+06	1.93539e-22
1.58725e+06	5.145e-22
1.58735e+06	1.35413e-21
1.58745e+06	3.52852e-21
1.58755e+06	9.10292e-21
1.58765e+06	2.32502e-20
1.58775e+06	5.87936e-20
1.58785e+06	1.47194e-19
1.58795e+06	3.64844e-19
1.58805e+06	8.95326e-19
1.58815e+06	2.17527e-18
1.58825e+06	5.2324e-18
1.58835e+06	1.24608e-17
1.58845e+06	2.93798e-17
1.58855e+06	6.85817e-17
1.58865e+06	1.58498e-16
1.58875e+06	3.62659e-16
1.58885e+06	8.2154e-16
1.58895e+06	1.84254e-15
1.58905e+06	4.0913e-15
1.58915e+06	8.99421e-15
1.58925e+06	1.95759e-14
1.58935e+06	4.2183e-14
1.58945e+06	8.99934e-14
1.58955e+06	1.90082e-13
1.58965e+06	3.97492e-13
1.58975e+06	8.22947e-13
1.58985e+06	1.68684e-12
1.58995e+06	3.42319e-12
1.59005e+06	6.87776e-12
1.59015e+06	1.3681e-11
1.59025e+06	2.69432e-11
1.59035e+06	5.25333e-11
1.59045e+06	1.01409e-10
1.59055e+06	1.93811e-10
1.59065e+06	3.66722e-10
1.59075e+06	6.86992e-10
1.59085e+06	1.27416e-09
1.59095e+06	2.33966e-09
1.59105e+06	4.25342e-09
1.59115e+06	7.65563e-09
1.59125e+06	1.36421e-08
1.59135e+06	2.40679e-08
1.59145e+06	4.20389e-08
1.59155e+06	7.26981e-08
1.59165e+06	1.24466e-07
1.59175e+06	2.10978e-07
1.59185e+06	3.54061e-07
1.59195e+06	5.88272e-07
1.59205e+06	9.67686e-07
1.59215e+06	1.57597e-06
1.59225e+06	2.54108e-06
1.59235e+06	4.05645e-06
1.59245e+06	6.41108e-06
1.59255e+06	1.00317e-05
1.59265e+06	1.55408e-05
1.59275e+06	2.38358e-05
1.59285e+06	3.61945e-05
1.59295e+06	5.44143e-05
1.59305e+06	8.09919e-05
1.59315e+06	0.000119351
1.59325e+06	0.000174129
1.59335e+06	0.000251519
1.59345e+06	0.000359691
1.59355e+06	0.000509269
1.59365e+06	0.000713876
1.59375e+06	0.000990735
1.59385e+06	0.00136129
1.59395e+06	0.00185186
1.59405e+06	0.00249416
1.59415e+06	0.00332585
1.59425e+06	0.00439084
1.59435e+06	0.00573931
1.59445e+06	0.00742748
1.59455e+06	0.00951697
1.59465e+06	0.0120736
1.59475e+06	0.0151657
1.59485e+06	0.0188618
1.59495e+06	0.0232282
1.59505e+06	0.0283252
1.59515e+06	0.0342041
1.59525e+06	0.0409033
1.59535e+06	0.0484453
1.59545e+06	0.0568336
1.59555e+06	0.0660514
1.59565e+06	0.0760612
1.59575e+06	0.0868069
1.59585e+06	0.0982184
1.59595e+06	0.110219
1.59605e+06	0.122734
1.59615e+06	0.135708
1.59625e+06	0.14912
1.59635e+06	0.163004
1.59645e+06	0.177471
1.59655e+06	0.192732
1.59665e+06	0.209127
1.59675e+06	0.227143
1.59685e+06	0.247436
1.59695e+06	0.270846
1.59705e+06	0.298406
1.59715e+06	0.331342
1.59725e+06	0.371054
1.59735e+06	0.419102
1.59745e+06	0.477156
1.59755e+06	0.546945
1.59765e+06	0.630192
1.59775e+06	0.728525
1.59785e+06	0.843389
1.59795e+06	0.975942
1.59805e+06	1.12695
1.59815e+06	1.29671
1.59825e+06	1.48491
1.59835e+06	1.69062
1.59845e+06	1.9122
1.59855e+06	2.1473
1.59865e+06	2.39285
1.59875e+06	2.64519
1.59885e+06	2.90004
1.59895e+06	3.15276
1.59905e+06	3.39839
1.59915e+06	3.63193
1.59925e+06	3.84846
1.59935e+06	4.04338
1.59945e+06	4.21256
1.59955e+06	4.35255
1.59965e+06	4.46065
1.59975e+06	4.53507
1.59985e+06	4.57492
1.59995e+06	4.58022
1.60005e+06	4.5519
1.60015e+06	4.49164
1.60025e+06	4.4018
1.60035e+06	4.28529
1.60045e+06	4.14536
1.60055e+06	3.98553
1.60065e+06	3.80936
1.60075e+06	3.62038
1.60085e+06	3.42199
1.60095e+06	3.21734
1.60105e+06	3.00931
1.60115e+06	2.80045
1.60125e+06	2.59303
1.60135e+06	2.38898
1.60145e+06	2.18996
1.60155e+06	1.99736
1.60165e+06	1.81234
1.60175e+06	1.63585
1.60185e+06	1.46864
1.60195e+06	1.31132
1.60205e+06	1.16431
1.60215e+06	1.02789
1.60225e+06	0.90221
1.60235e+06	0.78726
1.60245e+06	0.682908
1.60255e+06	0.588896
1.60265e+06	0.504849
1.60275e+06	0.430292
1.60285e+06	0.364665
1.60295e+06	0.307342
1.60305e+06	0.257652
1.60315e+06	0.214894
1.60325e+06	0.178365
1.60335e+06	0.147368
1.60345e+06	0.121236
1.60355e+06	0.0993374
1.60365e+06	0.0810882
1.60375e+06	0.0659572
1.60385e+06	0.0534693
1.60395e+06	0.0432051
1.60405e+06	0.0347997
1.60415e+06	0.0279397
1.60425e+06	0.0223581
1.60435e+06	0.0178302
1.60445e+06	0.0141679
1.60455e+06	0.0112151
1.60465e+06	0.00884273
1.60475e+06	0.00694445
1.60485e+06	0.00543299
1.60495e+06	0.00423688
1.60505e+06	0.00329769
1.60515e+06	0.00256777
1.60525e+06	0.00200838
1.60535e+06	0.00158815
1.60545e+06	0.0012818
1.60555e+06	0.00106912
1.60565e+06	0.000934023
1.60575e+06	0.000863869
1.60585e+06	0.000848749
1.60595e+06	0.000880931
1.60605e+06	0.00095435
1.60615e+06	0.00106414
1.60625e+06	0.00120624
1.60635e+06	0.00137704
1.60645e+06	0.00157305
1.60655e+06	0.0017907
1.60665e+06	0.00202613
1.60675e+06	0.00227504
1.60685e+06	0.00253264
1.60695e+06	0.00279369
1.60705e+06	0.00305249
1.60715e+06	0.00330304
1.60725e+06	0.0035392
1.60735e+06	0.00375491
1.60745e+06	0.00394436
1.60755e+06	0.0041023
1.60765e+06	0.00422419
1.60775e+06	0.00430649
1.60785e+06	0.00434673
1.60795e+06	0.00434371
1.60805e+06	0.00429752
1.60815e+06	0.00420952
1.60825e+06	0.0040823
1.60835e+06	0.00391953
1.60845e+06	0.00372581
1.60855e+06	0.00350642
1.60865e+06	0.00326712
1.60875e+06	0.00301386
1.60885e+06	0.00275256
1.60895e+06	0.00248891
1.60905e+06	0.00222812
1.60915e+06	0.00197481
1.60925e+06	0.00173288
1.60935e+06	0.00150546
1.60945e+06	0.00129487
1.60955e+06	0.00110265
1.60965e+06	0.000929631
1.60975e+06	0.00077596
1.60985e+06	0.000641246
1.60995e+06	0.000524647
1.61005e+06	0.000424978
1.61015e+06	0.000340819
1.61025e+06	0.000270606
1.61035e+06	0.00021272
1.61045e+06	0.000165552
1.61055e+06	0.000127562
1.61065e+06	9.73111e-05
1.61075e+06	7.34956e-05
1.61085e+06	5.49563e-05
1.61095e+06	4.06847e-05
1.61105e+06	2.98195e-05
1.61115e+06	2.16385e-05
1.61125e+06	1.55458e-05
1.61135e+06	1.10574e-05
1.61145e+06	7.78667e-06
1.61155e+06	5.42884e-06
1.61165e+06	3.74731e-06
1.61175e+06	2.56088e-06
1.61185e+06	1.73267e-06
1.61195e+06	1.16065e-06
1.61205e+06	7.69733e-07
1.61215e+06	5.05403e-07
1.61225e+06	3.28543e-07
1.61235e+06	2.11449e-07
1.61245e+06	1.34733e-07
1.61255e+06	8.49962e-08
1.61265e+06	5.30863e-08
1.61275e+06	3.28264e-08
1.61285e+06	2.00965e-08
1.61295e+06	1.21807e-08
1.61305e+06	7.30946e-09
1.61315e+06	4.34264e-09
1.61325e+06	2.55434e-09
1.61335e+06	1.48751e-09
1.61345e+06	8.57631e-10
1.61355e+06	4.8955e-10
1.61365e+06	2.76663e-10
1.61375e+06	1.54797e-10
1.61385e+06	8.5749e-11
1.61395e+06	4.70277e-11
1.61405e+06	2.5535e-11
1.61415e+06	1.3727e-11
1.61425e+06	7.30584e-12
1.61435e+06	3.84967e-12
1.61445e+06	2.00832e-12
1.61455e+06	1.03729e-12
1.61465e+06	5.30426e-13
1.61475e+06	2.68538e-13
1.61485e+06	1.346e-13
1.61495e+06	6.67943e-14
1.61505e+06	3.28165e-14
1.61515e+06	1.59625e-14
1.61525e+06	7.68719e-15
1.61535e+06	3.66514e-15
1.61545e+06	1.7301e-15
1.61555e+06	8.08554e-16
1.61565e+06	3.74114e-16
1.61575e+06	1.71378e-16
1.61585e+06	7.77257e-17
1.61595e+06	3.49004e-17
1.61605e+06	1.55151e-17
1.61615e+06	6.82862e-18
1.61625e+06	2.97557e-18
1.61635e+06	1.2837e-18
1.61645e+06	5.48296e-19
1.61655e+06	2.31859e-19
1.61665e+06	9.70708e-20
1.61675e+06	4.02357e-20
1.61685e+06	1.65116e-20
1.61695e+06	6.70852e-21
1.61705e+06	2.69849e-21
1.61715e+06	1.07466e-21
1.61725e+06	4.23719e-22
1.61735e+06	1.65403e-22
1.61745e+06	6.39241e-23
1.61755e+06	2.44593e-23
1.61765e+06	9.26572e-24
1.61775e+06	3.47514e-24
1.61785e+06	1.29039e-24
1.61795e+06	4.74383e-25
1.61805e+06	1.7266e-25
1.61815e+06	6.22177e-26
1.61825e+06	2.21969e-26
1.61835e+06	7.8402e-27
1.61845e+06	2.7417e-27
1.61855e+06	9.49224e-28
1.61865e+06	3.25368e-28
1.61875e+06	1.10418e-28
1.61885e+06	3.70987e-29
1.61895e+06	1.23406e-29
1.61905e+06	4.06416e-30
1.61915e+06	1.32514e-30
1.61925e+06	4.27771e-31
1.61935e+06	1.36715e-31
1.61945e+06	4.32593e-32
1.61955e+06	1.35519e-32
1.61965e+06	4.20316e-33
1.61975e+06	1.29066e-33
1.61985e+06	3.92375e-34
1.61995e+06	1.181e-34
1.62005e+06	3.51929e-35
1.62015e+06	1.03829e-35
1.62025e+06	3.03274e-36
1.62035e+06	8.77025e-37
1.62045e+06	2.51099e-37
1.62055e+06	7.11764e-38
1.62065e+06	1.99748e-38
1.62075e+06	5.54993e-39
1.62085e+06	1.52668e-39
1.62095e+06	4.15784e-40
1.62105e+06	1.1211e-40
1.62115e+06	2.99279e-41
1.62125e+06	7.90981e-42
1.62135e+06	2.06973e-42
1.62145e+06	5.36188e-43
1.62155e+06	1.37524e-43
1.62165e+06	3.49217e-44
1.62175e+06	8.77952e-45
1.62185e+06	2.18526e-45
1.62195e+06	5.38508e-46
1.62205e+06	1.31383e-46
1.62215e+06	3.17352e-47
1.62225e+06	7.5893e-48
1.62235e+06	1.79688e-48
1.62245e+06	4.21205e-49
1.62255e+06	9.77519e-50
1.62265e+06	2.24602e-50
1.62275e+06	5.10927e-51
1.62285e+06	1.1507e-51
1.62295e+06	2.56579e-52
1.62305e+06	5.6642e-53
1.62315e+06	1.23798e-53
1.62325e+06	2.67886e-54
1.62335e+06	5.74112e-55
1.62345e+06	1.22841e-55
1.62355e+06	3.12144e-56
1.62365e+06	3.36309e-56
1.62375e+06	1.41515e-55
1.62385e+06	6.89633e-55
1.62395e+06	3.35109e-54
1.62405e+06	1.61265e-53
1.62415e+06	7.68348e-53
1.62425e+06	3.62437e-52
1.62435e+06	1.69264e-51
1.62445e+06	7.82622e-51
1.62455e+06	3.58259e-50
1.62465e+06	1.62368e-49
1.62475e+06	7.28551e-49
1.62485e+06	3.23651e-48
1.62495e+06	1.42348e-47
1.62505e+06	6.19843e-47
1.62515e+06	2.67221e-46
1.62525e+06	1.14055e-45
1.62535e+06	4.81967e-45
1.62545e+06	2.0164e-44
1.62555e+06	8.35205e-44
1.62565e+06	3.42505e-43
1.62575e+06	1.39059e-42
1.62585e+06	5.58966e-42
1.62595e+06	2.22449e-41
1.62605e+06	8.7646e-41
1.62615e+06	3.41894e-40
1.62625e+06	1.32041e-39
1.62635e+06	5.04872e-39
1.62645e+06	1.91122e-38
1.62655e+06	7.16307e-38
1.62665e+06	2.65793e-37
1.62675e+06	9.7644e-37
1.62685e+06	3.55144e-36
1.62695e+06	1.27885e-35
1.62705e+06	4.55925e-35
1.62715e+06	1.60925e-34
1.62725e+06	5.62356e-34
1.62735e+06	1.94561e-33
1.62745e+06	6.66435e-33
1.62755e+06	2.26004e-32
1.62765e+06	7.58809e-32
1.62775e+06	2.52235e-31
1.62785e+06	8.3011e-31
1.62795e+06	2.70472e-30
1.62805e+06	8.72504e-30
1.62815e+06	2.78657e-29
1.62825e+06	8.81106e-29
1.62835e+06	2.75832e-28
1.62845e+06	8.54904e-28
1.62855e+06	2.6233e-27
1.62865e+06	7.96958e-27
1.62875e+06	2.39707e-26
1.62885e+06	7.13809e-26
1.62895e+06	2.10446e-25
1.62905e+06	6.14267e-25
1.62915e+06	1.77513e-24
1.62925e+06	5.0788e-24
1.62935e+06	1.43863e-23
1.62945e+06	4.03454e-23
1.62955e+06	1.1202e-22
1.62965e+06	3.07932e-22
1.62975e+06	8.38054e-22
1.62985e+06	2.25811e-21
1.62995e+06	6.02389e-21
1.63005e+06	1.59098e-20
1.63015e+06	4.16017e-20
1.63025e+06	1.07699e-19
1.63035e+06	2.76041e-19
1.63045e+06	7.00472e-19
1.63055e+06	1.75981e-18
1.63065e+06	4.3772e-18
1.63075e+06	1.07792e-17
1.63085e+06	2.62804e-17
1.63095e+06	6.3436e-17
1.63105e+06	1.51599e-16
1.63115e+06	3.58686e-16
1.63125e+06	8.40215e-16
1.63135e+06	1.9486e-15
1.63145e+06	4.47418e-15
1.63155e+06	1.01709e-14
1.63165e+06	2.2891e-14
1.63175e+06	5.10067e-14
1.63185e+06	1.12524e-13
1.63195e+06	2.45767e-13
1.63205e+06	5.31445e-13
1.63215e+06	1.13776e-12
1.63225e+06	2.41156e-12
1.63235e+06	5.06063e-12
1.63245e+06	1.0514e-11
1.63255e+06	2.16267e-11
1.63265e+06	4.40422e-11
1.63275e+06	8.87983e-11
1.63285e+06	1.77255e-10
1.63295e+06	3.50307e-10
1.63305e+06	6.85422e-10
1.63315e+06	1.32777e-09
1.63325e+06	2.54652e-09
1.63335e+06	4.83536e-09
1.63345e+06	9.09007e-09
1.63355e+06	1.69186e-08
1.63365e+06	3.11758e-08
1.63375e+06	5.68759e-08
1.63385e+06	1.0273e-07
1.63395e+06	1.83706e-07
1.63405e+06	3.25243e-07
1.63415e+06	5.70098e-07
1.63425e+06	9.89348e-07
1.63435e+06	1.69983e-06
1.63445e+06	2.89149e-06
1.63455e+06	4.86961e-06
1.63465e+06	8.1194e-06
1.63475e+06	1.34033e-05
1.63485e+06	2.19058e-05
1.63495e+06	3.54456e-05
1.63505e+06	5.67837e-05
1.63515e+06	9.00623e-05
1.63525e+06	0.000141423
1.63535e+06	0.000219865
1.63545e+06	0.000338415
1.63555e+06	0.000515704
1.63565e+06	0.000778053
1.63575e+06	0.00116219
1.63585e+06	0.00171871
1.63595e+06	0.00251643
1.63605e+06	0.00364776
1.63615e+06	0.00523512
1.63625e+06	0.00743848
1.63635e+06	0.0104641
1.63645e+06	0.0145739
1.63655e+06	0.0200959
1.63665e+06	0.0274346
1.63675e+06	0.0370807
1.63685e+06	0.0496198
1.63695e+06	0.0657387
1.63705e+06	0.0862276
1.63715e+06	0.111977
1.63725e+06	0.14397
1.63735e+06	0.183262
1.63745e+06	0.230957
1.63755e+06	0.28817
1.63765e+06	0.35598
1.63775e+06	0.435372
1.63785e+06	0.527175
1.63795e+06	0.631987
1.63805e+06	0.750102
1.63815e+06	0.881438
1.63825e+06	1.02547
1.63835e+06	1.18117
1.63845e+06	1.34698
1.63855e+06	1.52079
1.63865e+06	1.69995
1.63875e+06	1.88133
1.63885e+06	2.06134
1.63895e+06	2.23613
1.63905e+06	2.40161
1.63915e+06	2.55369
1.63925e+06	2.6884
1.63935e+06	2.80207
1.63945e+06	2.89151
1.63955e+06	2.95414
1.63965e+06	2.98811
1.63975e+06	2.99242
1.63985e+06	2.96694
1.63995e+06	2.91243
1.64005e+06	2.8305
1.64015e+06	2.72353
1.64025e+06	2.59454
1.64035e+06	2.4471
1.64045e+06	2.28509
1.64055e+06	2.11259
1.64065e+06	1.9337
1.64075e+06	1.75236
1.64085e+06	1.57224
1.64095e+06	1.39662
1.64105e+06	1.22828
1.64115e+06	1.0695
1.64125e+06	0.921988
1.64135e+06	0.786922
1.64145e+06	0.664969
1.64155e+06	0.556331
1.64165e+06	0.460817
1.64175e+06	0.37791
1.64185e+06	0.30684
1.64195e+06	0.246662
1.64205e+06	0.196318
1.64215e+06	0.1547
1.64225e+06	0.120698
1.64235e+06	0.0932395
1.64245e+06	0.07132
1.64255e+06	0.054022
1.64265e+06	0.0405267
1.64275e+06	0.0301186
1.64285e+06	0.0221845
1.64295e+06	0.0162081
1.64305e+06	0.0117621
1.64315e+06	0.00849858
1.64325e+06	0.00613857
1.64335e+06	0.00446184
1.64345e+06	0.00329689
1.64355e+06	0.00251206
1.64365e+06	0.00200749
1.64375e+06	0.00170834
1.64385e+06	0.00155903
1.64395e+06	0.00151856
1.64405e+06	0.00155668
1.64415e+06	0.001651
1.64425e+06	0.00178466
1.64435e+06	0.00194468
1.64445e+06	0.00212068
1.64455e+06	0.00230405
1.64465e+06	0.00248737
1.64475e+06	0.00266407
1.64485e+06	0.00282827
1.64495e+06	0.00297471
1.64505e+06	0.00309877
1.64515e+06	0.00319658
1.64525e+06	0.00326507
1.64535e+06	0.00330207
1.64545e+06	0.00330639
1.64555e+06	0.00327784
1.64565e+06	0.00321725
1.64575e+06	0.00312638
1.64585e+06	0.00300786
1.64595e+06	0.00286504
1.64605e+06	0.00270185
1.64615e+06	0.00252261
1.64625e+06	0.00233183
1.64635e+06	0.00213403
1.64645e+06	0.00193357
1.64655e+06	0.00173451
1.64665e+06	0.00154046
1.64675e+06	0.00135451
1.64685e+06	0.00117916
1.64695e+06	0.00101629
1.64705e+06	0.0008672
1.64715e+06	0.00073262
1.64725e+06	0.000612767
1.64735e+06	0.000507422
1.64745e+06	0.000416007
1.64755e+06	0.000337667
1.64765e+06	0.000271352
1.64775e+06	0.000215891
1.64785e+06	0.000170057
1.64795e+06	0.00013262
1.64805e+06	0.000102396
1.64815e+06	7.82733e-05
1.64825e+06	5.9238e-05
1.64835e+06	4.43859e-05
1.64845e+06	3.29266e-05
1.64855e+06	2.41827e-05
1.64865e+06	1.75841e-05
1.64875e+06	1.26588e-05
1.64885e+06	9.02241e-06
1.64895e+06	6.36663e-06
1.64905e+06	4.4479e-06
1.64915e+06	3.07651e-06
1.64925e+06	2.1068e-06
1.64935e+06	1.42844e-06
1.64945e+06	9.58944e-07
1.64955e+06	6.37505e-07
1.64965e+06	4.19862e-07
1.64975e+06	2.74239e-07
1.64985e+06	1.78156e-07
1.64995e+06	1.15989e-07
1.65005e+06	7.71442e-08
1.65015e+06	5.47482e-08
1.65025e+06	4.47556e-08
1.65035e+06	4.54185e-08
1.65045e+06	5.70757e-08
1.65055e+06	8.22549e-08
1.65065e+06	1.26107e-07
1.65075e+06	1.97229e-07
1.65085e+06	3.08952e-07
1.65095e+06	4.81244e-07
1.65105e+06	7.43364e-07
1.65115e+06	1.13751e-06
1.65125e+06	1.72372e-06
1.65135e+06	2.58623e-06
1.65145e+06	3.84185e-06
1.65155e+06	5.65034e-06
1.65165e+06	8.22749e-06
1.65175e+06	1.18609e-05
1.65185e+06	1.69288e-05
1.65195e+06	2.39217e-05
1.65205e+06	3.34668e-05
1.65215e+06	4.63547e-05
1.65225e+06	6.35668e-05
1.65235e+06	8.63026e-05
1.65245e+06	0.000116004
1.65255e+06	0.000154377
1.65265e+06	0.000203398
1.65275e+06	0.000265319
1.65285e+06	0.000342648
1.65295e+06	0.000438111
1.65305e+06	0.000554596
1.65315e+06	0.000695068
1.65325e+06	0.00086245
1.65335e+06	0.00105949
1.65345e+06	0.0012886
1.65355e+06	0.00155166
1.65365e+06	0.00184984
1.65375e+06	0.00218336
1.65385e+06	0.00255138
1.65395e+06	0.00295176
1.65405e+06	0.003381
1.65415e+06	0.00383412
1.65425e+06	0.0043047
1.65435e+06	0.00478496
1.65445e+06	0.00526587
1.65455e+06	0.00573745
1.65465e+06	0.00618906
1.65475e+06	0.00660979
1.65485e+06	0.00698888
1.65495e+06	0.00731618
1.65505e+06	0.00758261
1.65515e+06	0.00778054
1.65525e+06	0.0079042
1.65535e+06	0.00794993
1.65545e+06	0.00791636
1.65555e+06	0.0078045
1.65565e+06	0.00761766
1.65575e+06	0.00736131
1.65585e+06	0.0070428
1.65595e+06	0.00667103
1.65605e+06	0.00625602
1.65615e+06	0.00580844
1.65625e+06	0.00533923
1.65635e+06	0.00485908
1.65645e+06	0.00437811
1.65655e+06	0.0039055
1.65665e+06	0.00344924
1.65675e+06	0.00301598
1.65685e+06	0.00261089
1.65695e+06	0.00223773
1.65705e+06	0.00189881
1.65715e+06	0.0015952
1.65725e+06	0.0013268
1.65735e+06	0.00109257
1.65745e+06	0.000890746
1.65755e+06	0.000718976
1.65765e+06	0.000574555
1.65775e+06	0.000454576
1.65785e+06	0.000356072
1.65795e+06	0.000276138
1.65805e+06	0.000212018
1.65815e+06	0.000161167
1.65825e+06	0.000121293
1.65835e+06	9.03758e-05
1.65845e+06	6.66694e-05
1.65855e+06	4.8692e-05
1.65865e+06	3.52083e-05
1.65875e+06	2.52052e-05
1.65885e+06	1.78646e-05
1.65895e+06	1.25358e-05
1.65905e+06	8.709e-06
1.65915e+06	5.99021e-06
1.65925e+06	4.07917e-06
1.65935e+06	2.75017e-06
1.65945e+06	1.83571e-06
1.65955e+06	1.21313e-06
1.65965e+06	7.93715e-07
1.65975e+06	5.14138e-07
1.65985e+06	3.29726e-07
1.65995e+06	2.09355e-07
1.66005e+06	1.31604e-07
1.66015e+06	8.19056e-08
1.66025e+06	5.04678e-08
1.66035e+06	3.07874e-08
