502546	6.57951e-07
502646	1.07937e-06
502746	1.75308e-06
502846	2.81898e-06
502946	4.48785e-06
503046	7.07364e-06
503146	1.10383e-05
503246	1.70538e-05
503346	2.60854e-05
503446	3.95029e-05
503546	5.92268e-05
503646	8.79154e-05
503746	0.000129202
503846	0.000187987
503946	0.000270798
504046	0.000386207
504146	0.000545321
504246	0.000762326
504346	0.00105508
504446	0.00144574
504546	0.00196132
504646	0.0026343
504746	0.003503
504846	0.0046118
504946	0.00601117
505046	0.00775718
505146	0.00991074
505246	0.0125362
505346	0.0156993
505446	0.019465
505546	0.0238938
505646	0.0290384
505746	0.0349395
505846	0.0416216
505946	0.0490882
506046	0.0573183
506146	0.0662622
506246	0.0758395
506346	0.0859374
506446	0.0964109
506546	0.107085
506646	0.117757
506746	0.128204
506846	0.138189
506946	0.147469
507046	0.155807
507146	0.162979
507246	0.168784
507346	0.173057
507446	0.175672
507546	0.176553
507646	0.175672
507746	0.173057
507846	0.168785
507946	0.16298
508046	0.155809
508146	0.147473
508246	0.138194
508346	0.128213
508446	0.117771
508546	0.107107
508646	0.0964462
508746	0.0859914
508846	0.0759213
508946	0.0663849
509046	0.0575006
509146	0.0493564
509246	0.0420121
509346	0.0355025
509446	0.0298419
509546	0.0250292
509646	0.0210535
509746	0.0178995
509846	0.0155532
509946	0.0140068
510046	0.0132629
510146	0.0133381
510246	0.0142652
510346	0.0160951
510446	0.0188963
510546	0.0227537
510646	0.0277662
510746	0.0340418
510846	0.0416924
510946	0.0508262
511046	0.0615395
511146	0.0739074
511246	0.087974
511346	0.103742
511446	0.121164
511546	0.140134
511646	0.160482
511746	0.18197
511846	0.20429
511946	0.227071
512046	0.249886
512146	0.272258
512246	0.293684
512346	0.313644
512446	0.331628
512546	0.347156
512646	0.359794
512746	0.369182
512846	0.375046
512946	0.377212
513046	0.375616
513146	0.370305
513246	0.361436
513346	0.34927
513446	0.334155
513546	0.316513
513646	0.296819
513746	0.275581
513846	0.253317
513946	0.230534
514046	0.207713
514146	0.185289
514246	0.163641
514346	0.143085
514446	0.123865
514546	0.106161
514646	0.0900814
514746	0.0756769
514846	0.0629431
514946	0.0518311
515046	0.0422562
515146	0.0341072
515246	0.0272559
515346	0.0215641
515446	0.0168911
515546	0.0130991
515646	0.0100574
515746	0.0076451
515846	0.00575359
515946	0.00428698
516046	0.00316243
516146	0.00230966
516246	0.00167006
516346	0.00119557
516446	0.000847367
516546	0.000594602
516646	0.000413085
516746	0.000284124
516846	0.000193479
516946	0.000130442
517046	8.70679e-05
517146	5.75381e-05
517246	3.76453e-05
517346	2.4385e-05
517446	1.56383e-05
517546	9.92925e-06
517646	6.24165e-06
517746	3.88453e-06
517846	2.39351e-06
517946	1.46012e-06
518046	8.81862e-07
518146	5.27313e-07
518246	3.12172e-07
518346	1.82968e-07
518446	1.06173e-07
518546	6.09974e-08
518646	3.46948e-08
518746	1.95378e-08
518846	1.08929e-08
518946	6.01267e-09
519046	3.28586e-09
519146	1.77782e-09
519246	9.5232e-10
519346	5.05051e-10
519446	2.65183e-10
519546	1.37852e-10
519646	7.09473e-11
519746	3.61507e-11
519846	1.82371e-11
519946	9.10857e-12
520046	4.50404e-12
520146	2.20501e-12
520246	1.06875e-12
520346	5.12862e-13
520446	2.43658e-13
520546	1.14609e-13
520646	5.33719e-14
520746	2.46073e-14
520846	1.12324e-14
520946	5.0762e-15
521046	2.27123e-15
521146	1.0061e-15
521246	4.41243e-16
521346	1.91589e-16
521446	8.23611e-17
521546	3.50534e-17
521646	1.47705e-17
521746	6.16193e-18
521846	2.54505e-18
521946	1.04072e-18
522046	4.21333e-19
522146	1.68879e-19
522246	6.70167e-20
522346	2.63298e-20
522446	1.02416e-20
522546	3.94409e-21
522646	1.50377e-21
522746	5.67643e-22
522846	2.12141e-22
522946	7.84931e-23
523046	2.87538e-23
523146	1.04284e-23
523246	3.7445e-24
523346	1.33116e-24
523446	4.68512e-25
523546	1.63256e-25
523646	5.63217e-26
523746	1.92371e-26
523846	6.50518e-27
523946	2.17789e-27
524046	7.2189e-28
524146	2.36899e-28
524246	7.69681e-29
524346	2.4758e-29
524446	7.88458e-30
524546	2.48598e-30
524646	7.76024e-31
524746	2.39833e-31
524846	7.33837e-32
524946	2.22304e-32
525046	6.66733e-33
525146	1.97977e-33
525246	5.82013e-34
525346	1.69398e-34
525446	4.88137e-35
525546	1.39262e-35
525646	3.9335e-36
525746	1.09998e-36
525846	3.0454e-37
525946	8.34763e-38
526046	2.26537e-38
526146	6.08655e-39
526246	1.61905e-39
526346	4.2639e-40
526446	1.11176e-40
526546	2.86993e-41
526646	7.33481e-42
526746	1.85594e-42
526846	4.64939e-43
526946	1.15315e-43
527046	2.83159e-44
527146	6.88389e-45
527246	1.65689e-45
527346	3.94831e-46
527446	9.31505e-47
527546	2.17579e-47
527646	5.03158e-48
527746	1.15199e-48
527846	2.61127e-49
527946	5.86019e-50
528046	1.30205e-50
528146	2.86419e-51
528246	6.23781e-52
528346	1.34499e-52
528446	2.87121e-53
528546	6.06829e-54
528646	1.26977e-54
528746	2.63052e-55
528846	5.39528e-56
528946	1.09558e-56
529046	2.20258e-57
529146	4.38405e-58
529246	8.63926e-59
529346	1.68552e-59
529446	3.25574e-60
529546	6.22619e-61
529646	1.17883e-61
529746	2.20973e-62
529846	4.10092e-63
529946	7.53498e-64
530046	1.37069e-64
530146	2.46862e-65
530246	4.40176e-66
530346	7.77061e-67
530446	1.35813e-67
530546	2.35009e-68
530646	4.02609e-69
530746	6.82874e-70
530846	1.14671e-70
530946	1.90645e-71
531046	3.13801e-72
531146	5.11375e-73
531246	8.25052e-74
531346	1.3179e-74
531446	2.08419e-75
531546	3.26325e-76
531646	5.05849e-77
531746	7.76334e-78
531846	1.1796e-78
531946	1.7745e-79
532046	2.64286e-80
532146	3.89699e-81
532246	5.68908e-82
532346	8.22266e-83
532446	1.17663e-83
532546	1.66695e-84
532646	2.33811e-85
532746	3.24685e-86
532846	4.46393e-87
532946	6.07617e-88
533046	8.1884e-89
533146	1.09251e-89
533246	1.44314e-90
533346	1.88734e-91
533446	2.44369e-92
533546	3.13257e-93
533646	3.97569e-94
533746	4.99553e-95
533846	6.21451e-96
533946	7.65402e-97
534046	9.33318e-98
534146	1.12675e-98
534246	1.34673e-99
534346	1.59364e-100
534446	1.86706e-101
534546	2.16563e-102
534646	2.48695e-103
534746	2.82752e-104
534846	3.18275e-105
534946	3.54695e-106
535046	3.9135e-107
535146	4.27497e-108
535246	4.62336e-109
535346	4.95039e-110
535446	5.24781e-111
535546	5.50774e-112
535646	5.72303e-113
535746	5.88757e-114
535846	5.99657e-115
535946	6.04681e-116
536046	6.03681e-117
536146	5.96685e-118
536246	5.83903e-119
536346	5.65708e-120
536446	5.42627e-121
536546	5.15309e-122
536646	4.84497e-123
536746	4.50995e-124
536846	4.15632e-125
536946	3.7923e-126
537046	3.42574e-127
537146	3.06382e-128
537246	2.71287e-129
537346	2.37822e-130
537446	2.0641e-131
537546	1.77365e-132
537646	1.5089e-133
537746	1.2709e-134
537846	1.05979e-135
537946	8.74954e-137
538046	7.15167e-138
538146	5.78744e-139
538246	4.63685e-140
538346	3.67804e-141
538446	2.88846e-142
538546	2.24581e-143
538646	1.72877e-144
538746	1.31753e-145
538846	9.94117e-147
538946	7.42631e-148
539046	5.49245e-149
539146	4.02175e-150
539246	2.91556e-151
539346	2.0926e-152
539446	1.48699e-153
539546	1.04613e-154
539646	7.28651e-156
539746	5.02471e-157
539846	3.43052e-158
539946	2.31882e-159
540046	1.55178e-160
540146	1.02813e-161
540246	6.74415e-163
540346	4.37987e-164
540446	2.81613e-165
540546	1.79267e-166
540646	1.12981e-167
540746	7.04967e-169
540846	4.355e-170
540946	2.66358e-171
541046	1.61287e-172
541146	9.66918e-174
541246	5.73902e-175
541346	3.37242e-176
541446	1.96202e-177
541546	1.13012e-178
541646	6.44465e-180
541746	3.63858e-181
541846	2.03387e-182
541946	1.12556e-183
542046	6.167e-185
542146	3.3453e-186
542246	1.79661e-187
542346	9.55276e-189
542446	5.02876e-190
542546	2.6209e-191
542646	1.35238e-192
542746	6.90877e-194
542846	3.49431e-195
542946	1.74976e-196
543046	8.67469e-198
543146	4.25781e-199
543246	2.06907e-200
543346	9.95453e-202
543446	4.74159e-203
543546	2.23606e-204
543646	1.044e-205
543746	4.82586e-207
543846	2.20855e-208
543946	1.00068e-209
544046	4.4889e-211
544146	1.99362e-212
544246	8.76601e-214
544346	3.81609e-215
544446	1.64472e-216
544546	7.01815e-218
544646	2.9649e-219
544746	1.24009e-220
544846	5.13519e-222
544946	2.10531e-223
545046	8.54538e-225
545146	3.43403e-226
545246	1.36626e-227
545346	5.38172e-229
545446	2.09877e-230
545546	8.10339e-232
545646	3.0976e-233
545746	1.1723e-234
545846	4.39251e-236
545946	1.62945e-237
546046	5.9845e-239
546146	2.17606e-240
546246	7.8338e-242
546346	2.79209e-243
546446	9.85246e-245
546546	3.44204e-246
546646	1.19054e-247
546746	4.07691e-249
546846	1.38221e-250
546946	4.63953e-252
547046	1.54181e-253
547146	5.07276e-255
547246	1.6524e-256
547346	5.32898e-258
547446	1.70149e-259
547546	5.37863e-261
547646	1.68334e-262
547746	5.21587e-264
547846	1.60008e-265
547946	4.85972e-267
548046	1.4613e-268
548146	4.35034e-270
548246	1.28223e-271
548346	3.74165e-273
548446	1.08098e-274
548546	3.09195e-276
548646	8.75592e-278
548746	2.45487e-279
548846	6.81417e-281
548946	1.87264e-282
549046	5.09509e-284
549146	1.37248e-285
549246	3.66032e-287
549346	9.66471e-289
549446	2.52647e-290
549546	6.5388e-292
549646	1.67548e-293
549746	4.25046e-295
549846	1.06756e-296
549946	2.65462e-298
550046	6.53538e-300
550146	1.59293e-301
550246	3.84397e-303
550346	9.18373e-305
550446	2.17228e-306
550546	5.0871e-308
550646	1.17945e-309
550746	2.70738e-311
550846	6.15282e-313
550946	1.38438e-314
551046	3.08387e-316
551146	6.8013e-318
551246	1.48506e-319
551346	3.21143e-321
551446	6.91692e-323
551546	0
551646	0
551746	0
551846	0
551946	0
552046	0
552146	0
552246	0
552346	0
552446	0
552546	0
552646	0
552746	0
552846	0
552946	0
553046	0
553146	0
553246	0
553346	0
553446	0
553546	0
553646	0
553746	0
553846	0
553946	0
554046	0
554146	0
554246	0
554346	0
554446	0
554546	0
554646	0
554746	0
554846	0
554946	0
555046	0
555146	0
555246	0
555346	0
555446	0
555546	0
555646	0
555746	0
555846	0
555946	0
556046	0
556146	0
556246	0
556346	0
556446	0
556546	0
556646	0
556746	0
556846	0
556946	0
557046	0
557146	0
557246	0
557346	0
557446	0
557546	0
557646	0
557746	0
557846	0
557946	0
558046	0
558146	0
558246	0
558346	0
558446	0
558546	0
558646	0
558746	0
558846	0
558946	0
559046	0
559146	0
559246	0
559346	0
559446	0
559546	0
559646	0
559746	0
559846	0
559946	0
560046	0
560146	0
560246	0
560346	0
560446	0
560546	0
560646	0
560746	0
560846	0
560946	0
561046	0
561146	0
561246	0
561346	0
561446	0
561546	0
561646	0
561746	0
561846	0
561946	0
562046	0
562146	0
562246	0
562346	0
562446	0
562546	0
562646	0
562746	0
562846	0
562946	0
563046	0
563146	0
563246	0
563346	0
563446	0
563546	0
563646	0
563746	0
563846	0
563946	0
564046	0
564146	0
564246	0
564346	0
564446	0
564546	0
564646	0
564746	0
564846	0
564946	0
565046	0
565146	0
565246	0
565346	0
565446	0
565546	0
565646	0
565746	0
565846	0
565946	0
566046	0
566146	0
566246	0
566346	0
566446	0
566546	0
566646	0
566746	0
566846	0
566946	0
567046	0
567146	0
567246	0
567346	0
567446	0
567546	0
567646	0
567746	0
567846	0
567946	0
568046	0
568146	0
568246	0
568346	0
568446	0
568546	0
568646	0
568746	0
568846	0
568946	0
569046	0
569146	0
569246	0
569346	0
569446	0
569546	0
569646	0
569746	0
569846	0
569946	0
570046	0
570146	0
570246	0
570346	0
570446	0
570546	0
570646	0
570746	0
570846	0
570946	0
571046	0
571146	0
571246	0
571346	0
571446	0
571546	0
571646	0
571746	0
571846	0
571946	0
572046	0
572146	0
572246	0
572346	0
572446	0
572546	0
572646	0
572746	0
572846	0
572946	0
573046	0
573146	0
573246	0
573346	0
573446	0
573546	0
573646	0
573746	0
573846	0
573946	0
574046	0
574146	0
574246	0
574346	0
574446	0
574546	0
574646	0
574746	0
574846	0
574946	0
575046	0
575146	0
575246	0
575346	0
575446	0
575546	0
575646	0
575746	0
575846	0
575946	0
576046	0
576146	0
576246	0
576346	0
576446	0
576546	0
576646	0
576746	0
576846	0
576946	0
577046	0
577146	0
577246	0
577346	0
577446	0
577546	0
577646	0
577746	0
577846	0
577946	0
578046	0
578146	0
578246	0
578346	0
578446	0
578546	0
578646	0
578746	0
578846	0
578946	0
579046	0
579146	0
579246	0
579346	0
579446	0
579546	0
579646	0
579746	0
579846	0
579946	0
580046	0
580146	0
580246	0
580346	0
580446	0
580546	0
580646	0
580746	0
580846	0
580946	0
581046	0
581146	0
581246	0
581346	0
581446	0
581546	0
581646	0
581746	0
581846	0
581946	0
582046	0
582146	0
582246	0
582346	0
582446	0
582546	0
582646	0
582746	0
582846	0
582946	0
583046	0
583146	0
583246	0
583346	0
583446	0
583546	0
583646	0
583746	0
583846	0
583946	0
584046	0
584146	0
584246	0
584346	0
584446	0
584546	0
584646	0
584746	0
584846	0
584946	0
585046	0
585146	0
585246	0
585346	0
585446	0
585546	0
585646	0
585746	0
585846	0
585946	0
586046	0
586146	0
586246	0
586346	0
586446	0
586546	0
586646	0
586746	0
586846	0
586946	0
587046	0
587146	0
587246	0
587346	0
587446	0
587546	0
587646	0
587746	0
587846	0
587946	0
588046	0
588146	0
588246	0
588346	0
588446	0
588546	0
588646	0
588746	0
588846	0
588946	0
589046	0
589146	0
589246	0
589346	0
589446	0
589546	0
589646	0
589746	0
589846	0
589946	0
590046	0
590146	0
590246	0
590346	0
590446	0
590546	0
590646	0
590746	0
590846	0
590946	0
591046	0
591146	0
591246	0
591346	0
591446	0
591546	0
591646	0
591746	0
591846	0
591946	0
592046	0
592146	0
592246	0
592346	0
592446	0
592546	0
592646	0
592746	0
592846	0
592946	0
593046	0
593146	0
593246	0
593346	0
593446	0
593546	0
593646	0
593746	0
593846	0
593946	0
594046	0
594146	0
594246	0
594346	0
594446	0
594546	0
594646	0
594746	0
594846	0
594946	0
595046	0
595146	0
595246	0
595346	0
595446	0
595546	0
595646	0
595746	0
595846	0
595946	0
596046	0
596146	0
596246	0
596346	0
596446	0
596546	0
596646	0
596746	0
596846	0
596946	0
597046	0
597146	0
597246	0
597346	0
597446	0
597546	0
597646	0
597746	0
597846	0
597946	0
598046	0
598146	0
598246	0
598346	0
598446	0
598546	0
598646	0
598746	0
598846	0
598946	0
599046	0
599146	0
599246	0
599346	0
599446	0
599546	0
599646	0
599746	0
599846	0
599946	0
600046	0
600146	0
600246	0
600346	0
600446	0
600546	0
600646	0
600746	0
600846	0
600946	0
601046	0
601146	0
601246	0
601346	0
601446	0
601546	0
601646	0
601746	0
601846	0
601946	0
602046	0
602146	0
602246	0
602346	0
602446	0
602546	0
602646	0
602746	0
602846	0
602946	0
603046	0
603146	0
603246	0
603346	0
603446	0
603546	0
603646	0
603746	0
603846	0
603946	0
604046	0
604146	0
604246	0
604346	0
604446	0
604546	0
604646	0
604746	0
604846	0
604946	0
605046	0
605146	0
605246	0
605346	0
605446	0
605546	0
605646	0
605746	0
605846	0
605946	0
606046	0
606146	0
606246	0
606346	2.47033e-323
606446	1.06718e-321
606546	4.93522e-320
606646	2.26068e-318
606746	1.02524e-316
606846	4.60335e-315
606946	2.04634e-313
607046	9.00611e-312
607146	3.92423e-310
607246	1.69289e-308
607346	7.23038e-307
607446	3.05738e-305
607546	1.27996e-303
607646	5.30516e-302
607746	2.177e-300
607846	8.84453e-299
607946	3.55753e-297
608046	1.41671e-295
608146	5.58557e-294
608246	2.18028e-292
608346	8.42587e-291
608446	3.22384e-289
608546	1.22121e-287
608646	4.57998e-286
608746	1.70057e-284
608846	6.25146e-283
608946	2.27523e-281
609046	8.19837e-280
609146	2.92473e-278
609246	1.033e-276
609346	3.61222e-275
609446	1.25056e-273
609546	4.28638e-272
609646	1.45457e-270
609746	4.88693e-269
609846	1.62552e-267
609946	5.35314e-266
610046	1.74534e-264
610146	5.63391e-263
610246	1.80051e-261
610346	5.69691e-260
610446	1.78459e-258
610546	5.53474e-257
610646	1.69946e-255
610746	5.16634e-254
610846	1.55493e-252
610946	4.63337e-251
611046	1.36691e-249
611146	3.99245e-248
611246	1.15451e-246
611346	3.30529e-245
611446	9.36873e-244
611546	2.62911e-242
611646	7.30455e-241
611746	2.00926e-239
611846	5.47185e-238
611946	1.47534e-236
612046	3.93826e-235
612146	1.04082e-233
612246	2.72334e-232
612346	7.05482e-231
612446	1.80937e-229
612546	4.59437e-228
612646	1.155e-226
612746	2.87471e-225
612846	7.08375e-224
612946	1.72818e-222
613046	4.1742e-221
613146	9.98193e-220
613246	2.36326e-218
613346	5.53946e-217
613446	1.28552e-215
613546	2.95358e-214
613646	6.71853e-213
613746	1.51306e-211
613846	3.37363e-210
613946	7.44723e-209
614046	1.62761e-207
614146	3.52177e-206
614246	7.54447e-205
614346	1.60013e-203
614446	3.35998e-202
614546	6.98516e-201
614646	1.43772e-199
614746	2.92972e-198
614846	5.91068e-197
614946	1.18061e-195
615046	2.33469e-194
615146	4.57101e-193
615246	8.86035e-192
615346	1.70038e-190
615446	3.23072e-189
615546	6.07729e-188
615646	1.13182e-186
615746	2.0869e-185
615846	3.80963e-184
615946	6.88527e-183
616046	1.23202e-181
616146	2.18257e-180
616246	3.82806e-179
616346	6.64729e-178
616446	1.1428e-176
616546	1.94513e-175
616646	3.27783e-174
616746	5.46867e-173
616846	9.03303e-172
616946	1.47721e-170
617046	2.39171e-169
617146	3.83382e-168
617246	6.08431e-167
617346	9.55979e-166
617446	1.48711e-164
617546	2.29031e-163
617646	3.49222e-162
617746	5.2719e-161
617846	7.87934e-160
617946	1.16592e-158
618046	1.70807e-157
618146	2.47742e-156
618246	3.55754e-155
618346	5.05775e-154
618446	7.11905e-153
618546	9.92074e-152
618646	1.36875e-150
618746	1.86964e-149
618846	2.52843e-148
618946	3.38533e-147
619046	4.48754e-146
619146	5.88942e-145
619246	7.65233e-144
619346	9.84401e-143
619446	1.25374e-141
619546	1.58088e-140
619646	1.97355e-139
619746	2.43925e-138
619846	2.98483e-137
619946	3.61609e-136
620046	4.33728e-135
620146	5.15053e-134
620246	6.05541e-133
620346	7.04843e-132
620446	8.12266e-131
620546	9.26746e-130
620646	1.04684e-128
620746	1.17073e-127
620846	1.29626e-126
620946	1.42096e-125
621046	1.54217e-124
621146	1.65705e-123
621246	1.76278e-122
621346	1.8566e-121
621446	1.93595e-120
621546	1.99861e-119
621646	2.04276e-118
621746	2.06712e-117
621846	2.07095e-116
621946	2.05415e-115
622046	2.01721e-114
622146	1.96122e-113
622246	1.88781e-112
622346	1.79907e-111
622446	1.69745e-110
622546	1.58562e-109
622646	1.46643e-108
622746	1.3427e-107
622846	1.21718e-106
622946	1.09241e-105
623046	9.70679e-105
623146	8.53929e-104
623246	7.43747e-103
623346	6.41336e-102
623446	5.47524e-101
623546	4.62783e-100
623646	3.87266e-99
623746	3.20847e-98
623846	2.63174e-97
623946	2.13721e-96
624046	1.71833e-95
624146	1.3678e-94
624246	1.07795e-93
624346	8.41062e-93
624446	6.49705e-92
624546	4.96891e-91
624646	3.76238e-90
624746	2.82048e-89
624846	2.09333e-88
624946	1.5382e-87
625046	1.11903e-86
625146	8.0599e-86
625246	5.74744e-85
625346	4.05766e-84
625446	2.83618e-83
625546	1.96268e-82
625646	1.34469e-81
625746	9.12121e-81
625846	6.12546e-80
625946	4.0727e-79
626046	2.68092e-78
626146	1.7472e-77
626246	1.12734e-76
626346	7.2016e-76
626446	4.55468e-75
626546	2.85196e-74
626646	1.76802e-73
626746	1.08514e-72
626846	6.59394e-72
626946	3.96697e-71
627046	2.36282e-70
627146	1.39335e-69
627246	8.13476e-69
627346	4.70205e-68
627446	2.69084e-67
627546	1.52456e-66
627646	8.5518e-66
627746	4.74929e-65
627846	2.6113e-64
627946	1.42148e-63
628046	7.66097e-63
628146	4.08773e-62
628246	2.15943e-61
628346	1.12941e-60
628446	5.8482e-60
628546	2.99812e-59
628646	1.52172e-58
628746	7.64672e-58
628846	3.80429e-57
628946	1.87383e-56
629046	9.1378e-56
629146	4.41175e-55
629246	2.10881e-54
629346	9.9798e-54
629446	4.67587e-53
629546	2.169e-52
629646	9.96128e-52
629746	4.52926e-51
629846	2.0389e-50
629946	9.08703e-50
630046	4.00964e-49
630146	1.75164e-48
630246	7.57605e-48
630346	3.24412e-47
630446	1.37533e-46
630546	5.77267e-46
630646	2.39884e-45
630746	9.86926e-45
630846	4.01998e-44
630946	1.62114e-43
631046	6.47254e-43
631146	2.5585e-42
631246	1.00127e-41
631346	3.87952e-41
631446	1.48819e-40
631546	5.65195e-40
631646	2.12517e-39
631746	7.9113e-39
631846	2.9158e-38
631946	1.06396e-37
632046	3.8437e-37
632146	1.37477e-36
632246	4.8682e-36
632346	1.70673e-35
632446	5.92402e-35
632546	2.03576e-34
632646	6.92616e-34
632746	2.33301e-33
632846	7.78031e-33
632946	2.56883e-32
633046	8.3971e-32
633146	2.71757e-31
633246	8.70743e-31
633346	2.76221e-30
633446	8.67519e-30
633546	2.69748e-29
633646	8.30417e-29
633746	2.53099e-28
633846	7.63733e-28
633946	2.28165e-27
634046	6.74862e-27
634146	1.97623e-26
634246	5.7295e-26
634346	1.64457e-25
634446	4.67355e-25
634546	1.31491e-24
634646	3.66273e-24
634746	1.01011e-23
634846	2.75798e-23
634946	7.45539e-23
635046	1.99529e-22
635146	5.28688e-22
635246	1.38691e-21
635346	3.6021e-21
635446	9.26233e-21
635546	2.35799e-20
635646	5.94319e-20
635746	1.48305e-19
635846	3.66393e-19
635946	8.96183e-19
636046	2.17022e-18
636146	5.20315e-18
636246	1.23506e-17
636346	2.90245e-17
636446	6.75304e-17
636546	1.55558e-16
636646	3.54764e-16
636746	8.01024e-16
636846	1.79064e-15
636946	3.96304e-15
637046	8.68371e-15
637146	1.88382e-14
637246	4.04604e-14
637346	8.60357e-14
637446	1.81127e-13
637546	3.77525e-13
637646	7.7905e-13
637746	1.59163e-12
637846	3.2194e-12
637946	6.44712e-12
638046	1.27824e-11
638146	2.5091e-11
638246	4.87618e-11
638346	9.38206e-11
638446	1.7872e-10
638546	3.3706e-10
638646	6.29356e-10
638746	1.16344e-09
638846	2.12935e-09
638946	3.85841e-09
639046	6.92192e-09
639146	1.22942e-08
639246	2.16189e-08
639346	3.76377e-08
639446	6.48738e-08
639546	1.10706e-07
639646	1.87039e-07
639746	3.1286e-07
639846	5.18114e-07
639946	8.49487e-07
640046	1.37894e-06
640146	2.21611e-06
640246	3.52609e-06
640346	5.55461e-06
640446	8.66304e-06
640546	1.33766e-05
640646	2.04491e-05
640746	3.09502e-05
640846	4.63776e-05
640946	6.88035e-05
641046	0.000101058
641146	0.000146955
641246	0.000211572
641346	0.000301571
641446	0.000425576
641546	0.000594595
641646	0.000822475
641746	0.00112637
641846	0.0015272
641946	0.00205007
642046	0.00272458
642146	0.00358498
642246	0.00467014
642346	0.00602325
642446	0.00769111
642546	0.00972308
642646	0.0121696
642746	0.0150801
642846	0.0185008
642946	0.0224716
643046	0.0270231
643146	0.032173
643246	0.0379233
643346	0.0442566
643446	0.0511336
643546	0.0584914
643646	0.0662422
643746	0.0742736
643846	0.0824501
643946	0.090616
644046	0.0985998
644146	0.106219
644246	0.113289
644346	0.119628
644446	0.125063
644546	0.129446
644646	0.132648
644746	0.134578
644846	0.135177
644946	0.134429
645046	0.132355
645146	0.129019
645246	0.124517
645346	0.118981
645446	0.112567
645546	0.105448
645646	0.0978121
645746	0.0898502
645846	0.0817513
645946	0.0736966
646046	0.0658556
646146	0.0583826
646246	0.0514166
646346	0.0450817
646446	0.0394899
646546	0.0347451
646646	0.0309492
646746	0.0282082
646846	0.0266399
646946	0.0263812
647046	0.0275954
647146	0.0304787
647246	0.0352653
647346	0.0422301
647446	0.0516897
647546	0.0639989
647646	0.0795446
647746	0.0987348
647846	0.121983
647946	0.149691
648046	0.18222
648146	0.219869
648246	0.262842
648346	0.311219
648446	0.364925
648546	0.423706
648646	0.487103
648746	0.554445
648846	0.624837
648946	0.697173
649046	0.770152
649146	0.842311
649246	0.912068
649346	0.977777
649446	1.03779
649546	1.09053
649646	1.13455
649746	1.1686
649846	1.1917
649946	1.20316
650046	1.20264
650146	1.19016
650246	1.1661
650346	1.13115
650446	1.08633
650546	1.03291
650646	0.972338
650746	0.906213
650846	0.836181
650946	0.763885
651046	0.690895
651146	0.618662
651246	0.548469
651346	0.481402
651446	0.418331
651546	0.359907
651646	0.306561
651746	0.258524
651846	0.215845
651946	0.178418
652046	0.146014
652146	0.118306
652246	0.0949019
652346	0.0753704
652446	0.0592631
652546	0.0461343
652646	0.0355567
652746	0.0271316
652846	0.0204969
652946	0.0153305
653046	0.0113522
653146	0.00832269
653246	0.00604092
653346	0.00434111
653446	0.00308855
653546	0.00217554
653646	0.00151719
653746	0.00104756
653846	0.00071613
653946	0.000484738
654046	0.00032493
654146	0.000215774
654246	0.000142075
654346	9.29573e-05
654446	6.07467e-05
654546	4.01243e-05
654646	2.74862e-05
654746	2.04766e-05
654846	1.76549e-05
654946	1.82696e-05
655046	2.21137e-05
655146	2.94448e-05
655246	4.09556e-05
655346	5.77845e-05
655446	8.15587e-05
655546	0.000114463
655646	0.000159327
655746	0.000219731
655846	0.00030011
655946	0.000405865
656046	0.000543452
656146	0.000720457
656246	0.000945619
656346	0.00122881
656446	0.00158092
656546	0.00201371
656646	0.00253947
656746	0.00317065
656846	0.00391937
656946	0.00479674
657046	0.00581221
657146	0.00697274
657246	0.00828202
657346	0.00973965
657446	0.0113405
657546	0.013074
657646	0.0149239
657746	0.0168681
657846	0.0188792
657946	0.0209244
658046	0.0229672
658146	0.0249684
658246	0.026888
658346	0.0286872
658446	0.0303307
658546	0.0317888
658646	0.0330407
658746	0.0340761
658846	0.034898
658946	0.0355247
659046	0.0359917
659146	0.0363538
659246	0.0366861
659346	0.0370864
659446	0.0376765
659546	0.0386047
659646	0.0400487
659746	0.0422191
659846	0.0453645
659946	0.0497775
660046	0.055802
660146	0.063842
660246	0.0743709
660346	0.0879413
660446	0.105195
660546	0.12687
660646	0.153808
660746	0.186952
660846	0.227345
660946	0.276114
661046	0.334449
661146	0.403571
661246	0.484685
661346	0.578924
661446	0.687286
661546	0.81055
661646	0.949202
661746	1.10335
661846	1.27263
661946	1.45615
662046	1.65245
662146	1.85942
662246	2.07436
662346	2.29392
662446	2.51427
662546	2.7311
662646	2.93978
662746	3.13556
662846	3.31368
662946	3.46961
663046	3.5992
663146	3.69891
663246	3.76594
663346	3.79836
663446	3.79523
663546	3.75659
663646	3.68351
663746	3.57802
663846	3.44299
663946	3.28206
664046	3.09939
664146	2.89956
664246	2.68732
664346	2.46745
664446	2.24456
664546	2.02294
664646	1.80645
664746	1.59841
664846	1.40157
664946	1.21804
665046	1.04934
665146	0.896398
665246	0.759626
665346	0.638962
665446	0.533961
665546	0.443868
665646	0.367697
665746	0.304304
665846	0.252453
665946	0.21087
666046	0.178293
666146	0.153506
666246	0.135364
666346	0.122818
666446	0.114923
666546	0.110848
666646	0.109883
666746	0.111441
666846	0.115065
666946	0.120432
667046	0.127356
667146	0.135804
667246	0.145898
667346	0.157926
667446	0.172353
667546	0.189828
667646	0.211188
667746	0.237455
667846	0.269832
667946	0.309685
668046	0.358515
668146	0.417926
668246	0.489572
668346	0.575095
668446	0.676057
668546	0.793853
668646	0.929622
668746	1.08415
668846	1.25779
668946	1.45034
669046	1.66102
669146	1.88835
669246	2.13015
669346	2.38354
669446	2.64492
669546	2.91007
669646	3.17422
669746	3.43219
669846	3.67854
669946	3.90775
670046	4.11443
670146	4.29351
670246	4.44045
670346	4.55143
670446	4.62351
670546	4.65475
670646	4.6443
670746	4.59242
670846	4.50052
670946	4.37102
671046	4.20731
671146	4.01357
671246	3.79462
671346	3.55569
671446	3.30225
671546	3.03977
671646	2.77356
671746	2.50858
671846	2.24931
671946	1.99965
672046	1.76279
672146	1.54126
672246	1.33685
672346	1.15068
672446	0.983233
672546	0.834441
672646	0.703759
672746	0.590263
672846	0.492743
672946	0.409797
673046	0.339911
673146	0.281534
673246	0.233139
673346	0.193273
673446	0.160589
673546	0.133873
673646	0.112055
673746	0.0942132
673846	0.0795682
673946	0.0674765
674046	0.0574157
674146	0.0489702
674246	0.0418148
674346	0.0356991
674446	0.0304328
674546	0.0258723
674646	0.0219094
674746	0.0184621
674846	0.0154665
674946	0.0128717
675046	0.0106347
675146	0.0087184
675246	0.00708885
675346	0.00571464
675446	0.00456616
675546	0.00361545
675646	0.00283624
675746	0.00220408
675846	0.00169655
675946	0.00129335
676046	0.000976446
676146	0.000730019
676246	0.000540449
676346	0.000396181
676446	0.000287566
676546	0.00020667
676646	0.000147063
676746	0.000103613
676846	7.22764e-05
676946	4.99175e-05
677046	3.41333e-05
677146	2.31084e-05
677246	1.54891e-05
677346	1.02789e-05
677446	6.75346e-06
677546	4.39307e-06
677646	2.82924e-06
677746	1.80398e-06
677846	1.13881e-06
677946	7.11757e-07
678046	4.40427e-07
678146	2.69829e-07
678246	1.63685e-07
678346	9.83433e-08
678446	5.85686e-08
678546	3.46733e-08
678646	2.05942e-08
678746	1.26304e-08
678846	8.64321e-09
678946	7.58726e-09
679046	9.29765e-09
679146	1.45061e-08
679246	2.51099e-08
679346	4.47756e-08
679446	8.00426e-08
679546	1.42202e-07
679646	2.50407e-07
679746	4.36709e-07
679846	7.54122e-07
679946	1.28932e-06
680046	2.18246e-06
680146	3.65753e-06
680246	6.06862e-06
680346	9.96897e-06
680446	1.62132e-05
680546	2.61064e-05
680646	4.16181e-05
680746	6.56867e-05
680846	0.000102643
680946	0.000158797
681046	0.000243228
681146	0.000368845
681246	0.000553775
681346	0.000823153
681446	0.0012114
681546	0.00176504
681646	0.00254612
681746	0.00363632
681846	0.00514169
681946	0.00719794
682046	0.00997631
682146	0.0136896
682246	0.0185983
682346	0.0250157
682446	0.0333129
682546	0.0439209
682646	0.0573312
682746	0.0740917
682846	0.0948
682946	0.12009
683046	0.150614
683146	0.187018
683246	0.229913
683346	0.279835
683446	0.337211
683546	0.402311
683646	0.475206
683746	0.555728
683846	0.643434
683946	0.737575
684046	0.837085
684146	0.940575
684246	1.04635
684346	1.15246
684446	1.2567
684546	1.35675
684646	1.45021
684746	1.5347
684846	1.60797
684946	1.66799
685046	1.71305
685146	1.74185
685246	1.75352
685346	1.74773
685446	1.72465
685546	1.68497
685646	1.62983
685746	1.56084
685846	1.47991
685946	1.38924
686046	1.29116
686146	1.18809
686246	1.08238
686346	0.976283
686446	0.871837
686546	0.77083
686646	0.674756
686746	0.58479
686846	0.501785
686946	0.426285
687046	0.358549
687146	0.298582
687246	0.246176
687346	0.200954
687446	0.162412
687546	0.129962
687646	0.102966
687746	0.0807736
687846	0.0627423
687946	0.048262
688046	0.0367681
688146	0.0277508
688246	0.0207597
688346	0.0154051
688446	0.0113559
688546	0.00833596
688646	0.00611849
688746	0.00452042
688846	0.00339618
688946	0.00263168
689046	0.00213869
689146	0.00184986
689246	0.00171424
689346	0.00169355
689446	0.00175907
689546	0.00188906
689646	0.00206682
689746	0.00227908
689846	0.00251488
689946	0.00276475
690046	0.00302013
690146	0.00327309
690246	0.00351611
690346	0.00374214
690446	0.00394459
690546	0.00411752
690646	0.0042558
690746	0.00435527
690846	0.00441288
690946	0.00442688
691046	0.00439678
691146	0.00432347
691246	0.0042091
691346	0.004057
691446	0.00387148
691546	0.00365769
691646	0.00342132
691746	0.00316839
691846	0.00290496
691946	0.00263693
692046	0.00236981
692146	0.00210856
692246	0.00185745
692346	0.00161995
692446	0.00139877
692546	0.00119577
692646	0.00101206
692746	0.000848048
692846	0.000703546
692946	0.000577859
693046	0.000469902
693146	0.000378313
693246	0.000301544
693346	0.000237963
693446	0.000185919
693546	0.000143812
693646	0.000110135
693746	8.35053e-05
693846	6.2685e-05
693946	4.65885e-05
694046	3.42824e-05
694146	2.49785e-05
694246	1.80227e-05
694346	1.28813e-05
694446	9.12583e-06
694546	6.41796e-06
694646	4.49527e-06
694746	3.15817e-06
694846	2.25871e-06
694946	1.69112e-06
695046	1.38438e-06
695146	1.2966e-06
695246	1.4112e-06
695346	1.73479e-06
695446	2.29651e-06
695546	3.14879e-06
695646	4.3693e-06
695746	6.0639e-06
695846	8.37041e-06
695946	1.14628e-05
696046	1.55558e-05
696146	2.09086e-05
696246	2.78288e-05
696346	3.66738e-05
696446	4.78508e-05
696546	6.1814e-05
696646	7.90578e-05
696746	0.000100106
696846	0.000125497
696946	0.000155763
697046	0.000191405
697146	0.000232862
697246	0.00028048
697346	0.000334473
697446	0.000394891
697546	0.000461584
697646	0.000534173
697746	0.000612025
697846	0.000694247
697946	0.000779679
698046	0.000866912
698146	0.000954313
698246	0.00104007
698346	0.00112226
698446	0.00119889
698546	0.00126802
698646	0.00132778
698746	0.00137653
698846	0.00141286
698946	0.00143573
699046	0.00144445
699146	0.00143876
699246	0.00141883
699346	0.00138526
699446	0.00133903
699546	0.00128146
699646	0.00121416
699746	0.00113895
699846	0.00105777
699946	0.0009726
700046	0.000885389
700146	0.000797979
700246	0.000712042
700346	0.000629037
700446	0.00055018
700546	0.00047642
700646	0.000408444
700746	0.000346682
700846	0.000291332
700946	0.000242383
701046	0.000199651
701146	0.000162817
701246	0.000131457
701346	0.000105081
701446	8.3162e-05
701546	6.51599e-05
701646	5.05468e-05
701746	3.88207e-05
701846	2.95182e-05
701946	2.22216e-05
702046	1.65621e-05
702146	1.22212e-05
702246	8.9283e-06
702346	6.45775e-06
702446	4.62435e-06
702546	3.27851e-06
702646	2.30123e-06
702746	1.59919e-06
702846	1.10027e-06
702946	7.49468e-07
703046	5.05434e-07
703146	3.37468e-07
703246	2.23079e-07
703346	1.45996e-07
703446	9.45979e-08
703546	6.06846e-08
703646	3.85418e-08
703746	2.4235e-08
703846	1.50873e-08
703946	9.29901e-09
704046	5.67439e-09
704146	3.42814e-09
704246	2.05048e-09
704346	1.21425e-09
704446	7.11899e-10
704546	4.13224e-10
704646	2.37471e-10
704746	1.35111e-10
704846	7.6108e-11
704946	4.2445e-11
705046	2.34358e-11
705146	1.28112e-11
705246	6.93355e-12
705346	3.71518e-12
705446	1.97088e-12
705546	1.03514e-12
705646	5.38262e-13
705746	2.77106e-13
705846	1.41239e-13
705946	7.12724e-14
706046	3.56077e-14
706146	1.76127e-14
706246	8.62506e-15
706346	4.18174e-15
706446	2.00728e-15
706546	9.53931e-16
706646	4.48831e-16
706746	2.09076e-16
706846	9.64239e-17
706946	4.40273e-17
707046	1.99029e-17
707146	8.90772e-18
707246	3.94707e-18
707346	1.73157e-18
707446	7.52075e-19
707546	3.234e-19
707646	1.37682e-19
707746	5.80323e-20
707846	2.42171e-20
707946	1.00054e-20
708046	4.09298e-21
708146	1.65857e-21
708246	6.67796e-22
708346	2.72556e-22
708446	1.26812e-22
708546	1.00729e-22
708646	1.71532e-22
708746	4.04836e-22
708846	1.01219e-21
708946	2.53235e-21
709046	6.2826e-21
709146	1.54353e-20
709246	3.75461e-20
709346	9.04219e-20
709446	2.15595e-19
709546	5.08935e-19
709646	1.18944e-18
709746	2.7522e-18
709846	6.30484e-18
709946	1.42996e-17
710046	3.21095e-17
710146	7.13837e-17
710246	1.57116e-16
710346	3.42374e-16
710446	7.38648e-16
710546	1.57772e-15
710646	3.33643e-15
710746	6.98537e-15
710846	1.44795e-14
710946	2.9715e-14
711046	6.03747e-14
711146	1.21448e-13
711246	2.41871e-13
711346	4.76907e-13
711446	9.30981e-13
711546	1.79931e-12
711646	3.44291e-12
711746	6.52236e-12
711846	1.22332e-11
711946	2.2716e-11
712046	4.1762e-11
712146	7.6013e-11
712246	1.36978e-10
712346	2.44384e-10
712446	4.31668e-10
712546	7.54892e-10
712646	1.307e-09
712746	2.2404e-09
712846	3.80217e-09
712946	6.38843e-09
713046	1.06271e-08
713146	1.75021e-08
713246	2.85381e-08
713346	4.60698e-08
713446	7.36316e-08
713546	1.16512e-07
713646	1.82529e-07
713746	2.83107e-07
713846	4.34738e-07
713946	6.60939e-07
714046	9.94837e-07
714146	1.48252e-06
714246	2.18728e-06
714346	3.19496e-06
714446	4.62045e-06
714546	6.61546e-06
714646	9.37763e-06
714746	1.31608e-05
714846	1.82865e-05
714946	2.51556e-05
715046	3.42606e-05
715146	4.61969e-05
715246	6.16721e-05
715346	8.15118e-05
715446	0.000106662
715546	0.000138184
715646	0.000177239
715746	0.000225071
715846	0.000282968
715946	0.000352219
716046	0.000434054
716146	0.000529581
716246	0.000639703
716346	0.000765035
716446	0.000905818
716546	0.00106184
716646	0.00123234
716746	0.001416
716846	0.00161083
716946	0.00181425
717046	0.00202301
717146	0.00223335
717246	0.00244103
717346	0.00264148
717446	0.00282994
717546	0.00300168
717646	0.00315217
717746	0.00327726
717846	0.00337341
717946	0.00343784
718046	0.00346863
718146	0.00346488
718246	0.00342669
718346	0.0033552
718446	0.00325252
718546	0.0031216
718646	0.00296615
718746	0.00279039
718846	0.00259893
718946	0.00239652
719046	0.00218788
719146	0.00197753
719246	0.00176963
719346	0.00156782
719446	0.0013752
719546	0.00119425
719646	0.00102679
719746	0.000874026
719846	0.000736587
719946	0.000614583
720046	0.000507685
720146	0.000415208
720246	0.000336197
720346	0.000269512
720446	0.000213905
720546	0.000168081
720646	0.00013076
720746	0.000100714
720846	7.67996e-05
720946	5.79811e-05
721046	4.33382e-05
721146	3.2071e-05
721246	2.34969e-05
721346	1.70438e-05
721446	1.22399e-05
721546	8.70259e-06
721646	6.12598e-06
721746	4.26933e-06
721846	2.94578e-06
721946	2.01232e-06
722046	1.36098e-06
722146	9.11307e-07
722246	6.04135e-07
722346	3.96515e-07
722446	2.57658e-07
722546	1.65761e-07
722646	1.0558e-07
722746	6.65787e-08
722846	4.15668e-08
722946	2.5693e-08
723046	1.57232e-08
