486869	6.95011e-08
486969	1.14072e-07
487069	1.85373e-07
487169	2.98263e-07
487269	4.75162e-07
487369	7.49507e-07
487469	1.17059e-06
487569	1.81025e-06
487669	2.77188e-06
487769	4.20266e-06
487869	6.30945e-06
487969	9.37961e-06
488069	1.38074e-05
488169	2.0127e-05
488269	2.90536e-05
488369	4.1532e-05
488469	5.87951e-05
488569	8.24305e-05
488669	0.000114456
488769	0.000157401
488869	0.000214396
488969	0.000289257
489069	0.000386572
489169	0.000511777
489269	0.000671217
489369	0.000872177
489469	0.00112289
489569	0.00143251
489669	0.001811
489769	0.00226905
489869	0.00281784
489969	0.0034688
490069	0.00423335
490169	0.00512248
490269	0.00614645
490369	0.00731427
490469	0.00863334
490569	0.010109
490669	0.011744
490769	0.0135384
490869	0.0154889
490969	0.0175886
491069	0.0198269
491169	0.0221893
491269	0.0246572
491369	0.027208
491469	0.0298151
491569	0.0324482
491669	0.0350734
491769	0.0376537
491869	0.0401496
491969	0.04252
492069	0.0447225
492169	0.0467151
492269	0.0484566
492369	0.0499086
492469	0.0510364
492569	0.0518104
492669	0.0522074
492769	0.0522117
492869	0.0518163
492969	0.0510232
493069	0.0498437
493169	0.0482986
493269	0.0464176
493369	0.0442382
493469	0.0418045
493569	0.0391658
493669	0.0363748
493769	0.0334854
493869	0.0305512
493969	0.0276235
494069	0.0247495
494169	0.0219714
494269	0.0193251
494369	0.0168393
494469	0.0145359
494569	0.0124293
494669	0.0105273
494769	0.00883146
494869	0.00733794
494969	0.00603844
495069	0.00492118
495169	0.00397185
495269	0.00317457
495369	0.00251264
495469	0.00196935
495569	0.00152845
495669	0.00117465
495769	0.000893893
495869	0.000673561
495969	0.000502547
496069	0.00037126
496169	0.000271568
496269	0.000196685
496369	0.000141044
496469	0.000100144
496569	7.04006e-05
496669	4.90015e-05
496769	3.37692e-05
496869	2.30413e-05
496969	1.55656e-05
497069	1.04112e-05
497169	6.89448e-06
497269	4.52036e-06
497369	2.93435e-06
497469	1.8859e-06
497569	1.20002e-06
497669	7.56005e-07
497769	4.71546e-07
497869	2.91197e-07
497969	1.78038e-07
498069	1.0777e-07
498169	6.45874e-08
498269	3.83228e-08
498369	2.25126e-08
498469	1.30935e-08
498569	7.53956e-09
498669	4.29829e-09
498769	2.42607e-09
498869	1.35572e-09
498969	7.50063e-10
499069	4.10849e-10
499169	2.22805e-10
499269	1.19626e-10
499369	6.35898e-11
499469	3.34661e-11
499569	1.74374e-11
499669	8.99527e-12
499769	4.59416e-12
499869	2.32303e-12
499969	1.16295e-12
500069	5.76402e-13
500169	2.82844e-13
500269	1.37413e-13
500369	6.60942e-14
500469	3.14744e-14
500569	1.48391e-14
500669	6.92655e-15
500769	3.20098e-15
500869	1.46456e-15
500969	6.63417e-16
501069	2.97526e-16
501169	1.32105e-16
501269	5.80726e-17
501369	2.52744e-17
501469	1.08905e-17
501569	4.6459e-18
501669	1.96223e-18
501769	8.20519e-19
501869	3.39691e-19
501969	1.39231e-19
502069	5.64995e-20
502169	2.26992e-20
502269	9.02888e-21
502369	3.55561e-21
502469	1.38628e-21
502569	5.35114e-22
502669	2.04502e-22
502769	7.73761e-23
502869	2.8985e-23
502969	1.07497e-23
503069	3.94708e-24
503169	1.43487e-24
503269	5.16424e-25
503369	1.84017e-25
503469	6.49181e-26
503569	2.26742e-26
503669	7.84068e-27
503769	2.68431e-27
503869	9.09849e-28
503969	3.05326e-28
504069	1.01441e-28
504169	3.33673e-29
504269	1.08664e-29
504369	3.50355e-30
504469	1.11837e-30
504569	3.53446e-31
504669	1.1059e-31
504769	3.42583e-32
504869	1.05069e-32
504969	3.19034e-33
505069	9.59087e-34
505169	2.85454e-34
505269	8.41146e-35
505369	2.45394e-35
505469	7.08783e-36
505569	2.02684e-36
505669	5.7383e-37
505769	1.60844e-37
505869	4.46356e-38
505969	1.22635e-38
506069	3.33586e-39
506169	8.98373e-40
506269	2.39531e-40
506369	6.32303e-41
506469	1.65251e-41
506569	4.27585e-42
506669	1.09536e-42
506769	2.7781e-43
506869	6.97583e-44
506969	1.73421e-44
507069	4.26838e-45
507169	1.04012e-45
507269	2.50934e-46
507369	5.99367e-47
507469	1.41737e-47
507569	3.31841e-48
507669	7.69193e-49
507769	1.76521e-49
507869	4.01066e-50
507969	9.02176e-51
508069	2.00921e-51
508169	4.43011e-52
508269	9.67077e-53
508369	2.09009e-53
508469	4.47225e-54
508569	9.47424e-55
508669	1.9871e-55
508769	4.12621e-56
508869	8.48284e-57
508969	1.72658e-57
509069	3.47929e-58
509169	6.94147e-59
509269	1.3711e-59
509369	2.68129e-60
509469	5.19129e-61
509569	9.95093e-62
509669	1.88847e-62
509769	3.54823e-63
509869	6.60043e-64
509969	1.2156e-64
510069	2.21648e-65
510169	4.00123e-66
510269	7.15125e-67
510369	1.2654e-67
510469	2.21681e-68
510569	3.84493e-69
510669	6.60244e-70
510769	1.12248e-70
510869	1.88933e-71
510969	3.14844e-72
511069	5.19446e-73
511169	8.48481e-74
511269	1.37215e-74
511369	2.19693e-75
511469	3.48248e-76
511569	5.46536e-77
511669	8.49192e-78
511769	1.30632e-78
511869	1.98953e-79
511969	2.99991e-80
512069	4.47841e-81
512169	6.61905e-82
512269	9.68556e-83
512369	1.40317e-83
512469	2.01259e-84
512569	2.85795e-85
512669	4.01802e-86
512769	5.59276e-87
512869	7.70722e-88
512969	1.05154e-88
513069	1.4204e-89
513169	1.89957e-90
513269	2.5151e-91
513369	3.29694e-92
513469	4.27883e-93
513569	5.49789e-94
513669	6.99397e-95
513769	8.80864e-96
513869	1.09838e-96
513969	1.35597e-97
514069	1.65732e-98
514169	2.00549e-99
514269	2.40265e-100
514369	2.84982e-101
514469	3.34658e-102
514569	3.89084e-103
514669	4.47859e-104
514769	5.10384e-105
514869	5.7585e-106
514969	6.43249e-107
515069	7.11387e-108
515169	7.78914e-109
515269	8.44366e-110
515369	9.06209e-111
515469	9.62905e-112
515569	1.01297e-112
515669	1.05503e-113
515769	1.0879e-114
515869	1.11064e-115
515969	1.12257e-116
516069	1.12334e-117
516169	1.11292e-118
516269	1.09163e-119
516369	1.0601e-120
516469	1.01923e-121
516569	9.70182e-123
516669	9.14309e-124
516769	8.5308e-125
516869	7.88031e-126
516969	7.20699e-127
517069	6.52562e-128
517169	5.84988e-129
517269	5.19193e-130
517369	4.56213e-131
517469	3.96884e-132
517569	3.41835e-133
517669	2.91492e-134
517769	2.4609e-135
517869	2.05692e-136
517969	1.70216e-137
518069	1.39456e-138
518169	1.13118e-139
518269	9.08418e-141
518369	7.22263e-142
518469	5.68541e-143
518569	4.43084e-144
518669	3.41874e-145
518769	2.61158e-146
518869	1.97514e-147
518969	1.47894e-148
519069	1.09638e-149
519169	8.04685e-151
519269	5.84721e-152
519369	4.20658e-153
519469	2.99617e-154
519569	2.11281e-155
519669	1.47507e-156
519769	1.01958e-157
519869	6.97726e-159
519969	4.72724e-160
520069	3.17093e-161
520169	2.10583e-162
520269	1.38458e-163
520369	9.01297e-165
520469	5.80865e-166
520569	3.7063e-167
520669	2.34133e-168
520769	1.46434e-169
520869	9.06727e-171
520969	5.55865e-172
521069	3.3738e-173
521169	2.02734e-174
521269	1.20612e-175
521369	7.10415e-177
521469	4.14277e-178
521569	2.3918e-179
521669	1.36716e-180
521769	7.73691e-182
521869	4.33485e-183
521969	2.40457e-184
522069	1.32056e-185
522169	7.18018e-187
522269	3.86519e-188
522369	2.05998e-189
522469	1.08695e-190
522569	5.67828e-192
522669	2.93684e-193
522769	1.50383e-194
522869	7.62389e-196
522969	3.82658e-197
523069	1.90152e-198
523169	9.35513e-200
523269	4.55675e-201
523369	2.19744e-202
523469	1.04915e-203
523569	4.95922e-205
523669	2.32085e-206
523769	1.07532e-207
523869	4.9327e-209
523969	2.24021e-210
524069	1.00728e-211
524169	4.48404e-213
524269	1.97627e-214
524369	8.6234e-216
524469	3.72536e-217
524569	1.59337e-218
524669	6.74713e-220
524769	2.82866e-221
524869	1.17408e-222
524969	4.82474e-224
525069	1.96294e-225
525169	7.9067e-227
525269	3.15313e-228
525369	1.24493e-229
525469	4.86637e-231
525569	1.88331e-232
525669	7.21602e-234
525769	2.73734e-235
525869	1.02806e-236
525969	3.82264e-238
526069	1.40723e-239
526169	5.12892e-241
526269	1.85073e-242
526369	6.61176e-244
526469	2.33856e-245
526569	8.1891e-247
526669	2.8391e-248
526769	9.74503e-250
526869	3.31164e-251
526969	1.11419e-252
527069	3.71135e-254
527169	1.22395e-255
527269	3.99623e-257
527369	1.2918e-258
527469	4.13424e-260
527569	1.30995e-261
527669	4.10932e-263
527769	1.27627e-264
527869	3.9244e-266
527969	1.1947e-267
528069	3.60084e-269
528169	1.0745e-270
528269	3.17441e-272
528369	9.28491e-274
528469	2.68874e-275
528569	7.70866e-277
528669	2.18809e-278
528769	6.14905e-280
528869	1.71084e-281
528969	4.71826e-283
529069	3.35062e-284
529169	7.54536e-283
529269	2.72656e-281
529369	9.75906e-280
529469	3.45826e-278
529569	1.21329e-276
529669	4.21433e-275
529769	1.44927e-273
529869	4.93431e-272
529969	1.66327e-270
530069	5.55077e-269
530169	1.83401e-267
530269	5.99941e-266
530369	1.943e-264
530469	6.23005e-263
530569	1.97774e-261
530669	6.21589e-260
530769	1.93417e-258
530869	5.95858e-257
530969	1.81739e-255
531069	5.48796e-254
531169	1.64071e-252
531269	4.85632e-251
531369	1.42312e-249
531469	4.12887e-248
531569	1.18599e-246
531669	3.37275e-245
531769	9.49612e-244
531869	2.64707e-242
531969	7.30535e-241
532069	1.99606e-239
532169	5.39963e-238
532269	1.44614e-236
532369	3.83456e-235
532469	1.00665e-233
532569	2.61635e-232
532669	6.73241e-231
532769	1.71515e-229
532869	4.32606e-228
532969	1.08029e-226
533069	2.67081e-225
533169	6.53737e-224
533269	1.58424e-222
533369	3.80098e-221
533469	9.02875e-220
533569	2.12332e-218
533669	4.94382e-217
533769	1.13963e-215
533869	2.60091e-214
533969	5.87682e-213
534069	1.31467e-211
534169	2.91171e-210
534269	6.38463e-209
534369	1.38606e-207
534469	2.97909e-206
534569	6.33933e-205
534669	1.33555e-203
534769	2.78569e-202
534869	5.75259e-201
534969	1.17612e-199
535069	2.38065e-198
535169	4.77087e-197
535269	9.46579e-196
535369	1.8594e-194
535469	3.61614e-193
535569	6.96266e-192
535669	1.32728e-190
535769	2.50499e-189
535869	4.68067e-188
535969	8.65896e-187
536069	1.58592e-185
536169	2.87577e-184
536269	5.16277e-183
536369	9.17633e-182
536469	1.61478e-180
536569	2.81328e-179
536669	4.85256e-178
536769	8.28677e-177
536869	1.40106e-175
536969	2.34523e-174
537069	3.88662e-173
537169	6.37697e-172
537269	1.03589e-170
537369	1.66599e-169
537469	2.65268e-168
537569	4.18174e-167
537669	6.52657e-166
537769	1.00849e-164
537869	1.54281e-163
537969	2.33675e-162
538069	3.50403e-161
538169	5.20213e-160
538269	7.64631e-159
538369	1.1127e-157
538469	1.60311e-156
538569	2.28668e-155
538669	3.22927e-154
538769	4.51502e-153
538869	6.24989e-152
538969	8.5653e-151
539069	1.16217e-149
539169	1.56118e-148
539269	2.07632e-147
539369	2.73396e-146
539469	3.56408e-145
539569	4.60002e-144
539669	5.87799e-143
539769	7.43627e-142
539869	9.31405e-141
539969	1.15499e-139
540069	1.418e-138
540169	1.72358e-137
540269	2.07416e-136
540369	2.47122e-135
540469	2.91499e-134
540569	3.40424e-133
540669	3.93604e-132
540769	4.50564e-131
540869	5.10635e-130
540969	5.72956e-129
541069	6.36487e-128
541169	7.00026e-127
541269	7.62248e-126
541369	8.21742e-125
541469	8.77065e-124
541569	9.26798e-123
541669	9.69606e-122
541769	1.0043e-120
541869	1.02988e-119
541969	1.04561e-118
542069	1.05101e-117
542169	1.04593e-116
542269	1.03052e-115
542369	1.00523e-114
542469	9.70805e-114
542569	9.28231e-113
542669	8.78693e-112
542769	8.23521e-111
542869	7.64135e-110
542969	7.01976e-109
543069	6.38456e-108
543169	5.74907e-107
543269	5.12531e-106
543369	4.52377e-105
543469	3.9531e-104
543569	3.42005e-103
543669	2.92944e-102
543769	2.48423e-101
543869	2.08573e-100
543969	1.73373e-99
544069	1.42679e-98
544169	1.16251e-97
544269	9.37758e-97
544369	7.48931e-96
544469	5.92174e-95
544569	4.63569e-94
544669	3.59283e-93
544769	2.75687e-92
544869	2.09436e-91
544969	1.57523e-90
545069	1.17299e-89
545169	8.64773e-89
545269	6.31199e-88
545369	4.56129e-87
545469	3.26337e-86
545569	2.31154e-85
545669	1.62104e-84
545769	1.1255e-83
545869	7.73661e-83
545969	5.2652e-82
546069	3.5476e-81
546169	2.36654e-80
546269	1.56296e-79
546369	1.02197e-78
546469	6.6159e-78
546569	4.24028e-77
546669	2.69066e-76
546769	1.69036e-75
546869	1.05137e-74
546969	6.47425e-74
547069	3.94713e-73
547169	2.38248e-72
547269	1.42375e-71
547369	8.42359e-71
547469	4.9342e-70
547569	2.8615e-69
547669	1.64296e-68
547769	9.33938e-68
547869	5.25612e-67
547969	2.92867e-66
548069	1.61559e-65
548169	8.82371e-65
548269	4.7712e-64
548369	2.55423e-63
548469	1.35379e-62
548569	7.10391e-62
548669	3.69064e-61
548769	1.89829e-60
548869	9.66677e-60
548969	4.87368e-59
549069	2.4327e-58
549169	1.20221e-57
549269	5.882e-57
549369	2.84924e-56
549469	1.36644e-55
549569	6.48795e-55
549669	3.04987e-54
549769	1.41943e-53
549869	6.54037e-53
549969	2.98365e-52
550069	1.34757e-51
550169	6.02576e-51
550269	2.66765e-50
550369	1.16924e-49
550469	5.07381e-49
550569	2.17983e-48
550669	9.27188e-48
550769	3.90454e-47
550869	1.62791e-46
550969	6.71964e-46
551069	2.74612e-45
551169	1.11109e-44
551269	4.4508e-44
551369	1.76516e-43
551469	6.93082e-43
551569	2.69429e-42
551669	1.03695e-41
551769	3.95123e-41
551869	1.49061e-40
551969	5.56737e-40
552069	2.05871e-39
552169	7.53695e-39
552269	2.73183e-38
552369	9.80323e-38
552469	3.48291e-37
552569	1.2251e-36
552669	4.26637e-36
552769	1.47096e-35
552869	5.02115e-35
552969	1.69692e-34
553069	5.67775e-34
553169	1.88082e-33
553269	6.16847e-33
553369	2.00292e-32
553469	6.43884e-32
553569	2.04931e-31
553669	6.45753e-31
553769	2.01457e-30
553869	6.22234e-30
553969	1.90276e-29
554069	5.76062e-29
554169	1.72669e-28
554269	5.12406e-28
554369	1.50547e-27
554469	4.37913e-27
554569	1.26113e-26
554669	3.59577e-26
554769	1.01503e-25
554869	2.83677e-25
554969	7.84922e-25
555069	2.15024e-24
555169	5.83182e-24
555269	1.56595e-23
555369	4.16305e-23
555469	1.09573e-22
555569	2.85529e-22
555669	7.36642e-22
555769	1.88157e-21
555869	4.7582e-21
555969	1.1913e-20
556069	2.95299e-20
556169	7.24701e-20
556269	1.76082e-19
556369	4.23574e-19
556469	1.00879e-18
556569	2.37868e-18
556669	5.553e-18
556769	1.28345e-17
556869	2.93692e-17
556969	6.65373e-17
557069	1.49245e-16
557169	3.31431e-16
557269	7.28702e-16
557369	1.58624e-15
557469	3.41861e-15
557569	7.2945e-15
557669	1.54101e-14
557769	3.22314e-14
557869	6.67452e-14
557969	1.36845e-13
558069	2.77782e-13
558169	5.58276e-13
558269	1.11088e-12
558369	2.18854e-12
558469	4.26891e-12
558569	8.24435e-12
558669	1.57643e-11
558769	2.9845e-11
558869	5.5944e-11
558969	1.0383e-10
559069	1.90801e-10
559169	3.47162e-10
559269	6.25433e-10
559369	1.11566e-09
559469	1.97057e-09
559569	3.44638e-09
559669	5.96834e-09
559769	1.02346e-08
559869	1.73789e-08
559969	2.92223e-08
560069	4.86585e-08
560169	8.02354e-08
560269	1.31023e-07
560369	2.11891e-07
560469	3.39375e-07
560569	5.38348e-07
560669	8.45821e-07
560769	1.31627e-06
560869	2.029e-06
560969	3.09824e-06
561069	4.68667e-06
561169	7.02357e-06
561269	1.04286e-05
561369	1.53425e-05
561469	2.23668e-05
561569	3.23136e-05
561669	4.62677e-05
561769	6.56633e-05
561869	9.2377e-05
561969	0.000128839
562069	0.000178163
562169	0.000244303
562269	0.000332224
562369	0.000448101
562469	0.000599538
562569	0.000795807
562669	0.0010481
562769	0.00136978
562869	0.00177666
562969	0.00228723
563069	0.00292287
563169	0.00370802
563269	0.00467029
563369	0.00584037
563469	0.00725193
563569	0.00894122
563669	0.0109466
563769	0.0133075
563869	0.0160636
563969	0.0192531
564069	0.0229114
564169	0.0270684
564269	0.0317469
564369	0.0369597
564469	0.0427069
564569	0.048974
564669	0.0557289
564769	0.0629203
564869	0.0704768
564969	0.0783058
565069	0.0862947
565169	0.0943122
565269	0.102211
565369	0.109834
565469	0.117014
565569	0.123588
565669	0.129397
565769	0.134298
565869	0.138166
565969	0.140909
566069	0.142464
566169	0.142811
566269	0.14197
566369	0.140005
566469	0.137024
566569	0.133175
566669	0.128644
566769	0.123647
566869	0.118424
566969	0.113231
567069	0.10833
567169	0.103981
567269	0.10043
567369	0.0979034
567469	0.0965971
567569	0.0966685
567669	0.098231
567769	0.101348
567869	0.106027
567969	0.112224
568069	0.119833
568169	0.128697
568269	0.138608
568369	0.14931
568469	0.160516
568569	0.171909
568669	0.183161
568769	0.193942
568869	0.203939
568969	0.212868
569069	0.220485
569169	0.226607
569269	0.231112
569369	0.233958
569469	0.235177
569569	0.234882
569669	0.233262
569769	0.230572
569869	0.227127
569969	0.223282
570069	0.219418
570169	0.215923
570269	0.213171
570369	0.211505
570469	0.211215
570569	0.212527
570669	0.215583
570769	0.220437
570869	0.227049
570969	0.235283
571069	0.244908
571169	0.255616
571269	0.267025
571369	0.278702
571469	0.290182
571569	0.300989
571669	0.310657
571769	0.318758
571869	0.324915
571969	0.328828
572069	0.330282
572169	0.329162
572269	0.325454
572369	0.319247
572469	0.310727
572569	0.300167
572669	0.287912
572769	0.274364
572869	0.259963
572969	0.245167
573069	0.230434
573169	0.216205
573269	0.202889
573369	0.190855
573469	0.180419
573569	0.171847
573669	0.165347
573769	0.161078
573869	0.159148
573969	0.159627
574069	0.162547
574169	0.167909
574269	0.17569
574369	0.185843
574469	0.1983
574569	0.212967
574669	0.229721
574769	0.248406
574869	0.268826
574969	0.290736
575069	0.313841
575169	0.337787
575269	0.362166
575369	0.386515
575469	0.410326
575569	0.433054
575669	0.454137
575769	0.473012
575869	0.489139
575969	0.50202
576069	0.511224
576169	0.516409
576269	0.517334
576369	0.513879
576469	0.506047
576569	0.493968
576669	0.477892
576769	0.458183
576869	0.435296
576969	0.409764
577069	0.38217
577169	0.353124
577269	0.323239
577369	0.293108
577469	0.263282
577569	0.234257
577669	0.206457
577769	0.180228
577869	0.155833
577969	0.133454
578069	0.113198
578169	0.0950975
578269	0.0791261
578369	0.0652056
578469	0.0532183
578569	0.0430174
578669	0.0344375
578769	0.0273036
578869	0.0214391
578969	0.016672
579069	0.01284
579169	0.00979341
579269	0.00739768
579369	0.00553414
579469	0.00410021
579569	0.0030087
579669	0.0021868
579769	0.00157467
579869	0.0011239
579969	0.000795959
580069	0.000560693
580169	0.000394926
580269	0.000281257
580369	0.000207036
580469	0.00016353
580569	0.000145298
580669	0.000149748
580769	0.000176884
580869	0.000229215
580969	0.000311828
581069	0.000432598
581169	0.000602524
581269	0.000836172
581369	0.00115219
581469	0.00157389
581569	0.00212976
581669	0.00285401
581769	0.00378695
581869	0.00497511
581969	0.0064712
582069	0.00833353
582169	0.0106251
582269	0.0134121
582369	0.0167618
582469	0.0207397
582569	0.0254063
582669	0.0308135
582769	0.0369997
582869	0.0439861
582969	0.0517717
583069	0.0603294
583169	0.0696026
583269	0.0795027
583369	0.0899081
583469	0.100665
583569	0.111588
583669	0.122467
583769	0.133071
583869	0.143157
583969	0.152477
584069	0.160791
584169	0.167874
584269	0.17353
584369	0.177597
584469	0.179955
584569	0.180537
584669	0.179326
584769	0.176358
584869	0.171723
584969	0.165556
585069	0.158032
585169	0.149361
585269	0.139774
585369	0.129513
585469	0.118826
585569	0.10795
585669	0.0971084
585769	0.0865021
585869	0.0763031
585969	0.0666527
586069	0.0576591
586169	0.0493983
586269	0.0419152
586369	0.0352266
586469	0.029325
586569	0.0241828
586669	0.0197567
586769	0.0159921
586869	0.0128272
586969	0.0101965
587069	0.00803405
587169	0.00627558
587269	0.00486071
587369	0.00373398
587469	0.00284565
587569	0.00215206
587669	0.00161559
587769	0.00120439
587869	0.000891914
587969	0.000656421
588069	0.000480321
588169	0.000349596
588269	0.000253211
588369	0.000182589
588469	0.000131137
588569	9.38436e-05
588669	6.69352e-05
588769	4.75981e-05
588869	3.37511e-05
588969	2.38666e-05
589069	1.68303e-05
589169	1.18345e-05
589269	8.2963e-06
589369	5.79661e-06
589469	4.0353e-06
589569	2.79783e-06
589669	1.9312e-06
589769	1.32649e-06
589869	9.06278e-07
589969	6.15611e-07
590069	4.15583e-07
590169	2.78704e-07
590269	1.85611e-07
590369	1.22712e-07
590469	8.05127e-08
590569	5.24099e-08
590669	3.38396e-08
590769	2.16674e-08
590869	1.37554e-08
590969	8.65664e-09
591069	5.39972e-09
591169	3.33796e-09
591269	2.04471e-09
591369	1.24101e-09
