87643.1	2.51058e-07
87743.1	4.1186e-07
87843.1	6.68933e-07
87943.1	1.07565e-06
88043.1	1.71246e-06
88143.1	2.69913e-06
88243.1	4.21196e-06
88343.1	6.50733e-06
88443.1	9.95355e-06
88543.1	1.50734e-05
88643.1	2.25995e-05
88743.1	3.35464e-05
88843.1	4.93002e-05
88943.1	7.17314e-05
89043.1	0.00010333
89143.1	0.000147367
89243.1	0.000208081
89343.1	0.000290885
89443.1	0.000402594
89543.1	0.000551659
89643.1	0.000748394
89743.1	0.00100519
89843.1	0.00133666
89943.1	0.00175976
90043.1	0.00229372
90143.1	0.00295996
90243.1	0.00378171
90343.1	0.00478352
90443.1	0.00599052
90543.1	0.00742743
90643.1	0.00911737
90743.1	0.0110805
90843.1	0.0133323
90943.1	0.0158821
91043.1	0.0187315
91143.1	0.0218722
91243.1	0.0252856
91343.1	0.028941
91443.1	0.0327955
91543.1	0.0367942
91643.1	0.0408704
91743.1	0.0449477
91843.1	0.0489417
91943.1	0.0527631
92043.1	0.0563211
92143.1	0.0595269
92243.1	0.062298
92343.1	0.0645625
92443.1	0.0662621
92543.1	0.0673564
92643.1	0.0678246
92743.1	0.0676685
92843.1	0.0669125
92943.1	0.0656041
93043.1	0.0638126
93143.1	0.0616274
93243.1	0.0591553
93343.1	0.0565168
93443.1	0.0538426
93543.1	0.0512692
93643.1	0.0489342
93743.1	0.0469725
93843.1	0.0455113
93943.1	0.0446666
94043.1	0.0445385
94143.1	0.0452083
94243.1	0.0467346
94343.1	0.049151
94443.1	0.0524636
94543.1	0.0566492
94643.1	0.0616545
94743.1	0.0673957
94843.1	0.07376
94943.1	0.0806071
95043.1	0.0877723
95143.1	0.0950716
95243.1	0.102306
95343.1	0.109271
95443.1	0.115758
95543.1	0.12157
95643.1	0.126522
95743.1	0.130453
95843.1	0.133233
95943.1	0.134765
96043.1	0.134991
96143.1	0.133896
96243.1	0.131505
96343.1	0.127883
96443.1	0.123131
96543.1	0.117382
96643.1	0.110791
96743.1	0.103533
96843.1	0.0957883
96943.1	0.0877426
97043.1	0.0795736
97143.1	0.0714475
97243.1	0.0635133
97343.1	0.0558985
97443.1	0.0487072
97543.1	0.0420189
97643.1	0.0358884
97743.1	0.0303473
97843.1	0.0254064
97943.1	0.0210584
98043.1	0.0172807
98143.1	0.0140397
98243.1	0.011293
98343.1	0.0089933
98443.1	0.00709065
98543.1	0.00553489
98643.1	0.0042775
98743.1	0.00327286
98843.1	0.00247926
98943.1	0.00185941
99043.1	0.00138065
99143.1	0.00101496
99243.1	0.000738707
99343.1	0.000532295
99443.1	0.000379742
99543.1	0.000268215
99643.1	0.000187558
99743.1	0.00012985
99843.1	8.90037e-05
99943.1	6.03991e-05
100043	4.05798e-05
100143	2.69927e-05
100243	1.77762e-05
100343	1.15902e-05
100443	7.48166e-06
100543	4.78149e-06
100643	3.02541e-06
100743	1.89524e-06
100843	1.17544e-06
100943	7.21759e-07
101043	4.38775e-07
101143	2.64088e-07
101243	1.57367e-07
101343	9.28399e-08
101443	5.42266e-08
101543	3.1358e-08
101643	1.79531e-08
101743	1.01763e-08
101843	5.71079e-09
101943	3.17292e-09
102043	1.74534e-09
102143	9.50512e-10
102243	5.12498e-10
102343	2.7358e-10
102443	1.44588e-10
102543	7.56552e-11
102643	3.91924e-11
102743	2.01012e-11
102843	1.0207e-11
102943	5.13136e-12
103043	2.55401e-12
103143	1.25855e-12
103243	6.14012e-13
103343	2.96578e-13
103443	1.41827e-13
103543	6.71482e-14
103643	3.14752e-14
103743	1.46069e-14
103843	6.71129e-15
103943	3.05289e-15
104043	1.3749e-15
104143	6.13043e-16
104243	2.70624e-16
104343	1.18277e-16
104443	5.11787e-17
104543	2.19248e-17
104643	9.29909e-18
104743	3.90482e-18
104843	1.62338e-18
104943	6.68182e-19
105043	2.72287e-19
105143	1.09854e-19
105243	4.38796e-20
105343	1.73526e-20
105443	6.79401e-21
105543	2.63356e-21
105643	1.01069e-21
105743	3.84016e-22
105843	1.44457e-22
105943	5.38002e-23
106043	1.98375e-23
106143	7.2418e-24
106243	2.61736e-24
106343	9.36564e-25
106443	3.31794e-25
106543	1.16374e-25
106643	4.04112e-26
106743	1.38932e-26
106843	4.72893e-27
106943	1.5936e-27
107043	5.31682e-28
107143	1.75623e-28
107243	5.74341e-29
107343	1.85958e-29
107443	5.96096e-30
107543	1.8918e-30
107643	5.94415e-31
107743	1.84911e-31
107843	5.69498e-32
107943	1.73652e-32
108043	5.24232e-33
108143	1.56684e-33
108243	4.63641e-34
108343	1.3583e-34
108443	3.93975e-35
108543	1.13135e-35
108643	3.21651e-36
108743	9.05373e-37
108843	2.52306e-37
108943	6.96122e-38
109043	1.90151e-38
109143	5.14246e-39
109243	1.37689e-39
109343	3.64993e-40
109443	9.57917e-41
109543	2.48901e-41
109643	6.40301e-42
109743	1.63079e-42
109843	4.11215e-43
109943	1.02659e-43
110043	2.53736e-44
110143	6.20903e-45
110243	1.50426e-45
110343	3.6081e-46
110443	8.56825e-47
110543	2.01448e-47
110643	4.6891e-48
110743	1.08062e-48
110843	2.46556e-49
110943	5.56947e-50
111043	1.24557e-50
111143	2.75792e-51
111243	6.04577e-52
111343	1.31213e-52
111443	2.81943e-53
111543	5.99794e-54
111643	1.26328e-54
111743	2.63424e-55
111843	5.43835e-56
111943	1.11157e-56
112043	2.24938e-57
112143	4.50656e-58
112243	8.93893e-59
112343	1.75543e-59
112443	3.41301e-60
112543	6.56974e-61
112643	1.25204e-61
112743	2.36234e-62
112843	4.41291e-63
112943	8.16139e-64
113043	1.49438e-64
113143	2.70903e-65
113243	4.86211e-66
113343	8.63959e-67
113443	1.51991e-67
113543	2.64728e-68
113643	4.56498e-69
113743	7.79354e-70
113843	1.31731e-70
113943	2.20444e-71
114043	3.65229e-72
114143	5.99092e-73
114243	9.73277e-74
114343	1.58802e-74
114443	3.98985e-75
114543	9.76581e-75
114643	5.80586e-74
114743	3.55295e-73
114843	2.15479e-72
114943	1.29386e-71
115043	7.6918e-71
115143	4.52715e-70
115243	2.63803e-69
115343	1.52192e-68
115443	8.6928e-68
115543	4.9157e-67
115643	2.75212e-66
115743	1.52548e-65
115843	8.37153e-65
115943	4.5484e-64
116043	2.44664e-63
116143	1.30298e-62
116243	6.87009e-62
116343	3.58628e-61
116443	1.85346e-60
116543	9.48375e-60
116643	4.80433e-59
116743	2.40959e-58
116843	1.1965e-57
116943	5.88214e-57
117043	2.86297e-56
117143	1.37961e-55
117243	6.5819e-55
117343	3.10888e-54
117443	1.45383e-53
117543	6.73101e-53
117643	3.08535e-52
117743	1.40018e-51
117843	6.29104e-51
117943	2.79845e-50
118043	1.23245e-49
118143	5.37377e-49
118243	2.31977e-48
118343	9.91444e-48
118443	4.19516e-47
118543	1.75746e-46
118643	7.2892e-46
118743	2.99317e-45
118843	1.21686e-44
118943	4.89785e-44
119043	1.95177e-43
119143	7.7003e-43
119243	3.00777e-42
119343	1.16316e-41
119443	4.45337e-41
119543	1.68809e-40
119643	6.33522e-40
119743	2.35388e-39
119843	8.6589e-39
119943	3.15354e-38
120043	1.13708e-37
120143	4.05922e-37
120243	1.43466e-36
120343	5.02011e-36
120443	1.73914e-35
120543	5.96504e-35
120643	2.02558e-34
120743	6.80991e-34
120843	2.26668e-33
120943	7.4696e-33
121043	2.43703e-32
121143	7.87194e-32
121243	2.51744e-31
121343	7.97067e-31
121443	2.49854e-30
121543	7.75417e-30
121643	2.38255e-29
121743	7.24777e-29
121843	2.18285e-28
121943	6.50881e-28
122043	1.92148e-27
122143	5.616e-27
122243	1.62508e-26
122343	4.65566e-26
122443	1.32052e-25
122543	3.7082e-25
122643	1.03096e-24
122743	2.83774e-24
122843	7.73329e-24
122943	2.08647e-23
123043	5.57335e-23
123143	1.47394e-22
123243	3.8592e-22
123343	1.0004e-21
123443	2.56748e-21
123543	6.52374e-21
123643	1.64113e-20
123743	4.0874e-20
123843	1.00788e-19
123943	2.46052e-19
124043	5.94706e-19
124143	1.4231e-18
124243	3.37151e-18
124343	7.90808e-18
124443	1.83643e-17
124543	4.22216e-17
124643	9.61065e-17
124743	2.16585e-16
124843	4.83236e-16
124943	1.06745e-15
125043	2.3345e-15
125143	5.05472e-15
125243	1.08357e-14
125343	2.29971e-14
125443	4.83224e-14
125543	1.00526e-13
125643	2.07046e-13
125743	4.22195e-13
125843	8.52344e-13
125943	1.70363e-12
126043	3.37125e-12
126143	6.60487e-12
126243	1.28114e-11
126343	2.46027e-11
126443	4.67764e-11
126543	8.80499e-11
126643	1.64092e-10
126743	3.02764e-10
126843	5.53065e-10
126943	1.00025e-09
127043	1.79099e-09
127143	3.17495e-09
127243	5.57235e-09
127343	9.68271e-09
127443	1.66576e-08
127543	2.83716e-08
127643	4.78425e-08
127743	7.9873e-08
127843	1.32021e-07
127943	2.16045e-07
128043	3.50027e-07
128143	5.61456e-07
128243	8.91636e-07
128343	1.4019e-06
128443	2.18224e-06
128543	3.36314e-06
128643	5.13151e-06
128743	7.75179e-06
128843	1.15935e-05
128943	1.71667e-05
129043	2.5166e-05
129143	3.65258e-05
129243	5.24859e-05
129343	7.46693e-05
129443	0.000105172
129543	0.00014666
129643	0.00020248
129743	0.000276764
129843	0.000374537
129943	0.000501808
130043	0.000665636
130143	0.000874165
130243	0.0011366
130343	0.00146312
130443	0.0018647
130543	0.00235286
130643	0.00293929
130743	0.00363536
130843	0.00445155
130943	0.0053968
131043	0.00647775
131143	0.00769795
131243	0.00905717
131343	0.0105507
131443	0.0121687
131543	0.0138959
131643	0.0157117
131743	0.0175899
131843	0.0194997
131943	0.0214061
132043	0.0232717
132143	0.025058
132243	0.0267274
132343	0.0282453
132443	0.0295826
132543	0.0307179
132643	0.0316397
132743	0.0323489
132843	0.0328601
132943	0.0332039
133043	0.0334268
133143	0.0335928
133243	0.0337823
133343	0.0340919
133443	0.0346325
133543	0.0355274
133643	0.0369088
133743	0.0389145
133843	0.0416833
133943	0.0453496
134043	0.050038
134143	0.0558568
134243	0.0628916
134343	0.071199
134443	0.0808004
134543	0.0916763
134643	0.103763
134743	0.116948
134843	0.131071
134943	0.145927
135043	0.161265
135143	0.176802
135243	0.192228
135343	0.207218
135443	0.221449
135543	0.23461
135643	0.246423
135743	0.256653
135843	0.265123
135943	0.271727
136043	0.276431
136143	0.279282
136243	0.280406
136343	0.279996
136443	0.278312
136543	0.275659
136643	0.27237
136743	0.268793
136843	0.265265
136943	0.262097
137043	0.259551
137143	0.257831
137243	0.257067
137343	0.257312
137443	0.258538
137543	0.260641
137643	0.263447
137743	0.266726
137843	0.270206
137943	0.273594
138043	0.276595
138143	0.278928
138243	0.280351
138343	0.280677
138443	0.279785
138543	0.277639
138643	0.274289
138743	0.269878
138843	0.264643
138943	0.258911
139043	0.253088
139143	0.247654
139243	0.243144
139343	0.240135
139443	0.239227
139543	0.241025
139643	0.246117
139743	0.255052
139843	0.268322
139943	0.28634
140043	0.309419
140143	0.33776
140243	0.371432
140343	0.410367
140443	0.454355
140543	0.503039
140643	0.55593
140743	0.612414
140843	0.671773
140943	0.733213
141043	0.79589
141143	0.858943
141243	0.921528
141343	0.982847
141443	1.04218
141543	1.09889
141643	1.15246
141743	1.20248
141843	1.24864
141943	1.29074
142043	1.32863
142143	1.36221
142243	1.39141
142343	1.41612
142443	1.43623
142543	1.45156
142643	1.46187
142743	1.46687
142843	1.46624
142943	1.45964
143043	1.44672
143143	1.42722
143243	1.40095
143343	1.36784
143443	1.32799
143543	1.28166
143643	1.22933
143743	1.17164
143843	1.10943
143943	1.04367
144043	0.975491
144143	0.906067
144243	0.836626
144343	0.768384
144443	0.702501
144543	0.640038
144643	0.581928
144743	0.528942
144843	0.48167
144943	0.440513
145043	0.405677
145143	0.377176
145243	0.354846
145343	0.338355
145443	0.32723
145543	0.320873
145643	0.318591
145743	0.31962
145843	0.323154
145943	0.328372
146043	0.334463
146143	0.340654
146243	0.346231
146343	0.350559
146443	0.353105
146543	0.353444
146643	0.35127
146743	0.346405
146843	0.338789
146943	0.328483
147043	0.31565
147143	0.300547
147243	0.283505
147343	0.264908
147443	0.245174
147543	0.224733
147643	0.204011
147743	0.18341
147843	0.163293
147943	0.143976
148043	0.125721
148143	0.108729
148243	0.0931404
148343	0.0790411
148443	0.066463
148543	0.0553923
148643	0.0457772
148743	0.0375356
148843	0.0305633
148943	0.0247415
149043	0.0199441
149143	0.0160428
149243	0.0129124
149343	0.010434
149443	0.00849827
149543	0.00700615
149643	0.00587033
149743	0.0050152
149843	0.00437651
149943	0.00390071
150043	0.00354403
150143	0.00327141
150243	0.00305545
150343	0.00287527
150443	0.00271554
150543	0.00256546
150643	0.00241795
150743	0.00226885
150843	0.00211625
150943	0.00195989
151043	0.00180071
151143	0.00164036
151243	0.00148093
151343	0.00132465
151443	0.00117367
151543	0.00102992
151643	0.000895
151743	0.000770154
151843	0.00065621
151943	0.000553609
152043	0.000462431
152143	0.000382442
152243	0.000313152
152343	0.000253869
152443	0.000203764
152543	0.000161923
152643	0.000127394
152743	9.92313e-05
152843	7.65257e-05
152943	5.84283e-05
153043	4.4167e-05
153143	3.30544e-05
153243	2.44917e-05
153343	1.79666e-05
153443	1.30488e-05
153543	9.38275e-06
153643	6.67957e-06
153743	4.70786e-06
153843	3.28516e-06
153943	2.26958e-06
154043	1.55236e-06
154143	1.05123e-06
154243	7.04785e-07
154343	4.67815e-07
154443	3.07432e-07
154543	2.00023e-07
154643	1.28846e-07
154743	8.21704e-08
154843	5.18822e-08
154943	3.24324e-08
155043	2.00722e-08
155143	1.2299e-08
155243	7.46107e-09
155343	4.48115e-09
155443	2.66462e-09
155543	1.56869e-09
155643	9.14317e-10
155743	5.27611e-10
155843	3.0143e-10
155943	1.70497e-10
156043	9.54785e-11
156143	5.29359e-11
156243	2.90571e-11
156343	1.5791e-11
156443	8.49624e-12
156543	4.52584e-12
156643	2.38688e-12
156743	1.24628e-12
156843	6.4426e-13
156943	3.29733e-13
157043	1.67078e-13
157143	8.38177e-14
157243	4.16302e-14
157343	2.04709e-14
157443	9.96607e-15
157543	4.80361e-15
157643	2.29228e-15
157743	1.08299e-15
157843	5.06571e-16
157943	2.34592e-16
158043	1.07558e-16
158143	4.88243e-17
158243	2.19443e-17
158343	9.76905e-18
158443	4.3158e-18
158543	1.91173e-18
158643	8.94739e-19
158743	5.43612e-19
158843	6.01072e-19
158943	1.09763e-18
159043	2.36427e-18
159143	5.23669e-18
159243	1.15665e-17
159343	2.53267e-17
159443	5.49188e-17
159543	1.17907e-16
159643	2.50622e-16
159743	5.2742e-16
159843	1.09888e-15
159943	2.26674e-15
160043	4.62925e-15
160143	9.36001e-15
160243	1.8737e-14
160343	3.71346e-14
160443	7.28644e-14
160543	1.4155e-13
160643	2.72245e-13
160743	5.18403e-13
160843	9.77311e-13
160943	1.82413e-12
161043	3.37081e-12
161143	6.16694e-12
161243	1.11703e-11
161343	2.00315e-11
161443	3.55648e-11
161543	6.25151e-11
161643	1.08794e-10
161743	1.8745e-10
161843	3.19757e-10
161943	5.40023e-10
162043	9.02947e-10
162143	1.49475e-09
162243	2.44981e-09
162343	3.97515e-09
162443	6.38603e-09
162543	1.0157e-08
162643	1.5994e-08
162743	2.49348e-08
162843	3.84869e-08
162943	5.88133e-08
163043	8.89807e-08
163143	1.33282e-07
163243	1.97655e-07
163343	2.90201e-07
163443	4.21839e-07
163543	6.07089e-07
163643	8.64998e-07
163743	1.22021e-06
163843	1.70416e-06
163943	2.35638e-06
164043	3.22578e-06
164143	4.37203e-06
164243	5.86662e-06
164343	7.79381e-06
164443	1.02511e-05
164543	1.33489e-05
164643	1.72099e-05
164743	2.19668e-05
164843	2.77597e-05
164943	3.47311e-05
165043	4.3021e-05
165143	5.27592e-05
165243	6.40581e-05
165343	7.70028e-05
165443	9.16423e-05
165543	0.00010798
165643	0.000125964
165743	0.000145481
165843	0.000166351
165943	0.000188321
166043	0.000211072
166143	0.000234218
166243	0.000257315
166343	0.000279878
166443	0.00030139
166543	0.000321326
166643	0.000339172
166743	0.000354447
166843	0.000366724
166943	0.000375651
167043	0.000380967
167143	0.000382513
167243	0.000380245
167343	0.000374229
167443	0.000364644
167543	0.00035177
167643	0.000335975
167743	0.000317698
167843	0.000297428
167943	0.000275686
168043	0.000252997
168143	0.000229876
168243	0.000206807
168343	0.000184227
168443	0.000162518
168543	0.000141998
168643	0.00012292
168743	0.000105473
168843	8.97848e-05
168943	7.59327e-05
169043	6.39521e-05
169143	5.38491e-05
169243	4.56123e-05
169343	3.92261e-05
169443	3.46826e-05
169543	3.19933e-05
169643	3.11988e-05
169743	3.23764e-05
169843	3.56459e-05
169943	4.11718e-05
170043	4.91634e-05
170143	5.98706e-05
170243	7.35764e-05
170343	9.05854e-05
170443	0.000111209
170543	0.000135744
170643	0.000164456
170743	0.000197549
170843	0.000235141
170943	0.000277241
171043	0.00032372
171143	0.000374294
171243	0.000428506
171343	0.000485717
171443	0.000545106
171543	0.000605681
171643	0.000666298
171743	0.000725694
171843	0.000782523
171943	0.000835409
172043	0.000882995
172143	0.000924007
172243	0.000957302
172343	0.000981929
172443	0.000997168
172543	0.00100257
172643	0.000997967
172743	0.000983503
172843	0.000959605
172943	0.000926971
173043	0.000886537
173143	0.00083943
173243	0.000786918
173343	0.00073035
173443	0.000671104
173543	0.000610529
173643	0.000549894
173743	0.000490353
173843	0.000432909
173943	0.000378391
174043	0.000327447
174143	0.000280543
174243	0.000237966
174343	0.000199842
174443	0.000166156
174543	0.000136774
174643	0.000111467
174743	8.9939e-05
174843	7.18465e-05
174943	5.68225e-05
175043	4.4493e-05
175143	3.44922e-05
175243	2.64732e-05
175343	2.01164e-05
175443	1.51339e-05
175543	1.12722e-05
175643	8.3123e-06
175743	6.06865e-06
175843	4.38652e-06
175943	3.1391e-06
176043	2.22407e-06
176143	1.56008e-06
176243	1.08344e-06
176343	7.44933e-07
176443	5.07094e-07
176543	3.41756e-07
176643	2.28034e-07
176743	1.50641e-07
176843	9.85237e-08
176943	6.37965e-08
177043	4.08987e-08
177143	2.59585e-08
177243	1.6312e-08
177343	1.01482e-08
177443	6.25074e-09
177543	3.8118e-09
