1.46072e+06	3.68655e-07
1.46082e+06	6.04779e-07
1.46092e+06	9.82267e-07
1.46102e+06	1.5795e-06
1.46112e+06	2.51459e-06
1.46122e+06	3.96344e-06
1.46132e+06	6.18492e-06
1.46142e+06	9.55549e-06
1.46152e+06	1.4616e-05
1.46162e+06	2.21342e-05
1.46172e+06	3.3186e-05
1.46182e+06	4.92611e-05
1.46192e+06	7.23953e-05
1.46202e+06	0.000105336
1.46212e+06	0.000151739
1.46222e+06	0.00021641
1.46232e+06	0.000305575
1.46242e+06	0.000427185
1.46252e+06	0.000591254
1.46262e+06	0.000810201
1.46272e+06	0.00109919
1.46282e+06	0.00147643
1.46292e+06	0.00196344
1.46302e+06	0.00258515
1.46312e+06	0.00336993
1.46322e+06	0.00434937
1.46332e+06	0.00555779
1.46342e+06	0.0070316
1.46352e+06	0.00880819
1.46362e+06	0.0109246
1.46372e+06	0.0134158
1.46382e+06	0.016313
1.46392e+06	0.0196409
1.46402e+06	0.0234163
1.46412e+06	0.0276453
1.46422e+06	0.0323216
1.46432e+06	0.0374248
1.46442e+06	0.0429196
1.46452e+06	0.0487556
1.46462e+06	0.0548678
1.46472e+06	0.0611789
1.46482e+06	0.0676016
1.46492e+06	0.0740425
1.46502e+06	0.0804075
1.46512e+06	0.0866063
1.46522e+06	0.0925589
1.46532e+06	0.0982012
1.46542e+06	0.10349
1.46552e+06	0.108407
1.46562e+06	0.112963
1.46572e+06	0.117198
1.46582e+06	0.121182
1.46592e+06	0.125008
1.46602e+06	0.128792
1.46612e+06	0.132664
1.46622e+06	0.136755
1.46632e+06	0.141196
1.46642e+06	0.146097
1.46652e+06	0.151544
1.46662e+06	0.157588
1.46672e+06	0.164234
1.46682e+06	0.171438
1.46692e+06	0.179107
1.46702e+06	0.187093
1.46712e+06	0.195204
1.46722e+06	0.203206
1.46732e+06	0.210838
1.46742e+06	0.217818
1.46752e+06	0.223865
1.46762e+06	0.228706
1.46772e+06	0.232099
1.46782e+06	0.233838
1.46792e+06	0.233769
1.46802e+06	0.231797
1.46812e+06	0.227892
1.46822e+06	0.222089
1.46832e+06	0.214488
1.46842e+06	0.205245
1.46852e+06	0.194569
1.46862e+06	0.182705
1.46872e+06	0.169926
1.46882e+06	0.156518
1.46892e+06	0.142772
1.46902e+06	0.128963
1.46912e+06	0.11535
1.46922e+06	0.102161
1.46932e+06	0.0895896
1.46942e+06	0.0777899
1.46952e+06	0.0668768
1.46962e+06	0.0569257
1.46972e+06	0.0479752
1.46982e+06	0.0400311
1.46992e+06	0.0330711
1.47002e+06	0.0270499
1.47012e+06	0.0219052
1.47022e+06	0.0175627
1.47032e+06	0.0139411
1.47042e+06	0.0109564
1.47052e+06	0.008525
1.47062e+06	0.00656723
1.47072e+06	0.00500875
1.47082e+06	0.00378211
1.47092e+06	0.00282747
1.47102e+06	0.00209276
1.47112e+06	0.00153356
1.47122e+06	0.0011126
1.47132e+06	0.000799158
1.47142e+06	0.00056831
1.47152e+06	0.000400124
1.47162e+06	0.000278909
1.47172e+06	0.000192481
1.47182e+06	0.000131513
1.47192e+06	8.89626e-05
1.47202e+06	5.95804e-05
1.47212e+06	3.95054e-05
1.47222e+06	2.59339e-05
1.47232e+06	1.68552e-05
1.47242e+06	1.08457e-05
1.47252e+06	6.90941e-06
1.47262e+06	4.35793e-06
1.47272e+06	2.72129e-06
1.47282e+06	1.6824e-06
1.47292e+06	1.02977e-06
1.47302e+06	6.2403e-07
1.47312e+06	3.74395e-07
1.47322e+06	2.22388e-07
1.47332e+06	1.30782e-07
1.47342e+06	7.61455e-08
1.47352e+06	4.38931e-08
1.47362e+06	2.50499e-08
1.47372e+06	1.41538e-08
1.47382e+06	7.91765e-09
1.47392e+06	4.38507e-09
1.47402e+06	2.40444e-09
1.47412e+06	1.3053e-09
1.47422e+06	7.01554e-10
1.47432e+06	3.7331e-10
1.47442e+06	1.96669e-10
1.47452e+06	1.02579e-10
1.47462e+06	5.2971e-11
1.47472e+06	2.70817e-11
1.47482e+06	1.37079e-11
1.47492e+06	6.86943e-12
1.47502e+06	3.40823e-12
1.47512e+06	1.67415e-12
1.47522e+06	8.14172e-13
1.47532e+06	3.92009e-13
1.47542e+06	1.86867e-13
1.47552e+06	8.81913e-14
1.47562e+06	4.12075e-14
1.47572e+06	1.90627e-14
1.47582e+06	8.73069e-15
1.47592e+06	3.95886e-15
1.47602e+06	1.77725e-15
1.47612e+06	7.89923e-16
1.47622e+06	3.47598e-16
1.47632e+06	1.51435e-16
1.47642e+06	6.53182e-17
1.47652e+06	2.78932e-17
1.47662e+06	1.17929e-17
1.47672e+06	4.93626e-18
1.47682e+06	2.04566e-18
1.47692e+06	8.39315e-19
1.47702e+06	3.40937e-19
1.47712e+06	1.37114e-19
1.47722e+06	5.45939e-20
1.47732e+06	2.15211e-20
1.47742e+06	8.39928e-21
1.47752e+06	3.24546e-21
1.47762e+06	1.24156e-21
1.47772e+06	4.70237e-22
1.47782e+06	1.76329e-22
1.47792e+06	6.54614e-23
1.47802e+06	2.40605e-23
1.47812e+06	8.75553e-24
1.47822e+06	3.1544e-24
1.47832e+06	1.12514e-24
1.47842e+06	3.97334e-25
1.47852e+06	1.38919e-25
1.47862e+06	4.80864e-26
1.47872e+06	1.64794e-26
1.47882e+06	5.59137e-27
1.47892e+06	1.87824e-27
1.47902e+06	6.24658e-28
1.47912e+06	2.05679e-28
1.47922e+06	6.70493e-29
1.47932e+06	2.16399e-29
1.47942e+06	6.91471e-30
1.47952e+06	2.18751e-30
1.47962e+06	6.85145e-31
1.47972e+06	2.12458e-31
1.47982e+06	6.52258e-32
1.47992e+06	1.98255e-32
1.48002e+06	5.96601e-33
1.48012e+06	1.77747e-33
1.48022e+06	5.24297e-34
1.48032e+06	1.53112e-34
1.48042e+06	4.42689e-35
1.48052e+06	1.2672e-35
1.48062e+06	3.59127e-36
1.48072e+06	1.00765e-36
1.48082e+06	2.79915e-37
1.48092e+06	7.69839e-38
1.48102e+06	2.0962e-38
1.48112e+06	5.65093e-39
1.48122e+06	1.50822e-39
1.48132e+06	3.98537e-40
1.48142e+06	1.04263e-40
1.48152e+06	2.70051e-41
1.48162e+06	6.92499e-42
1.48172e+06	1.75813e-42
1.48182e+06	4.41914e-43
1.48192e+06	1.09972e-43
1.48202e+06	2.70947e-44
1.48212e+06	6.60912e-45
1.48222e+06	1.5961e-45
1.48232e+06	3.81622e-46
1.48242e+06	9.03366e-47
1.48252e+06	2.11715e-47
1.48262e+06	4.91242e-48
1.48272e+06	1.12849e-48
1.48282e+06	2.56658e-49
1.48292e+06	5.77924e-50
1.48302e+06	1.28838e-50
1.48312e+06	2.84363e-51
1.48322e+06	6.21384e-52
1.48332e+06	1.34432e-52
1.48342e+06	2.87942e-53
1.48352e+06	6.10608e-54
1.48362e+06	1.28197e-54
1.48372e+06	2.66471e-55
1.48382e+06	5.48376e-56
1.48392e+06	1.11729e-56
1.48402e+06	2.25376e-57
1.48412e+06	4.50099e-58
1.48422e+06	8.89949e-59
1.48432e+06	1.74213e-59
1.48442e+06	3.37638e-60
1.48452e+06	6.47857e-61
1.48462e+06	1.23074e-61
1.48472e+06	2.31477e-62
1.48482e+06	4.31029e-63
1.48492e+06	7.94627e-64
1.48502e+06	1.45036e-64
1.48512e+06	2.62089e-65
1.48522e+06	4.68895e-66
1.48532e+06	8.3054e-67
1.48542e+06	1.45647e-67
1.48552e+06	2.52873e-68
1.48562e+06	4.34668e-69
1.48572e+06	7.39726e-70
1.48582e+06	1.24635e-70
1.48592e+06	2.07907e-71
1.48602e+06	3.43362e-72
1.48612e+06	5.61428e-73
1.48622e+06	9.0885e-74
1.48632e+06	1.45662e-74
1.48642e+06	2.31132e-75
1.48652e+06	3.63103e-76
1.48662e+06	5.6475e-77
1.48672e+06	8.69641e-78
1.48682e+06	1.32581e-78
1.48692e+06	2.00114e-79
1.48702e+06	2.99043e-80
1.48712e+06	4.42431e-81
1.48722e+06	6.48058e-82
1.48732e+06	9.3981e-83
1.48742e+06	1.34935e-83
1.48752e+06	1.91806e-84
1.48762e+06	2.69936e-85
1.48772e+06	3.7611e-86
1.48782e+06	5.18831e-87
1.48792e+06	7.08588e-88
1.48802e+06	9.58119e-89
1.48812e+06	1.28263e-89
1.48822e+06	1.69997e-90
1.48832e+06	2.23068e-91
1.48842e+06	2.89795e-92
1.48852e+06	3.72737e-93
1.48862e+06	4.74646e-94
1.48872e+06	5.98404e-95
1.48882e+06	7.46924e-96
1.48892e+06	9.23029e-97
1.48902e+06	1.1293e-97
1.48912e+06	1.36793e-98
1.48922e+06	1.64049e-99
1.48932e+06	1.94779e-100
1.48942e+06	2.28963e-101
1.48952e+06	2.66469e-102
1.48962e+06	3.07033e-103
1.48972e+06	3.50252e-104
1.48982e+06	3.95578e-105
1.48992e+06	4.42326e-106
1.49002e+06	4.89676e-107
1.49012e+06	5.36701e-108
1.49022e+06	5.82388e-109
1.49032e+06	6.25677e-110
1.49042e+06	6.65495e-111
1.49052e+06	7.00804e-112
1.49062e+06	7.30643e-113
1.49072e+06	7.54174e-114
1.49082e+06	7.70716e-115
1.49092e+06	7.79784e-116
1.49102e+06	7.81108e-117
1.49112e+06	7.7465e-118
1.49122e+06	7.606e-119
1.49132e+06	7.39375e-120
1.49142e+06	7.1159e-121
1.49152e+06	6.78035e-122
1.49162e+06	6.39634e-123
1.49172e+06	5.97404e-124
1.49182e+06	5.5241e-125
1.49192e+06	5.05722e-126
1.49202e+06	4.58374e-127
1.49212e+06	4.11324e-128
1.49222e+06	3.65431e-129
1.49232e+06	3.21429e-130
1.49242e+06	2.79911e-131
1.49252e+06	2.41331e-132
1.49262e+06	2.05998e-133
1.49272e+06	1.74089e-134
1.49282e+06	1.45658e-135
1.49292e+06	1.20658e-136
1.49302e+06	9.8954e-138
1.49312e+06	8.03468e-139
1.49322e+06	6.45893e-140
1.49332e+06	5.14056e-141
1.49342e+06	4.05057e-142
1.49352e+06	3.15995e-143
1.49362e+06	2.44062e-144
1.49372e+06	1.86628e-145
1.49382e+06	1.4129e-146
1.49392e+06	1.05902e-147
1.49402e+06	7.85874e-149
1.49412e+06	5.77376e-150
1.49422e+06	4.19973e-151
1.49432e+06	3.02441e-152
1.49442e+06	2.15634e-153
1.49452e+06	1.52213e-154
1.49462e+06	1.06376e-155
1.49472e+06	7.36022e-157
1.49482e+06	5.04192e-158
1.49492e+06	3.41947e-159
1.49502e+06	2.29603e-160
1.49512e+06	1.52635e-161
1.49522e+06	1.00459e-162
1.49532e+06	6.54602e-164
1.49542e+06	4.22304e-165
1.49552e+06	2.6973e-166
1.49562e+06	1.70565e-167
1.49572e+06	1.06785e-168
1.49582e+06	6.61889e-170
1.49592e+06	4.0618e-171
1.49602e+06	2.46779e-172
1.49612e+06	1.48441e-173
1.49622e+06	8.84013e-175
1.49632e+06	5.21218e-176
1.49642e+06	3.04255e-177
1.49652e+06	1.75838e-178
1.49662e+06	1.00611e-179
1.49672e+06	5.69946e-181
1.49682e+06	3.19654e-182
1.49692e+06	1.77494e-183
1.49702e+06	9.75762e-185
1.49712e+06	5.31082e-186
1.49722e+06	2.86178e-187
1.49732e+06	1.52675e-188
1.49742e+06	8.0641e-190
1.49752e+06	4.21698e-191
1.49762e+06	2.18325e-192
1.49772e+06	1.11909e-193
1.49782e+06	5.67911e-195
1.49792e+06	2.85335e-196
1.49802e+06	1.41934e-197
1.49812e+06	6.98994e-199
1.49822e+06	3.40815e-200
1.49832e+06	1.64521e-201
1.49842e+06	7.86284e-203
1.49852e+06	3.72045e-204
1.49862e+06	1.74289e-205
1.49872e+06	8.08349e-207
1.49882e+06	3.71182e-208
1.49892e+06	1.68745e-209
1.49902e+06	7.59508e-211
1.49912e+06	3.38447e-212
1.49922e+06	1.49316e-213
1.49932e+06	6.52197e-215
1.49942e+06	2.82039e-216
1.49952e+06	1.20752e-217
1.49962e+06	5.11846e-219
1.49972e+06	2.14803e-220
1.49982e+06	8.92478e-222
1.49992e+06	3.67124e-223
1.50002e+06	1.49515e-224
1.50012e+06	6.02856e-226
1.50022e+06	2.40658e-227
1.50032e+06	9.51137e-229
1.50042e+06	3.72172e-230
1.50052e+06	1.44178e-231
1.50062e+06	5.52987e-233
1.50072e+06	2.09984e-234
1.50082e+06	7.89432e-236
1.50092e+06	2.93833e-237
1.50102e+06	1.08279e-238
1.50112e+06	3.95041e-240
1.50122e+06	1.42692e-241
1.50132e+06	5.10285e-243
1.50142e+06	1.80669e-244
1.50152e+06	6.33302e-246
1.50162e+06	2.19784e-247
1.50172e+06	7.55158e-249
1.50182e+06	2.56884e-250
1.50192e+06	8.65153e-252
1.50202e+06	2.88474e-253
1.50212e+06	9.52305e-255
1.50222e+06	3.11246e-256
1.50232e+06	1.00714e-257
1.50242e+06	3.22648e-259
1.50252e+06	1.02336e-260
1.50262e+06	3.21353e-262
1.50272e+06	9.99069e-264
1.50282e+06	3.07514e-265
1.50292e+06	9.37112e-267
1.50302e+06	2.82732e-268
1.50312e+06	8.44531e-270
1.50322e+06	2.49755e-271
1.50332e+06	7.31254e-273
1.50342e+06	2.11973e-274
1.50352e+06	6.08344e-276
1.50362e+06	1.72852e-277
1.50372e+06	4.86248e-279
1.50382e+06	1.35425e-280
1.50392e+06	3.73418e-282
1.50402e+06	1.01941e-283
1.50412e+06	2.75525e-285
1.50422e+06	7.37275e-287
1.50432e+06	1.95324e-288
1.50442e+06	5.12315e-290
1.50452e+06	1.33038e-291
1.50462e+06	3.42037e-293
1.50472e+06	8.70616e-295
1.50482e+06	2.194e-296
1.50492e+06	5.474e-298
1.50502e+06	1.35216e-299
1.50512e+06	3.30683e-301
1.50522e+06	8.00664e-303
1.50532e+06	1.91932e-304
1.50542e+06	4.55511e-306
1.50552e+06	1.07031e-307
1.50562e+06	2.48987e-309
1.50572e+06	5.73457e-311
1.50582e+06	1.30762e-312
1.50592e+06	2.95202e-314
1.50602e+06	6.59804e-316
1.50612e+06	1.46005e-317
1.50622e+06	3.19873e-319
1.50632e+06	6.93668e-321
1.50642e+06	1.4822e-322
1.50652e+06	4.94066e-324
1.50662e+06	0
1.50672e+06	0
1.50682e+06	0
1.50692e+06	0
1.50702e+06	0
1.50712e+06	0
1.50722e+06	0
1.50732e+06	0
1.50742e+06	0
1.50752e+06	0
1.50762e+06	0
1.50772e+06	0
1.50782e+06	0
1.50792e+06	0
1.50802e+06	0
1.50812e+06	0
1.50822e+06	0
1.50832e+06	0
1.50842e+06	0
1.50852e+06	0
1.50862e+06	0
1.50872e+06	0
1.50882e+06	0
1.50892e+06	0
1.50902e+06	0
1.50912e+06	0
1.50922e+06	0
1.50932e+06	0
1.50942e+06	0
1.50952e+06	0
1.50962e+06	0
1.50972e+06	0
1.50982e+06	0
1.50992e+06	0
1.51002e+06	0
1.51012e+06	0
1.51022e+06	0
1.51032e+06	0
1.51042e+06	0
1.51052e+06	0
1.51062e+06	0
1.51072e+06	0
1.51082e+06	0
1.51092e+06	0
1.51102e+06	0
1.51112e+06	0
1.51122e+06	0
1.51132e+06	0
1.51142e+06	0
1.51152e+06	0
1.51162e+06	0
1.51172e+06	0
1.51182e+06	0
1.51192e+06	0
1.51202e+06	0
1.51212e+06	0
1.51222e+06	0
1.51232e+06	0
1.51242e+06	0
1.51252e+06	0
1.51262e+06	0
1.51272e+06	0
1.51282e+06	0
1.51292e+06	0
1.51302e+06	0
1.51312e+06	0
1.51322e+06	0
1.51332e+06	0
1.51342e+06	0
1.51352e+06	0
1.51362e+06	0
1.51372e+06	0
1.51382e+06	0
1.51392e+06	0
1.51402e+06	0
1.51412e+06	0
1.51422e+06	0
1.51432e+06	0
1.51442e+06	0
1.51452e+06	0
1.51462e+06	0
1.51472e+06	0
1.51482e+06	0
1.51492e+06	0
1.51502e+06	0
1.51512e+06	0
1.51522e+06	0
1.51532e+06	0
1.51542e+06	0
1.51552e+06	0
1.51562e+06	0
1.51572e+06	0
1.51582e+06	0
1.51592e+06	0
1.51602e+06	0
1.51612e+06	0
1.51622e+06	0
1.51632e+06	0
1.51642e+06	0
1.51652e+06	0
1.51662e+06	0
1.51672e+06	0
1.51682e+06	0
1.51692e+06	0
1.51702e+06	0
1.51712e+06	0
1.51722e+06	0
1.51732e+06	0
1.51742e+06	0
1.51752e+06	0
1.51762e+06	0
1.51772e+06	0
1.51782e+06	0
1.51792e+06	0
1.51802e+06	0
1.51812e+06	0
1.51822e+06	0
1.51832e+06	0
1.51842e+06	0
1.51852e+06	0
1.51862e+06	0
1.51872e+06	0
1.51882e+06	0
1.51892e+06	0
1.51902e+06	0
1.51912e+06	0
1.51922e+06	0
1.51932e+06	0
1.51942e+06	0
1.51952e+06	0
1.51962e+06	0
1.51972e+06	0
1.51982e+06	0
1.51992e+06	0
1.52002e+06	0
1.52012e+06	0
1.52022e+06	0
1.52032e+06	0
1.52042e+06	0
1.52052e+06	0
1.52062e+06	0
1.52072e+06	0
1.52082e+06	0
1.52092e+06	0
1.52102e+06	0
1.52112e+06	0
1.52122e+06	0
1.52132e+06	0
1.52142e+06	0
1.52152e+06	0
1.52162e+06	0
1.52172e+06	0
1.52182e+06	0
1.52192e+06	0
1.52202e+06	0
1.52212e+06	0
1.52222e+06	0
1.52232e+06	0
1.52242e+06	0
1.52252e+06	0
1.52262e+06	0
1.52272e+06	0
1.52282e+06	0
1.52292e+06	0
1.52302e+06	0
1.52312e+06	0
1.52322e+06	0
1.52332e+06	0
1.52342e+06	0
1.52352e+06	0
1.52362e+06	0
1.52372e+06	0
1.52382e+06	0
1.52392e+06	0
1.52402e+06	0
1.52412e+06	0
1.52422e+06	0
1.52432e+06	0
1.52442e+06	0
1.52452e+06	0
1.52462e+06	0
1.52472e+06	0
1.52482e+06	0
1.52492e+06	0
1.52502e+06	0
1.52512e+06	0
1.52522e+06	0
1.52532e+06	0
1.52542e+06	0
1.52552e+06	0
1.52562e+06	0
1.52572e+06	0
1.52582e+06	0
1.52592e+06	0
1.52602e+06	0
1.52612e+06	0
1.52622e+06	0
1.52632e+06	0
1.52642e+06	0
1.52652e+06	0
1.52662e+06	0
1.52672e+06	0
1.52682e+06	0
1.52692e+06	0
1.52702e+06	0
1.52712e+06	0
1.52722e+06	0
1.52732e+06	0
1.52742e+06	0
1.52752e+06	0
1.52762e+06	0
1.52772e+06	0
1.52782e+06	0
1.52792e+06	0
1.52802e+06	0
1.52812e+06	0
1.52822e+06	0
1.52832e+06	0
1.52842e+06	0
1.52852e+06	0
1.52862e+06	0
1.52872e+06	0
1.52882e+06	0
1.52892e+06	0
1.52902e+06	0
1.52912e+06	0
1.52922e+06	0
1.52932e+06	0
1.52942e+06	0
1.52952e+06	0
1.52962e+06	0
1.52972e+06	0
1.52982e+06	0
1.52992e+06	0
1.53002e+06	0
1.53012e+06	0
1.53022e+06	0
1.53032e+06	0
1.53042e+06	0
1.53052e+06	0
1.53062e+06	0
1.53072e+06	0
1.53082e+06	0
1.53092e+06	0
1.53102e+06	0
1.53112e+06	0
1.53122e+06	0
1.53132e+06	0
1.53142e+06	0
1.53152e+06	0
1.53162e+06	0
1.53172e+06	0
1.53182e+06	0
1.53192e+06	0
1.53202e+06	0
1.53212e+06	0
1.53222e+06	0
1.53232e+06	0
1.53242e+06	0
1.53252e+06	0
1.53262e+06	0
1.53272e+06	0
1.53282e+06	0
1.53292e+06	0
1.53302e+06	0
1.53312e+06	0
1.53322e+06	0
1.53332e+06	0
1.53342e+06	0
1.53352e+06	0
1.53362e+06	0
1.53372e+06	0
1.53382e+06	0
1.53392e+06	0
1.53402e+06	0
1.53412e+06	0
1.53422e+06	0
1.53432e+06	0
1.53442e+06	0
1.53452e+06	0
1.53462e+06	0
1.53472e+06	0
1.53482e+06	0
1.53492e+06	0
1.53502e+06	0
1.53512e+06	0
1.53522e+06	0
1.53532e+06	0
1.53542e+06	0
1.53552e+06	0
1.53562e+06	0
1.53572e+06	0
1.53582e+06	0
1.53592e+06	0
1.53602e+06	0
1.53612e+06	0
1.53622e+06	0
1.53632e+06	0
1.53642e+06	0
1.53652e+06	0
1.53662e+06	0
1.53672e+06	0
1.53682e+06	0
1.53692e+06	0
1.53702e+06	0
1.53712e+06	0
1.53722e+06	0
1.53732e+06	0
1.53742e+06	0
1.53752e+06	0
1.53762e+06	0
1.53772e+06	0
1.53782e+06	0
1.53792e+06	0
1.53802e+06	0
1.53812e+06	0
1.53822e+06	0
1.53832e+06	0
1.53842e+06	0
1.53852e+06	0
1.53862e+06	0
1.53872e+06	0
1.53882e+06	0
1.53892e+06	0
1.53902e+06	0
1.53912e+06	0
1.53922e+06	0
1.53932e+06	0
1.53942e+06	0
1.53952e+06	0
1.53962e+06	0
1.53972e+06	0
1.53982e+06	0
1.53992e+06	0
1.54002e+06	0
1.54012e+06	0
1.54022e+06	0
1.54032e+06	0
1.54042e+06	0
1.54052e+06	0
1.54062e+06	0
1.54072e+06	0
1.54082e+06	0
1.54092e+06	0
1.54102e+06	0
1.54112e+06	0
1.54122e+06	0
1.54132e+06	0
1.54142e+06	0
1.54152e+06	0
1.54162e+06	0
1.54172e+06	0
1.54182e+06	0
1.54192e+06	0
1.54202e+06	0
1.54212e+06	0
1.54222e+06	0
1.54232e+06	0
1.54242e+06	0
1.54252e+06	0
1.54262e+06	0
1.54272e+06	0
1.54282e+06	0
1.54292e+06	0
1.54302e+06	0
1.54312e+06	0
1.54322e+06	0
1.54332e+06	0
1.54342e+06	0
1.54352e+06	0
1.54362e+06	0
1.54372e+06	0
1.54382e+06	0
1.54392e+06	0
1.54402e+06	0
1.54412e+06	0
1.54422e+06	0
1.54432e+06	0
1.54442e+06	0
1.54452e+06	0
1.54462e+06	0
1.54472e+06	0
1.54482e+06	0
1.54492e+06	0
1.54502e+06	0
1.54512e+06	0
1.54522e+06	0
1.54532e+06	0
1.54542e+06	0
1.54552e+06	0
1.54562e+06	0
1.54572e+06	0
1.54582e+06	0
1.54592e+06	0
1.54602e+06	0
1.54612e+06	0
1.54622e+06	0
1.54632e+06	0
1.54642e+06	0
1.54652e+06	0
1.54662e+06	0
1.54672e+06	0
1.54682e+06	0
1.54692e+06	0
1.54702e+06	0
1.54712e+06	0
1.54722e+06	0
1.54732e+06	0
1.54742e+06	0
1.54752e+06	0
1.54762e+06	0
1.54772e+06	0
1.54782e+06	0
1.54792e+06	0
1.54802e+06	0
1.54812e+06	0
1.54822e+06	0
1.54832e+06	0
1.54842e+06	0
1.54852e+06	0
1.54862e+06	0
1.54872e+06	0
1.54882e+06	0
1.54892e+06	0
1.54902e+06	0
1.54912e+06	0
1.54922e+06	0
1.54932e+06	0
1.54942e+06	0
1.54952e+06	0
1.54962e+06	0
1.54972e+06	0
1.54982e+06	0
1.54992e+06	0
1.55002e+06	0
1.55012e+06	0
1.55022e+06	0
1.55032e+06	0
1.55042e+06	0
1.55052e+06	0
1.55062e+06	0
1.55072e+06	0
1.55082e+06	0
1.55092e+06	0
1.55102e+06	0
1.55112e+06	0
1.55122e+06	0
1.55132e+06	0
1.55142e+06	0
1.55152e+06	0
1.55162e+06	0
1.55172e+06	0
1.55182e+06	0
1.55192e+06	0
1.55202e+06	0
1.55212e+06	0
1.55222e+06	0
1.55232e+06	0
1.55242e+06	0
1.55252e+06	0
1.55262e+06	0
1.55272e+06	0
1.55282e+06	0
1.55292e+06	0
1.55302e+06	0
1.55312e+06	0
1.55322e+06	0
1.55332e+06	0
1.55342e+06	0
1.55352e+06	0
1.55362e+06	0
1.55372e+06	0
1.55382e+06	0
1.55392e+06	0
1.55402e+06	0
1.55412e+06	0
1.55422e+06	0
1.55432e+06	0
1.55442e+06	0
1.55452e+06	0
1.55462e+06	0
1.55472e+06	0
1.55482e+06	0
1.55492e+06	0
1.55502e+06	0
1.55512e+06	0
1.55522e+06	0
1.55532e+06	0
1.55542e+06	0
1.55552e+06	0
1.55562e+06	0
1.55572e+06	0
1.55582e+06	0
1.55592e+06	0
1.55602e+06	0
1.55612e+06	0
1.55622e+06	0
1.55632e+06	0
1.55642e+06	0
1.55652e+06	0
1.55662e+06	0
1.55672e+06	0
1.55682e+06	0
1.55692e+06	0
1.55702e+06	0
1.55712e+06	0
1.55722e+06	0
1.55732e+06	0
1.55742e+06	0
1.55752e+06	0
1.55762e+06	0
1.55772e+06	0
1.55782e+06	0
1.55792e+06	0
1.55802e+06	0
1.55812e+06	0
1.55822e+06	0
1.55832e+06	0
1.55842e+06	0
1.55852e+06	0
1.55862e+06	0
1.55872e+06	0
1.55882e+06	0
1.55892e+06	0
1.55902e+06	0
1.55912e+06	0
1.55922e+06	0
1.55932e+06	0
1.55942e+06	0
1.55952e+06	0
1.55962e+06	0
1.55972e+06	0
1.55982e+06	0
1.55992e+06	0
1.56002e+06	0
1.56012e+06	0
1.56022e+06	0
1.56032e+06	0
1.56042e+06	0
1.56052e+06	0
1.56062e+06	0
1.56072e+06	0
1.56082e+06	0
1.56092e+06	0
1.56102e+06	0
1.56112e+06	0
1.56122e+06	0
1.56132e+06	0
1.56142e+06	0
1.56152e+06	0
1.56162e+06	0
1.56172e+06	0
1.56182e+06	0
1.56192e+06	0
1.56202e+06	0
1.56212e+06	0
1.56222e+06	0
1.56232e+06	0
1.56242e+06	0
1.56252e+06	0
1.56262e+06	0
1.56272e+06	0
1.56282e+06	0
1.56292e+06	0
1.56302e+06	0
1.56312e+06	0
1.56322e+06	0
1.56332e+06	0
1.56342e+06	0
1.56352e+06	0
1.56362e+06	0
1.56372e+06	0
1.56382e+06	0
1.56392e+06	0
1.56402e+06	0
1.56412e+06	0
1.56422e+06	0
1.56432e+06	0
1.56442e+06	0
1.56452e+06	0
1.56462e+06	0
1.56472e+06	0
1.56482e+06	0
1.56492e+06	0
1.56502e+06	0
1.56512e+06	0
1.56522e+06	0
1.56532e+06	0
1.56542e+06	0
1.56552e+06	0
1.56562e+06	0
1.56572e+06	0
1.56582e+06	0
1.56592e+06	0
1.56602e+06	0
1.56612e+06	0
1.56622e+06	0
1.56632e+06	0
1.56642e+06	0
1.56652e+06	0
1.56662e+06	0
1.56672e+06	0
1.56682e+06	0
1.56692e+06	0
1.56702e+06	0
1.56712e+06	0
1.56722e+06	0
1.56732e+06	0
1.56742e+06	0
1.56752e+06	0
1.56762e+06	0
1.56772e+06	0
1.56782e+06	0
1.56792e+06	0
1.56802e+06	0
1.56812e+06	0
1.56822e+06	0
1.56832e+06	0
1.56842e+06	0
1.56852e+06	0
1.56862e+06	0
1.56872e+06	0
1.56882e+06	0
1.56892e+06	0
1.56902e+06	0
1.56912e+06	0
1.56922e+06	0
1.56932e+06	0
1.56942e+06	0
1.56952e+06	0
1.56962e+06	0
1.56972e+06	0
1.56982e+06	0
1.56992e+06	0
1.57002e+06	0
1.57012e+06	0
1.57022e+06	0
1.57032e+06	0
1.57042e+06	0
1.57052e+06	0
1.57062e+06	0
1.57072e+06	0
1.57082e+06	0
1.57092e+06	0
1.57102e+06	0
1.57112e+06	0
1.57122e+06	0
1.57132e+06	0
1.57142e+06	0
1.57152e+06	0
1.57162e+06	0
1.57172e+06	0
1.57182e+06	0
1.57192e+06	0
1.57202e+06	0
1.57212e+06	0
1.57222e+06	0
1.57232e+06	0
1.57242e+06	0
1.57252e+06	0
1.57262e+06	0
1.57272e+06	0
1.57282e+06	0
1.57292e+06	0
1.57302e+06	0
1.57312e+06	0
1.57322e+06	0
1.57332e+06	0
1.57342e+06	0
1.57352e+06	0
1.57362e+06	0
1.57372e+06	0
1.57382e+06	0
1.57392e+06	0
1.57402e+06	0
1.57412e+06	0
1.57422e+06	0
1.57432e+06	0
1.57442e+06	0
1.57452e+06	0
1.57462e+06	0
1.57472e+06	0
1.57482e+06	0
1.57492e+06	0
1.57502e+06	0
1.57512e+06	0
1.57522e+06	0
1.57532e+06	0
1.57542e+06	0
1.57552e+06	0
1.57562e+06	0
1.57572e+06	0
1.57582e+06	0
1.57592e+06	0
1.57602e+06	0
1.57612e+06	0
1.57622e+06	0
1.57632e+06	0
1.57642e+06	0
1.57652e+06	0
1.57662e+06	0
1.57672e+06	0
1.57682e+06	0
1.57692e+06	0
1.57702e+06	0
1.57712e+06	0
1.57722e+06	0
1.57732e+06	0
1.57742e+06	0
1.57752e+06	0
1.57762e+06	0
1.57772e+06	0
1.57782e+06	0
1.57792e+06	0
1.57802e+06	0
1.57812e+06	0
1.57822e+06	0
1.57832e+06	0
1.57842e+06	0
1.57852e+06	0
1.57862e+06	0
1.57872e+06	0
1.57882e+06	0
1.57892e+06	0
1.57902e+06	0
1.57912e+06	0
1.57922e+06	0
1.57932e+06	0
1.57942e+06	0
1.57952e+06	0
1.57962e+06	0
1.57972e+06	0
1.57982e+06	0
1.57992e+06	0
1.58002e+06	0
1.58012e+06	0
1.58022e+06	0
1.58032e+06	0
1.58042e+06	0
1.58052e+06	0
1.58062e+06	0
1.58072e+06	0
1.58082e+06	0
1.58092e+06	0
1.58102e+06	0
1.58112e+06	0
1.58122e+06	0
1.58132e+06	0
1.58142e+06	0
1.58152e+06	0
1.58162e+06	0
1.58172e+06	0
1.58182e+06	0
1.58192e+06	0
1.58202e+06	0
1.58212e+06	0
1.58222e+06	0
1.58232e+06	0
1.58242e+06	0
1.58252e+06	0
1.58262e+06	0
1.58272e+06	0
1.58282e+06	0
1.58292e+06	0
1.58302e+06	0
1.58312e+06	0
1.58322e+06	0
1.58332e+06	0
1.58342e+06	0
1.58352e+06	0
1.58362e+06	0
1.58372e+06	0
1.58382e+06	0
1.58392e+06	0
1.58402e+06	0
1.58412e+06	0
1.58422e+06	0
1.58432e+06	0
1.58442e+06	0
1.58452e+06	0
1.58462e+06	0
1.58472e+06	0
1.58482e+06	0
1.58492e+06	0
1.58502e+06	0
1.58512e+06	0
1.58522e+06	0
1.58532e+06	0
1.58542e+06	0
1.58552e+06	0
1.58562e+06	0
1.58572e+06	0
1.58582e+06	0
1.58592e+06	0
1.58602e+06	0
1.58612e+06	0
1.58622e+06	0
1.58632e+06	0
1.58642e+06	0
1.58652e+06	0
1.58662e+06	0
1.58672e+06	0
1.58682e+06	0
1.58692e+06	0
1.58702e+06	0
1.58712e+06	0
1.58722e+06	0
1.58732e+06	0
1.58742e+06	0
1.58752e+06	0
1.58762e+06	0
1.58772e+06	0
1.58782e+06	0
1.58792e+06	0
1.58802e+06	0
1.58812e+06	0
1.58822e+06	0
1.58832e+06	0
1.58842e+06	0
1.58852e+06	0
1.58862e+06	0
1.58872e+06	0
1.58882e+06	0
1.58892e+06	0
1.58902e+06	0
1.58912e+06	0
1.58922e+06	0
1.58932e+06	0
1.58942e+06	0
1.58952e+06	0
1.58962e+06	0
1.58972e+06	0
1.58982e+06	0
1.58992e+06	0
1.59002e+06	0
1.59012e+06	0
1.59022e+06	0
1.59032e+06	0
1.59042e+06	0
1.59052e+06	0
1.59062e+06	0
1.59072e+06	0
1.59082e+06	0
1.59092e+06	0
1.59102e+06	0
1.59112e+06	0
1.59122e+06	0
1.59132e+06	0
1.59142e+06	0
1.59152e+06	0
1.59162e+06	0
1.59172e+06	0
1.59182e+06	0
1.59192e+06	0
1.59202e+06	0
1.59212e+06	0
1.59222e+06	0
1.59232e+06	0
1.59242e+06	0
1.59252e+06	0
1.59262e+06	0
1.59272e+06	0
1.59282e+06	0
1.59292e+06	0
1.59302e+06	0
1.59312e+06	0
1.59322e+06	0
1.59332e+06	0
1.59342e+06	0
1.59352e+06	0
1.59362e+06	0
1.59372e+06	0
1.59382e+06	0
1.59392e+06	0
1.59402e+06	0
1.59412e+06	0
1.59422e+06	0
1.59432e+06	0
1.59442e+06	0
1.59452e+06	0
1.59462e+06	0
1.59472e+06	0
1.59482e+06	0
1.59492e+06	0
1.59502e+06	0
1.59512e+06	0
1.59522e+06	0
1.59532e+06	0
1.59542e+06	0
1.59552e+06	0
1.59562e+06	0
1.59572e+06	0
1.59582e+06	0
1.59592e+06	0
1.59602e+06	0
1.59612e+06	0
1.59622e+06	0
1.59632e+06	0
1.59642e+06	0
1.59652e+06	0
1.59662e+06	0
1.59672e+06	0
1.59682e+06	0
1.59692e+06	0
1.59702e+06	0
1.59712e+06	0
1.59722e+06	0
1.59732e+06	0
1.59742e+06	0
1.59752e+06	0
1.59762e+06	0
1.59772e+06	0
1.59782e+06	0
1.59792e+06	0
1.59802e+06	0
1.59812e+06	0
1.59822e+06	0
1.59832e+06	0
1.59842e+06	0
1.59852e+06	0
1.59862e+06	0
1.59872e+06	0
1.59882e+06	0
1.59892e+06	0
1.59902e+06	0
1.59912e+06	0
1.59922e+06	0
1.59932e+06	0
1.59942e+06	0
1.59952e+06	0
1.59962e+06	0
1.59972e+06	0
1.59982e+06	0
1.59992e+06	0
1.60002e+06	0
1.60012e+06	0
1.60022e+06	0
1.60032e+06	0
1.60042e+06	0
1.60052e+06	0
1.60062e+06	0
1.60072e+06	0
1.60082e+06	0
1.60092e+06	0
1.60102e+06	0
1.60112e+06	0
1.60122e+06	0
1.60132e+06	0
1.60142e+06	0
1.60152e+06	0
1.60162e+06	0
1.60172e+06	0
1.60182e+06	0
1.60192e+06	0
1.60202e+06	0
1.60212e+06	0
1.60222e+06	0
1.60232e+06	0
1.60242e+06	0
1.60252e+06	0
1.60262e+06	0
1.60272e+06	0
1.60282e+06	0
1.60292e+06	0
1.60302e+06	0
1.60312e+06	0
1.60322e+06	0
1.60332e+06	0
1.60342e+06	0
1.60352e+06	0
1.60362e+06	0
1.60372e+06	0
1.60382e+06	0
1.60392e+06	0
1.60402e+06	0
1.60412e+06	0
1.60422e+06	0
1.60432e+06	0
1.60442e+06	0
1.60452e+06	0
1.60462e+06	0
1.60472e+06	0
1.60482e+06	0
1.60492e+06	0
1.60502e+06	0
1.60512e+06	0
1.60522e+06	0
1.60532e+06	0
1.60542e+06	0
1.60552e+06	0
1.60562e+06	0
1.60572e+06	0
1.60582e+06	0
1.60592e+06	0
1.60602e+06	0
1.60612e+06	0
1.60622e+06	0
1.60632e+06	0
1.60642e+06	0
1.60652e+06	0
1.60662e+06	0
1.60672e+06	0
1.60682e+06	0
1.60692e+06	0
1.60702e+06	0
1.60712e+06	0
1.60722e+06	0
1.60732e+06	0
1.60742e+06	0
1.60752e+06	0
1.60762e+06	0
1.60772e+06	0
1.60782e+06	0
1.60792e+06	0
1.60802e+06	0
1.60812e+06	0
1.60822e+06	0
1.60832e+06	0
1.60842e+06	0
1.60852e+06	0
1.60862e+06	0
1.60872e+06	0
1.60882e+06	0
1.60892e+06	0
1.60902e+06	0
1.60912e+06	0
1.60922e+06	0
1.60932e+06	0
1.60942e+06	0
1.60952e+06	0
1.60962e+06	0
1.60972e+06	0
1.60982e+06	0
1.60992e+06	0
1.61002e+06	0
1.61012e+06	0
1.61022e+06	0
1.61032e+06	0
1.61042e+06	0
1.61052e+06	0
1.61062e+06	0
1.61072e+06	0
1.61082e+06	0
1.61092e+06	0
1.61102e+06	0
1.61112e+06	0
1.61122e+06	0
1.61132e+06	0
1.61142e+06	0
1.61152e+06	0
1.61162e+06	0
1.61172e+06	0
1.61182e+06	0
1.61192e+06	0
1.61202e+06	0
1.61212e+06	0
1.61222e+06	0
1.61232e+06	0
1.61242e+06	0
1.61252e+06	0
1.61262e+06	0
1.61272e+06	0
1.61282e+06	0
1.61292e+06	0
1.61302e+06	0
1.61312e+06	0
1.61322e+06	0
1.61332e+06	0
1.61342e+06	0
1.61352e+06	0
1.61362e+06	0
1.61372e+06	0
1.61382e+06	0
1.61392e+06	0
1.61402e+06	0
1.61412e+06	0
1.61422e+06	0
1.61432e+06	0
1.61442e+06	0
1.61452e+06	0
1.61462e+06	0
1.61472e+06	0
1.61482e+06	0
1.61492e+06	0
1.61502e+06	0
1.61512e+06	0
1.61522e+06	0
1.61532e+06	0
1.61542e+06	0
1.61552e+06	0
1.61562e+06	0
1.61572e+06	0
1.61582e+06	0
1.61592e+06	0
1.61602e+06	0
1.61612e+06	0
1.61622e+06	0
1.61632e+06	0
1.61642e+06	0
1.61652e+06	0
1.61662e+06	0
1.61672e+06	0
1.61682e+06	0
1.61692e+06	0
1.61702e+06	0
1.61712e+06	0
1.61722e+06	0
1.61732e+06	0
1.61742e+06	0
1.61752e+06	0
1.61762e+06	0
1.61772e+06	0
1.61782e+06	0
1.61792e+06	0
1.61802e+06	0
1.61812e+06	0
1.61822e+06	0
1.61832e+06	0
1.61842e+06	0
1.61852e+06	0
1.61862e+06	0
1.61872e+06	0
1.61882e+06	0
1.61892e+06	0
1.61902e+06	0
1.61912e+06	0
1.61922e+06	0
1.61932e+06	0
1.61942e+06	0
1.61952e+06	0
1.61962e+06	0
1.61972e+06	0
1.61982e+06	0
1.61992e+06	0
1.62002e+06	0
1.62012e+06	0
1.62022e+06	0
1.62032e+06	0
1.62042e+06	0
1.62052e+06	0
1.62062e+06	0
1.62072e+06	0
1.62082e+06	0
1.62092e+06	0
1.62102e+06	0
1.62112e+06	0
1.62122e+06	0
1.62132e+06	0
1.62142e+06	0
1.62152e+06	0
1.62162e+06	0
1.62172e+06	0
1.62182e+06	0
1.62192e+06	0
1.62202e+06	0
1.62212e+06	0
1.62222e+06	0
1.62232e+06	0
1.62242e+06	0
1.62252e+06	0
1.62262e+06	0
1.62272e+06	0
1.62282e+06	0
1.62292e+06	0
1.62302e+06	0
1.62312e+06	0
1.62322e+06	0
1.62332e+06	0
1.62342e+06	0
1.62352e+06	0
1.62362e+06	0
1.62372e+06	0
1.62382e+06	0
1.62392e+06	0
1.62402e+06	0
1.62412e+06	0
1.62422e+06	0
1.62432e+06	0
1.62442e+06	0
1.62452e+06	0
1.62462e+06	0
1.62472e+06	0
1.62482e+06	0
1.62492e+06	0
1.62502e+06	0
1.62512e+06	0
1.62522e+06	0
1.62532e+06	0
1.62542e+06	0
1.62552e+06	0
1.62562e+06	0
1.62572e+06	0
1.62582e+06	0
1.62592e+06	0
1.62602e+06	0
1.62612e+06	0
1.62622e+06	0
1.62632e+06	0
1.62642e+06	0
1.62652e+06	0
1.62662e+06	0
1.62672e+06	0
1.62682e+06	0
1.62692e+06	0
1.62702e+06	0
1.62712e+06	0
1.62722e+06	0
1.62732e+06	0
1.62742e+06	0
1.62752e+06	0
1.62762e+06	0
1.62772e+06	0
1.62782e+06	0
1.62792e+06	0
1.62802e+06	0
1.62812e+06	0
1.62822e+06	0
1.62832e+06	0
1.62842e+06	0
1.62852e+06	0
1.62862e+06	0
1.62872e+06	0
1.62882e+06	0
1.62892e+06	0
1.62902e+06	0
1.62912e+06	0
1.62922e+06	0
1.62932e+06	0
1.62942e+06	0
1.62952e+06	0
1.62962e+06	0
1.62972e+06	0
1.62982e+06	0
1.62992e+06	0
1.63002e+06	0
1.63012e+06	0
1.63022e+06	0
1.63032e+06	0
1.63042e+06	0
1.63052e+06	0
1.63062e+06	0
1.63072e+06	0
1.63082e+06	0
1.63092e+06	0
1.63102e+06	0
1.63112e+06	0
1.63122e+06	0
1.63132e+06	0
1.63142e+06	0
1.63152e+06	0
1.63162e+06	0
1.63172e+06	0
1.63182e+06	0
1.63192e+06	0
1.63202e+06	0
1.63212e+06	0
1.63222e+06	0
1.63232e+06	0
1.63242e+06	0
1.63252e+06	0
1.63262e+06	0
1.63272e+06	0
1.63282e+06	0
1.63292e+06	0
1.63302e+06	0
1.63312e+06	0
1.63322e+06	0
1.63332e+06	0
1.63342e+06	0
1.63352e+06	0
1.63362e+06	0
1.63372e+06	0
1.63382e+06	0
1.63392e+06	0
1.63402e+06	0
1.63412e+06	0
1.63422e+06	0
1.63432e+06	0
1.63442e+06	0
1.63452e+06	0
1.63462e+06	0
1.63472e+06	0
1.63482e+06	0
1.63492e+06	0
1.63502e+06	0
1.63512e+06	0
1.63522e+06	0
1.63532e+06	0
1.63542e+06	0
1.63552e+06	0
1.63562e+06	0
1.63572e+06	0
1.63582e+06	0
1.63592e+06	0
1.63602e+06	0
1.63612e+06	0
1.63622e+06	0
1.63632e+06	0
1.63642e+06	0
1.63652e+06	0
1.63662e+06	0
1.63672e+06	0
1.63682e+06	0
1.63692e+06	0
1.63702e+06	0
1.63712e+06	0
1.63722e+06	0
1.63732e+06	0
1.63742e+06	0
1.63752e+06	0
1.63762e+06	0
1.63772e+06	0
1.63782e+06	0
1.63792e+06	0
1.63802e+06	0
1.63812e+06	0
1.63822e+06	0
1.63832e+06	0
1.63842e+06	0
1.63852e+06	0
1.63862e+06	0
1.63872e+06	0
1.63882e+06	0
1.63892e+06	0
1.63902e+06	0
1.63912e+06	0
1.63922e+06	0
1.63932e+06	0
1.63942e+06	0
1.63952e+06	0
1.63962e+06	0
1.63972e+06	0
1.63982e+06	0
1.63992e+06	0
1.64002e+06	0
1.64012e+06	0
1.64022e+06	0
1.64032e+06	0
1.64042e+06	0
1.64052e+06	0
1.64062e+06	0
1.64072e+06	0
1.64082e+06	0
1.64092e+06	0
1.64102e+06	0
1.64112e+06	0
1.64122e+06	0
1.64132e+06	0
1.64142e+06	0
1.64152e+06	0
1.64162e+06	0
1.64172e+06	0
1.64182e+06	0
1.64192e+06	0
1.64202e+06	0
1.64212e+06	0
1.64222e+06	0
1.64232e+06	0
1.64242e+06	0
1.64252e+06	0
1.64262e+06	0
1.64272e+06	0
1.64282e+06	0
1.64292e+06	0
1.64302e+06	0
1.64312e+06	0
1.64322e+06	0
1.64332e+06	0
1.64342e+06	0
1.64352e+06	0
1.64362e+06	0
1.64372e+06	0
1.64382e+06	0
1.64392e+06	0
1.64402e+06	0
1.64412e+06	0
1.64422e+06	0
1.64432e+06	0
1.64442e+06	0
1.64452e+06	0
1.64462e+06	0
1.64472e+06	0
1.64482e+06	0
1.64492e+06	0
1.64502e+06	0
1.64512e+06	0
1.64522e+06	0
1.64532e+06	0
1.64542e+06	0
1.64552e+06	0
1.64562e+06	0
1.64572e+06	0
1.64582e+06	0
1.64592e+06	0
1.64602e+06	0
1.64612e+06	0
1.64622e+06	0
1.64632e+06	0
1.64642e+06	0
1.64652e+06	0
1.64662e+06	0
1.64672e+06	0
1.64682e+06	0
1.64692e+06	0
1.64702e+06	0
1.64712e+06	0
1.64722e+06	0
1.64732e+06	0
1.64742e+06	0
1.64752e+06	0
1.64762e+06	0
1.64772e+06	0
1.64782e+06	0
1.64792e+06	0
1.64802e+06	0
1.64812e+06	0
1.64822e+06	0
1.64832e+06	0
1.64842e+06	0
1.64852e+06	0
1.64862e+06	0
1.64872e+06	0
1.64882e+06	0
1.64892e+06	0
1.64902e+06	0
1.64912e+06	0
1.64922e+06	0
1.64932e+06	0
1.64942e+06	0
1.64952e+06	0
1.64962e+06	0
1.64972e+06	0
1.64982e+06	0
1.64992e+06	0
1.65002e+06	0
1.65012e+06	0
1.65022e+06	0
1.65032e+06	0
1.65042e+06	0
1.65052e+06	0
1.65062e+06	0
1.65072e+06	0
1.65082e+06	0
1.65092e+06	0
1.65102e+06	0
1.65112e+06	0
1.65122e+06	0
1.65132e+06	0
1.65142e+06	0
1.65152e+06	0
1.65162e+06	0
1.65172e+06	0
1.65182e+06	0
1.65192e+06	0
1.65202e+06	0
1.65212e+06	0
1.65222e+06	0
1.65232e+06	0
1.65242e+06	0
1.65252e+06	0
1.65262e+06	0
1.65272e+06	0
1.65282e+06	0
1.65292e+06	0
1.65302e+06	0
1.65312e+06	0
1.65322e+06	0
1.65332e+06	0
1.65342e+06	0
1.65352e+06	0
1.65362e+06	0
1.65372e+06	0
1.65382e+06	0
1.65392e+06	0
1.65402e+06	0
1.65412e+06	0
1.65422e+06	0
1.65432e+06	0
1.65442e+06	0
1.65452e+06	0
1.65462e+06	0
1.65472e+06	0
1.65482e+06	0
1.65492e+06	0
1.65502e+06	0
1.65512e+06	0
1.65522e+06	0
1.65532e+06	0
1.65542e+06	0
1.65552e+06	0
1.65562e+06	0
1.65572e+06	0
1.65582e+06	0
1.65592e+06	0
1.65602e+06	0
1.65612e+06	0
1.65622e+06	0
1.65632e+06	0
1.65642e+06	0
1.65652e+06	0
1.65662e+06	0
1.65672e+06	0
1.65682e+06	0
1.65692e+06	0
1.65702e+06	0
1.65712e+06	0
1.65722e+06	0
1.65732e+06	0
1.65742e+06	0
1.65752e+06	0
1.65762e+06	0
1.65772e+06	0
1.65782e+06	0
1.65792e+06	0
1.65802e+06	0
1.65812e+06	0
1.65822e+06	0
1.65832e+06	0
1.65842e+06	0
1.65852e+06	0
1.65862e+06	0
1.65872e+06	0
1.65882e+06	0
1.65892e+06	0
1.65902e+06	0
1.65912e+06	0
1.65922e+06	0
1.65932e+06	0
1.65942e+06	0
1.65952e+06	0
1.65962e+06	0
1.65972e+06	0
1.65982e+06	0
1.65992e+06	0
1.66002e+06	0
1.66012e+06	0
1.66022e+06	0
1.66032e+06	0
1.66042e+06	0
1.66052e+06	0
1.66062e+06	0
1.66072e+06	0
1.66082e+06	0
1.66092e+06	0
1.66102e+06	0
1.66112e+06	0
1.66122e+06	0
1.66132e+06	0
1.66142e+06	0
1.66152e+06	0
1.66162e+06	0
1.66172e+06	0
1.66182e+06	0
1.66192e+06	0
1.66202e+06	0
1.66212e+06	0
1.66222e+06	0
1.66232e+06	0
1.66242e+06	0
1.66252e+06	0
1.66262e+06	0
1.66272e+06	0
1.66282e+06	0
1.66292e+06	0
1.66302e+06	0
1.66312e+06	0
1.66322e+06	0
1.66332e+06	0
1.66342e+06	0
1.66352e+06	0
1.66362e+06	0
1.66372e+06	0
1.66382e+06	0
1.66392e+06	0
1.66402e+06	0
1.66412e+06	0
1.66422e+06	0
1.66432e+06	0
1.66442e+06	0
1.66452e+06	0
1.66462e+06	0
1.66472e+06	0
1.66482e+06	0
1.66492e+06	0
1.66502e+06	0
1.66512e+06	0
1.66522e+06	0
1.66532e+06	0
1.66542e+06	0
1.66552e+06	0
1.66562e+06	0
1.66572e+06	0
1.66582e+06	0
1.66592e+06	0
1.66602e+06	0
1.66612e+06	0
1.66622e+06	0
1.66632e+06	0
1.66642e+06	0
1.66652e+06	0
1.66662e+06	0
1.66672e+06	0
1.66682e+06	0
1.66692e+06	0
1.66702e+06	0
1.66712e+06	0
1.66722e+06	0
1.66732e+06	0
1.66742e+06	0
1.66752e+06	0
1.66762e+06	0
1.66772e+06	0
1.66782e+06	0
1.66792e+06	0
1.66802e+06	0
1.66812e+06	0
1.66822e+06	0
1.66832e+06	0
1.66842e+06	0
1.66852e+06	0
1.66862e+06	0
1.66872e+06	0
1.66882e+06	0
1.66892e+06	0
1.66902e+06	0
1.66912e+06	0
1.66922e+06	0
1.66932e+06	0
1.66942e+06	0
1.66952e+06	0
1.66962e+06	0
1.66972e+06	0
1.66982e+06	0
1.66992e+06	0
1.67002e+06	0
1.67012e+06	0
1.67022e+06	0
1.67032e+06	0
1.67042e+06	0
1.67052e+06	0
1.67062e+06	0
1.67072e+06	0
1.67082e+06	0
1.67092e+06	0
1.67102e+06	0
1.67112e+06	0
1.67122e+06	0
1.67132e+06	0
1.67142e+06	0
1.67152e+06	0
1.67162e+06	0
1.67172e+06	0
1.67182e+06	0
1.67192e+06	0
1.67202e+06	0
1.67212e+06	0
1.67222e+06	0
1.67232e+06	0
1.67242e+06	0
1.67252e+06	0
1.67262e+06	0
1.67272e+06	0
1.67282e+06	0
1.67292e+06	0
1.67302e+06	0
1.67312e+06	0
1.67322e+06	0
1.67332e+06	0
1.67342e+06	0
1.67352e+06	0
1.67362e+06	0
1.67372e+06	0
1.67382e+06	0
1.67392e+06	0
1.67402e+06	0
1.67412e+06	0
1.67422e+06	0
1.67432e+06	0
1.67442e+06	0
1.67452e+06	0
1.67462e+06	0
1.67472e+06	0
1.67482e+06	0
1.67492e+06	0
1.67502e+06	0
1.67512e+06	0
1.67522e+06	0
1.67532e+06	0
1.67542e+06	0
1.67552e+06	0
1.67562e+06	0
1.67572e+06	0
1.67582e+06	0
1.67592e+06	0
1.67602e+06	0
1.67612e+06	0
1.67622e+06	0
1.67632e+06	0
1.67642e+06	0
1.67652e+06	0
1.67662e+06	0
1.67672e+06	0
1.67682e+06	0
1.67692e+06	0
1.67702e+06	0
1.67712e+06	0
1.67722e+06	0
1.67732e+06	0
1.67742e+06	0
1.67752e+06	0
1.67762e+06	0
1.67772e+06	0
1.67782e+06	0
1.67792e+06	0
1.67802e+06	0
1.67812e+06	0
1.67822e+06	0
1.67832e+06	0
1.67842e+06	0
1.67852e+06	0
1.67862e+06	0
1.67872e+06	0
1.67882e+06	0
1.67892e+06	0
1.67902e+06	0
1.67912e+06	0
1.67922e+06	0
1.67932e+06	0
1.67942e+06	0
1.67952e+06	0
1.67962e+06	0
1.67972e+06	0
1.67982e+06	0
1.67992e+06	0
1.68002e+06	0
1.68012e+06	0
1.68022e+06	0
1.68032e+06	0
1.68042e+06	0
1.68052e+06	0
1.68062e+06	0
1.68072e+06	0
1.68082e+06	0
1.68092e+06	0
1.68102e+06	0
1.68112e+06	0
1.68122e+06	0
1.68132e+06	0
1.68142e+06	0
1.68152e+06	0
1.68162e+06	0
1.68172e+06	0
1.68182e+06	0
1.68192e+06	0
1.68202e+06	0
1.68212e+06	0
1.68222e+06	0
1.68232e+06	0
1.68242e+06	0
1.68252e+06	0
1.68262e+06	0
1.68272e+06	0
1.68282e+06	0
1.68292e+06	0
1.68302e+06	0
1.68312e+06	0
1.68322e+06	0
1.68332e+06	0
1.68342e+06	0
1.68352e+06	0
1.68362e+06	0
1.68372e+06	0
1.68382e+06	0
1.68392e+06	0
1.68402e+06	0
1.68412e+06	0
1.68422e+06	0
1.68432e+06	0
1.68442e+06	0
1.68452e+06	0
1.68462e+06	0
1.68472e+06	0
1.68482e+06	0
1.68492e+06	0
1.68502e+06	0
1.68512e+06	0
1.68522e+06	0
1.68532e+06	0
1.68542e+06	0
1.68552e+06	0
1.68562e+06	0
1.68572e+06	0
1.68582e+06	0
1.68592e+06	0
1.68602e+06	0
1.68612e+06	0
1.68622e+06	0
1.68632e+06	0
1.68642e+06	0
1.68652e+06	0
1.68662e+06	0
1.68672e+06	0
1.68682e+06	0
1.68692e+06	0
1.68702e+06	0
1.68712e+06	0
1.68722e+06	0
1.68732e+06	0
1.68742e+06	0
1.68752e+06	0
1.68762e+06	0
1.68772e+06	0
1.68782e+06	0
1.68792e+06	0
1.68802e+06	0
1.68812e+06	0
1.68822e+06	0
1.68832e+06	0
1.68842e+06	0
1.68852e+06	0
1.68862e+06	0
1.68872e+06	0
1.68882e+06	0
1.68892e+06	0
1.68902e+06	0
1.68912e+06	0
1.68922e+06	0
1.68932e+06	0
1.68942e+06	0
1.68952e+06	0
1.68962e+06	0
1.68972e+06	0
1.68982e+06	0
1.68992e+06	0
1.69002e+06	0
1.69012e+06	0
1.69022e+06	0
1.69032e+06	0
1.69042e+06	0
1.69052e+06	0
1.69062e+06	0
1.69072e+06	0
1.69082e+06	0
1.69092e+06	0
1.69102e+06	0
1.69112e+06	0
1.69122e+06	0
1.69132e+06	0
1.69142e+06	0
1.69152e+06	0
1.69162e+06	0
1.69172e+06	0
1.69182e+06	0
1.69192e+06	0
1.69202e+06	0
1.69212e+06	0
1.69222e+06	0
1.69232e+06	0
1.69242e+06	0
1.69252e+06	0
1.69262e+06	0
1.69272e+06	0
1.69282e+06	0
1.69292e+06	0
1.69302e+06	0
1.69312e+06	0
1.69322e+06	0
1.69332e+06	0
1.69342e+06	0
1.69352e+06	0
1.69362e+06	0
1.69372e+06	0
1.69382e+06	0
1.69392e+06	0
1.69402e+06	0
1.69412e+06	0
1.69422e+06	0
1.69432e+06	0
1.69442e+06	0
1.69452e+06	0
1.69462e+06	0
1.69472e+06	0
1.69482e+06	0
1.69492e+06	0
1.69502e+06	0
1.69512e+06	0
1.69522e+06	0
1.69532e+06	0
1.69542e+06	0
1.69552e+06	0
1.69562e+06	0
1.69572e+06	0
1.69582e+06	0
1.69592e+06	0
1.69602e+06	0
1.69612e+06	0
1.69622e+06	0
1.69632e+06	0
1.69642e+06	0
1.69652e+06	0
1.69662e+06	0
1.69672e+06	0
1.69682e+06	0
1.69692e+06	0
1.69702e+06	0
1.69712e+06	0
1.69722e+06	0
1.69732e+06	0
1.69742e+06	0
1.69752e+06	0
1.69762e+06	0
1.69772e+06	0
1.69782e+06	0
1.69792e+06	0
1.69802e+06	0
1.69812e+06	0
1.69822e+06	0
1.69832e+06	0
1.69842e+06	0
1.69852e+06	0
1.69862e+06	0
1.69872e+06	0
1.69882e+06	0
1.69892e+06	0
1.69902e+06	0
1.69912e+06	0
1.69922e+06	0
1.69932e+06	0
1.69942e+06	0
1.69952e+06	0
1.69962e+06	0
1.69972e+06	0
1.69982e+06	0
1.69992e+06	0
1.70002e+06	0
1.70012e+06	0
1.70022e+06	0
1.70032e+06	0
1.70042e+06	0
1.70052e+06	0
1.70062e+06	0
1.70072e+06	0
1.70082e+06	0
1.70092e+06	0
1.70102e+06	0
1.70112e+06	0
1.70122e+06	0
1.70132e+06	0
1.70142e+06	0
1.70152e+06	0
1.70162e+06	0
1.70172e+06	0
1.70182e+06	0
1.70192e+06	0
1.70202e+06	0
1.70212e+06	0
1.70222e+06	0
1.70232e+06	0
1.70242e+06	0
1.70252e+06	0
1.70262e+06	0
1.70272e+06	0
1.70282e+06	0
1.70292e+06	0
1.70302e+06	0
1.70312e+06	0
1.70322e+06	0
1.70332e+06	0
1.70342e+06	0
1.70352e+06	0
1.70362e+06	0
1.70372e+06	0
1.70382e+06	0
1.70392e+06	0
1.70402e+06	0
1.70412e+06	0
1.70422e+06	0
1.70432e+06	0
1.70442e+06	0
1.70452e+06	0
1.70462e+06	0
1.70472e+06	0
1.70482e+06	0
1.70492e+06	0
1.70502e+06	0
1.70512e+06	0
1.70522e+06	0
1.70532e+06	0
1.70542e+06	0
1.70552e+06	0
1.70562e+06	0
1.70572e+06	0
1.70582e+06	0
1.70592e+06	0
1.70602e+06	0
1.70612e+06	0
1.70622e+06	0
1.70632e+06	0
1.70642e+06	0
1.70652e+06	0
1.70662e+06	0
1.70672e+06	0
1.70682e+06	0
1.70692e+06	0
1.70702e+06	0
1.70712e+06	0
1.70722e+06	0
1.70732e+06	0
1.70742e+06	0
1.70752e+06	0
1.70762e+06	0
1.70772e+06	0
1.70782e+06	0
1.70792e+06	0
1.70802e+06	0
1.70812e+06	0
1.70822e+06	0
1.70832e+06	0
1.70842e+06	0
1.70852e+06	0
1.70862e+06	0
1.70872e+06	0
1.70882e+06	0
1.70892e+06	0
1.70902e+06	0
1.70912e+06	0
1.70922e+06	0
1.70932e+06	0
1.70942e+06	0
1.70952e+06	0
1.70962e+06	0
1.70972e+06	0
1.70982e+06	0
1.70992e+06	0
1.71002e+06	0
1.71012e+06	0
1.71022e+06	0
1.71032e+06	0
1.71042e+06	0
1.71052e+06	0
1.71062e+06	0
1.71072e+06	0
1.71082e+06	0
1.71092e+06	0
1.71102e+06	0
1.71112e+06	0
1.71122e+06	0
1.71132e+06	0
1.71142e+06	0
1.71152e+06	0
1.71162e+06	0
1.71172e+06	0
1.71182e+06	0
1.71192e+06	0
1.71202e+06	0
1.71212e+06	0
1.71222e+06	0
1.71232e+06	0
1.71242e+06	0
1.71252e+06	0
1.71262e+06	0
1.71272e+06	0
1.71282e+06	0
1.71292e+06	0
1.71302e+06	0
1.71312e+06	0
1.71322e+06	0
1.71332e+06	0
1.71342e+06	0
1.71352e+06	0
1.71362e+06	0
1.71372e+06	0
1.71382e+06	0
1.71392e+06	0
1.71402e+06	0
1.71412e+06	0
1.71422e+06	0
1.71432e+06	0
1.71442e+06	0
1.71452e+06	0
1.71462e+06	0
1.71472e+06	0
1.71482e+06	0
1.71492e+06	0
1.71502e+06	0
1.71512e+06	0
1.71522e+06	0
1.71532e+06	0
1.71542e+06	0
1.71552e+06	0
1.71562e+06	0
1.71572e+06	0
1.71582e+06	0
1.71592e+06	0
1.71602e+06	0
1.71612e+06	0
1.71622e+06	0
1.71632e+06	0
1.71642e+06	0
1.71652e+06	0
1.71662e+06	0
1.71672e+06	0
1.71682e+06	0
1.71692e+06	0
1.71702e+06	0
1.71712e+06	0
1.71722e+06	0
1.71732e+06	0
1.71742e+06	0
1.71752e+06	0
1.71762e+06	0
1.71772e+06	0
1.71782e+06	0
1.71792e+06	0
1.71802e+06	0
1.71812e+06	0
1.71822e+06	0
1.71832e+06	0
1.71842e+06	0
1.71852e+06	0
1.71862e+06	0
1.71872e+06	0
1.71882e+06	0
1.71892e+06	0
1.71902e+06	0
1.71912e+06	0
1.71922e+06	0
1.71932e+06	0
1.71942e+06	0
1.71952e+06	0
1.71962e+06	0
1.71972e+06	0
1.71982e+06	0
1.71992e+06	0
1.72002e+06	0
1.72012e+06	0
1.72022e+06	0
1.72032e+06	0
1.72042e+06	0
1.72052e+06	0
1.72062e+06	0
1.72072e+06	0
1.72082e+06	0
1.72092e+06	0
1.72102e+06	0
1.72112e+06	0
1.72122e+06	0
1.72132e+06	0
1.72142e+06	0
1.72152e+06	0
1.72162e+06	0
1.72172e+06	0
1.72182e+06	0
1.72192e+06	0
1.72202e+06	0
1.72212e+06	0
1.72222e+06	0
1.72232e+06	0
1.72242e+06	0
1.72252e+06	0
1.72262e+06	0
1.72272e+06	0
1.72282e+06	0
1.72292e+06	0
1.72302e+06	0
1.72312e+06	0
1.72322e+06	0
1.72332e+06	0
1.72342e+06	0
1.72352e+06	0
1.72362e+06	0
1.72372e+06	0
1.72382e+06	0
1.72392e+06	0
1.72402e+06	0
1.72412e+06	0
1.72422e+06	0
1.72432e+06	0
1.72442e+06	0
1.72452e+06	0
1.72462e+06	0
1.72472e+06	0
1.72482e+06	0
1.72492e+06	0
1.72502e+06	0
1.72512e+06	0
1.72522e+06	0
1.72532e+06	0
1.72542e+06	0
1.72552e+06	0
1.72562e+06	0
1.72572e+06	0
1.72582e+06	0
1.72592e+06	0
1.72602e+06	0
1.72612e+06	0
1.72622e+06	0
1.72632e+06	0
1.72642e+06	0
1.72652e+06	0
1.72662e+06	0
1.72672e+06	0
1.72682e+06	0
1.72692e+06	0
1.72702e+06	0
1.72712e+06	0
1.72722e+06	0
1.72732e+06	0
1.72742e+06	0
1.72752e+06	0
1.72762e+06	0
1.72772e+06	0
1.72782e+06	0
1.72792e+06	0
1.72802e+06	0
1.72812e+06	0
1.72822e+06	0
1.72832e+06	0
1.72842e+06	0
1.72852e+06	0
1.72862e+06	0
1.72872e+06	0
1.72882e+06	0
1.72892e+06	0
1.72902e+06	0
1.72912e+06	0
1.72922e+06	0
1.72932e+06	0
1.72942e+06	0
1.72952e+06	0
1.72962e+06	0
1.72972e+06	0
1.72982e+06	0
1.72992e+06	0
1.73002e+06	0
1.73012e+06	0
1.73022e+06	0
1.73032e+06	0
1.73042e+06	0
1.73052e+06	0
1.73062e+06	0
1.73072e+06	0
1.73082e+06	0
1.73092e+06	0
1.73102e+06	0
1.73112e+06	0
1.73122e+06	0
1.73132e+06	0
1.73142e+06	0
1.73152e+06	0
1.73162e+06	0
1.73172e+06	0
1.73182e+06	0
1.73192e+06	0
1.73202e+06	0
1.73212e+06	0
1.73222e+06	0
1.73232e+06	0
1.73242e+06	0
1.73252e+06	0
1.73262e+06	0
1.73272e+06	0
1.73282e+06	0
1.73292e+06	0
1.73302e+06	0
1.73312e+06	0
1.73322e+06	0
1.73332e+06	0
1.73342e+06	0
1.73352e+06	0
1.73362e+06	0
1.73372e+06	0
1.73382e+06	0
1.73392e+06	0
1.73402e+06	0
1.73412e+06	0
1.73422e+06	0
1.73432e+06	0
1.73442e+06	0
1.73452e+06	0
1.73462e+06	0
1.73472e+06	0
1.73482e+06	0
1.73492e+06	0
1.73502e+06	0
1.73512e+06	0
1.73522e+06	0
1.73532e+06	0
1.73542e+06	0
1.73552e+06	0
1.73562e+06	0
1.73572e+06	0
1.73582e+06	0
1.73592e+06	0
1.73602e+06	0
1.73612e+06	0
1.73622e+06	0
1.73632e+06	0
1.73642e+06	0
1.73652e+06	0
1.73662e+06	0
1.73672e+06	0
1.73682e+06	0
1.73692e+06	0
1.73702e+06	0
1.73712e+06	0
1.73722e+06	0
1.73732e+06	0
1.73742e+06	0
1.73752e+06	0
1.73762e+06	0
1.73772e+06	0
1.73782e+06	0
1.73792e+06	0
1.73802e+06	0
1.73812e+06	0
1.73822e+06	0
1.73832e+06	0
1.73842e+06	0
1.73852e+06	0
1.73862e+06	0
1.73872e+06	0
1.73882e+06	0
1.73892e+06	0
1.73902e+06	0
1.73912e+06	0
1.73922e+06	0
1.73932e+06	0
1.73942e+06	0
1.73952e+06	0
1.73962e+06	0
1.73972e+06	0
1.73982e+06	0
1.73992e+06	0
1.74002e+06	0
1.74012e+06	0
1.74022e+06	0
1.74032e+06	0
1.74042e+06	0
1.74052e+06	0
1.74062e+06	0
1.74072e+06	0
1.74082e+06	0
1.74092e+06	0
1.74102e+06	0
1.74112e+06	0
1.74122e+06	0
1.74132e+06	0
1.74142e+06	0
1.74152e+06	0
1.74162e+06	0
1.74172e+06	0
1.74182e+06	0
1.74192e+06	0
1.74202e+06	0
1.74212e+06	0
1.74222e+06	0
1.74232e+06	0
1.74242e+06	0
1.74252e+06	0
1.74262e+06	0
1.74272e+06	0
1.74282e+06	0
1.74292e+06	0
1.74302e+06	0
1.74312e+06	0
1.74322e+06	0
1.74332e+06	0
1.74342e+06	0
1.74352e+06	0
1.74362e+06	0
1.74372e+06	0
1.74382e+06	0
1.74392e+06	0
1.74402e+06	0
1.74412e+06	0
1.74422e+06	0
1.74432e+06	0
1.74442e+06	0
1.74452e+06	0
1.74462e+06	0
1.74472e+06	0
1.74482e+06	0
1.74492e+06	0
1.74502e+06	0
1.74512e+06	0
1.74522e+06	0
1.74532e+06	0
1.74542e+06	0
1.74552e+06	0
1.74562e+06	0
1.74572e+06	0
1.74582e+06	0
1.74592e+06	0
1.74602e+06	0
1.74612e+06	0
1.74622e+06	0
1.74632e+06	0
1.74642e+06	0
1.74652e+06	0
1.74662e+06	0
1.74672e+06	0
1.74682e+06	0
1.74692e+06	0
1.74702e+06	0
1.74712e+06	0
1.74722e+06	0
1.74732e+06	0
1.74742e+06	0
1.74752e+06	0
1.74762e+06	0
1.74772e+06	0
1.74782e+06	0
1.74792e+06	0
1.74802e+06	0
1.74812e+06	0
1.74822e+06	0
1.74832e+06	0
1.74842e+06	0
1.74852e+06	0
1.74862e+06	0
1.74872e+06	0
1.74882e+06	0
1.74892e+06	0
1.74902e+06	0
1.74912e+06	0
1.74922e+06	0
1.74932e+06	0
1.74942e+06	0
1.74952e+06	0
1.74962e+06	0
1.74972e+06	0
1.74982e+06	0
1.74992e+06	0
1.75002e+06	0
1.75012e+06	0
1.75022e+06	0
1.75032e+06	0
1.75042e+06	0
1.75052e+06	0
1.75062e+06	0
1.75072e+06	0
1.75082e+06	0
1.75092e+06	0
1.75102e+06	0
1.75112e+06	0
1.75122e+06	0
1.75132e+06	0
1.75142e+06	0
1.75152e+06	0
1.75162e+06	0
1.75172e+06	6.91692e-323
1.75182e+06	3.19166e-321
1.75192e+06	1.47182e-319
1.75202e+06	6.71714e-318
1.75212e+06	3.03508e-316
1.75222e+06	1.35773e-314
1.75232e+06	6.01332e-313
1.75242e+06	2.63677e-311
1.75252e+06	1.14469e-309
1.75262e+06	4.91993e-308
1.75272e+06	2.09357e-306
1.75282e+06	8.82009e-305
1.75292e+06	3.67888e-303
1.75302e+06	1.5192e-301
1.75312e+06	6.21117e-300
1.75322e+06	2.51413e-298
1.75332e+06	1.00753e-296
1.75342e+06	3.99748e-295
1.75352e+06	1.57026e-293
1.75362e+06	6.1068e-292
1.75372e+06	2.35133e-290
1.75382e+06	8.96333e-289
1.75392e+06	3.38285e-287
1.75402e+06	1.26402e-285
1.75412e+06	4.67607e-284
1.75422e+06	1.71264e-282
1.75432e+06	6.21022e-281
1.75442e+06	2.22949e-279
1.75452e+06	7.92432e-278
1.75462e+06	2.78853e-276
1.75472e+06	9.71504e-275
1.75482e+06	3.35098e-273
1.75492e+06	1.14434e-271
1.75502e+06	3.86898e-270
1.75512e+06	1.29507e-268
1.75522e+06	4.2919e-267
1.75532e+06	1.40819e-265
1.75542e+06	4.57437e-264
1.75552e+06	1.47115e-262
1.75562e+06	4.68426e-261
1.75572e+06	1.47666e-259
1.75582e+06	4.6087e-258
1.75592e+06	1.42408e-256
1.75602e+06	4.35657e-255
1.75612e+06	1.31951e-253
1.75622e+06	3.95676e-252
1.75632e+06	1.17469e-250
1.75642e+06	3.45272e-249
1.75652e+06	1.00475e-247
1.75662e+06	2.89476e-246
1.75672e+06	8.25702e-245
1.75682e+06	2.3318e-243
1.75692e+06	6.51954e-242
1.75702e+06	1.80467e-240
1.75712e+06	4.94582e-239
1.75722e+06	1.34194e-237
1.75732e+06	3.60485e-236
1.75742e+06	9.58734e-235
1.75752e+06	2.52444e-233
1.75762e+06	6.58097e-232
1.75772e+06	1.69852e-230
1.75782e+06	4.3402e-229
1.75792e+06	1.09801e-227
1.75802e+06	2.75016e-226
1.75812e+06	6.81974e-225
1.75822e+06	1.67431e-223
1.75832e+06	4.06967e-222
1.75842e+06	9.79354e-221
1.75852e+06	2.33334e-219
1.75862e+06	5.50393e-218
1.75872e+06	1.28536e-216
1.75882e+06	2.9719e-215
1.75892e+06	6.80299e-214
1.75902e+06	1.54178e-212
1.75912e+06	3.45942e-211
1.75922e+06	7.68495e-210
1.75932e+06	1.69019e-208
1.75942e+06	3.68033e-207
1.75952e+06	7.93406e-206
1.75962e+06	1.69341e-204
1.75972e+06	3.57836e-203
1.75982e+06	7.48623e-202
1.75992e+06	1.5506e-200
1.76002e+06	3.17976e-199
1.76012e+06	6.45572e-198
1.76022e+06	1.29764e-196
1.76032e+06	2.58236e-195
1.76042e+06	5.08791e-194
1.76052e+06	9.92473e-193
1.76062e+06	1.9167e-191
1.76072e+06	3.66478e-190
1.76082e+06	6.93742e-189
1.76092e+06	1.30019e-187
1.76102e+06	2.41251e-186
1.76112e+06	4.43191e-185
1.76122e+06	8.06064e-184
1.76132e+06	1.45146e-182
1.76142e+06	2.5876e-181
1.76152e+06	4.56717e-180
1.76162e+06	7.98094e-179
1.76172e+06	1.38076e-177
1.76182e+06	2.36504e-176
1.76192e+06	4.01067e-175
1.76202e+06	6.73366e-174
1.76212e+06	1.11929e-172
1.76222e+06	1.84201e-171
1.76232e+06	3.00122e-170
1.76242e+06	4.8413e-169
1.76252e+06	7.73182e-168
1.76262e+06	1.22253e-166
1.76272e+06	1.91379e-165
1.76282e+06	2.96609e-164
1.76292e+06	4.55128e-163
1.76302e+06	6.91415e-162
1.76312e+06	1.03992e-160
1.76322e+06	1.54853e-159
1.76332e+06	2.28295e-158
1.76342e+06	3.3322e-157
1.76352e+06	4.81528e-156
1.76362e+06	6.88921e-155
1.76372e+06	9.7583e-154
1.76382e+06	1.36847e-152
1.76392e+06	1.90001e-151
1.76402e+06	2.61175e-150
1.76412e+06	3.55438e-149
1.76422e+06	4.7891e-148
1.76432e+06	6.38854e-147
1.76442e+06	8.43734e-146
1.76452e+06	1.10323e-144
1.76462e+06	1.42819e-143
1.76472e+06	1.83046e-142
1.76482e+06	2.3227e-141
1.76492e+06	2.91798e-140
1.76502e+06	3.62935e-139
1.76512e+06	4.46923e-138
1.76522e+06	5.44871e-137
1.76532e+06	6.57675e-136
1.76542e+06	7.85934e-135
1.76552e+06	9.29861e-134
1.76562e+06	1.0892e-132
1.76572e+06	1.26314e-131
1.76582e+06	1.45029e-130
1.76592e+06	1.6486e-129
1.76602e+06	1.85538e-128
1.76612e+06	2.06732e-127
1.76622e+06	2.28054e-126
1.76632e+06	2.49073e-125
1.76642e+06	2.69322e-124
1.76652e+06	2.8832e-123
1.76662e+06	3.05586e-122
1.76672e+06	3.20664e-121
1.76682e+06	3.33138e-120
1.76692e+06	3.42653e-119
1.76702e+06	3.48933e-118
1.76712e+06	3.51793e-117
1.76722e+06	3.51147e-116
1.76732e+06	3.47014e-115
1.76742e+06	3.39518e-114
1.76752e+06	3.28879e-113
1.76762e+06	3.15403e-112
1.76772e+06	2.9947e-111
1.76782e+06	2.81512e-110
1.76792e+06	2.61998e-109
1.76802e+06	2.41411e-108
1.76812e+06	2.20228e-107
1.76822e+06	1.98904e-106
1.76832e+06	1.77858e-105
1.76842e+06	1.57456e-104
1.76852e+06	1.38008e-103
1.76862e+06	1.19758e-102
1.76872e+06	1.02887e-101
1.76882e+06	8.75138e-101
1.76892e+06	7.36967e-100
1.76902e+06	6.14436e-99
1.76912e+06	5.07181e-98
1.76922e+06	4.14482e-97
1.76932e+06	3.35356e-96
1.76942e+06	2.68635e-95
1.76952e+06	2.13048e-94
1.76962e+06	1.67281e-93
1.76972e+06	1.3004e-92
1.76982e+06	1.00083e-91
1.76992e+06	7.62611e-91
1.77002e+06	5.75311e-90
1.77012e+06	4.29694e-89
1.77022e+06	3.1774e-88
1.77032e+06	2.32618e-87
1.77042e+06	1.68605e-86
1.77052e+06	1.20992e-85
1.77062e+06	8.59601e-85
1.77072e+06	6.04638e-84
1.77082e+06	4.21067e-83
1.77092e+06	2.90311e-82
1.77102e+06	1.98168e-81
1.77112e+06	1.33925e-80
1.77122e+06	8.96076e-80
1.77132e+06	5.93589e-79
1.77142e+06	3.893e-78
1.77152e+06	2.52778e-77
1.77162e+06	1.62499e-76
1.77172e+06	1.03424e-75
1.77182e+06	6.51699e-75
1.77192e+06	4.06565e-74
1.77202e+06	2.51114e-73
1.77212e+06	1.53556e-72
1.77222e+06	9.29657e-72
1.77232e+06	5.5723e-71
1.77242e+06	3.30676e-70
1.77252e+06	1.9428e-69
1.77262e+06	1.13009e-68
1.77272e+06	6.50805e-68
1.77282e+06	3.71063e-67
1.77292e+06	2.0946e-66
1.77302e+06	1.17061e-65
1.77312e+06	6.4771e-65
1.77322e+06	3.54818e-64
1.77332e+06	1.92437e-63
1.77342e+06	1.0333e-62
1.77352e+06	5.49318e-62
1.77362e+06	2.89119e-61
1.77372e+06	1.50656e-60
1.77382e+06	7.77239e-60
1.77392e+06	3.9699e-59
1.77402e+06	2.00752e-58
1.77412e+06	1.00508e-57
1.77422e+06	4.9819e-57
1.77432e+06	2.44482e-56
1.77442e+06	1.18784e-55
1.77452e+06	5.71379e-55
1.77462e+06	2.72112e-54
1.77472e+06	1.28301e-53
1.77482e+06	5.98917e-53
1.77492e+06	2.76797e-52
1.77502e+06	1.26653e-51
1.77512e+06	5.7375e-51
1.77522e+06	2.57329e-50
1.77532e+06	1.14265e-49
1.77542e+06	5.02334e-49
1.77552e+06	2.1864e-48
1.77562e+06	9.4216e-48
1.77572e+06	4.01954e-47
1.77582e+06	1.69779e-46
1.77592e+06	7.09986e-46
1.77602e+06	2.93949e-45
1.77612e+06	1.2049e-44
1.77622e+06	4.88978e-44
1.77632e+06	1.96464e-43
1.77642e+06	7.81509e-43
1.77652e+06	3.07781e-42
1.77662e+06	1.20007e-41
1.77672e+06	4.63264e-41
1.77682e+06	1.77055e-40
1.77692e+06	6.69952e-40
1.77702e+06	2.50979e-39
1.77712e+06	9.30866e-39
1.77722e+06	3.41818e-38
1.77732e+06	1.24268e-37
1.77742e+06	4.47281e-37
1.77752e+06	1.59389e-36
1.77762e+06	5.62334e-36
1.77772e+06	1.96421e-35
1.77782e+06	6.79261e-35
1.77792e+06	2.32564e-34
1.77802e+06	7.88328e-34
1.77812e+06	2.64562e-33
1.77822e+06	8.79034e-33
1.77832e+06	2.89161e-32
1.77842e+06	9.41743e-32
1.77852e+06	3.03656e-31
1.77862e+06	9.69365e-31
1.77872e+06	3.06373e-30
1.77882e+06	9.58674e-30
1.77892e+06	2.96994e-29
1.77902e+06	9.10924e-29
1.77912e+06	2.76614e-28
1.77922e+06	8.31614e-28
1.77932e+06	2.4753e-27
1.77942e+06	7.29441e-27
1.77952e+06	2.12819e-26
1.77962e+06	6.14732e-26
1.77972e+06	1.758e-25
1.77982e+06	4.97749e-25
1.77992e+06	1.39527e-24
1.78002e+06	3.87225e-24
1.78012e+06	1.06396e-23
1.78022e+06	2.8943e-23
1.78032e+06	7.79507e-23
1.78042e+06	2.07851e-22
1.78052e+06	5.4871e-22
1.78062e+06	1.43414e-21
1.78072e+06	3.71103e-21
1.78082e+06	9.50727e-21
1.78092e+06	2.41143e-20
1.78102e+06	6.05549e-20
1.78112e+06	1.5055e-19
1.78122e+06	3.70571e-19
1.78132e+06	9.03063e-19
1.78142e+06	2.17882e-18
1.78152e+06	5.20454e-18
1.78162e+06	1.23084e-17
1.78172e+06	2.88187e-17
1.78182e+06	6.68046e-17
1.78192e+06	1.53319e-16
1.78202e+06	3.48371e-16
1.78212e+06	7.8369e-16
1.78222e+06	1.74544e-15
1.78232e+06	3.84877e-15
1.78242e+06	8.40225e-15
1.78252e+06	1.81605e-14
1.78262e+06	3.88611e-14
1.78272e+06	8.23305e-14
1.78282e+06	1.72688e-13
1.78292e+06	3.5861e-13
1.78302e+06	7.37291e-13
1.78312e+06	1.50076e-12
1.78322e+06	3.02443e-12
1.78332e+06	6.03436e-12
1.78342e+06	1.192e-11
1.78352e+06	2.33119e-11
1.78362e+06	4.51374e-11
1.78372e+06	8.65271e-11
1.78382e+06	1.6422e-10
1.78392e+06	3.08571e-10
1.78402e+06	5.74041e-10
1.78412e+06	1.05727e-09
1.78422e+06	1.92792e-09
1.78432e+06	3.48054e-09
1.78442e+06	6.22103e-09
1.78452e+06	1.10087e-08
1.78462e+06	1.9287e-08
1.78472e+06	3.34543e-08
1.78482e+06	5.74509e-08
1.78492e+06	9.76783e-08
1.78502e+06	1.64421e-07
1.78512e+06	2.74014e-07
1.78522e+06	4.52113e-07
1.78532e+06	7.38547e-07
1.78542e+06	1.19445e-06
1.78552e+06	1.91255e-06
1.78562e+06	3.03192e-06
1.78572e+06	4.75862e-06
1.78582e+06	7.39438e-06
1.78592e+06	1.13758e-05
1.78602e+06	1.73269e-05
1.78612e+06	2.61288e-05
1.78622e+06	3.90102e-05
1.78632e+06	5.76631e-05
1.78642e+06	8.43879e-05
1.78652e+06	0.000122271
1.78662e+06	0.000175402
1.78672e+06	0.000249121
1.78682e+06	0.000350313
1.78692e+06	0.000487722
1.78702e+06	0.000672301
1.78712e+06	0.00091756
1.78722e+06	0.00123991
1.78732e+06	0.00165896
1.78742e+06	0.00219777
1.78752e+06	0.00288294
1.78762e+06	0.00374466
1.78772e+06	0.00481643
1.78782e+06	0.00613471
1.78792e+06	0.00773824
1.78802e+06	0.00966715
1.78812e+06	0.0119618
1.78822e+06	0.0146617
1.78832e+06	0.0178038
1.78842e+06	0.0214213
1.78852e+06	0.0255425
1.78862e+06	0.0301902
1.78872e+06	0.0353808
1.78882e+06	0.0411255
1.78892e+06	0.0474314
1.78902e+06	0.0543039
1.78912e+06	0.0617507
1.78922e+06	0.0697863
1.78932e+06	0.0784378
1.78942e+06	0.0877515
1.78952e+06	0.0977992
1.78962e+06	0.108685
1.78972e+06	0.12055
1.78982e+06	0.133577
1.78992e+06	0.14799
1.79002e+06	0.164052
1.79012e+06	0.182061
1.79022e+06	0.202335
1.79032e+06	0.2252
1.79042e+06	0.25097
1.79052e+06	0.279921
1.79062e+06	0.31227
1.79072e+06	0.348141
1.79082e+06	0.387542
1.79092e+06	0.430342
1.79102e+06	0.476245
1.79112e+06	0.524783
1.79122e+06	0.57531
1.79132e+06	0.627003
1.79142e+06	0.678884
1.79152e+06	0.729843
1.79162e+06	0.778674
1.79172e+06	0.824124
1.79182e+06	0.864943
1.79192e+06	0.89994
1.79202e+06	0.928035
1.79212e+06	0.948318
1.79222e+06	0.960086
1.79232e+06	0.962888
1.79242e+06	0.956537
1.79252e+06	0.941132
1.79262e+06	0.917044
1.79272e+06	0.884902
1.79282e+06	0.845561
1.79292e+06	0.800059
1.79302e+06	0.749573
1.79312e+06	0.695358
1.79322e+06	0.638701
1.79332e+06	0.580863
1.79342e+06	0.523036
1.79352e+06	0.466301
1.79362e+06	0.411598
1.79372e+06	0.359708
1.79382e+06	0.31124
1.79392e+06	0.266627
1.79402e+06	0.22614
1.79412e+06	0.189895
1.79422e+06	0.157874
1.79432e+06	0.129948
1.79442e+06	0.105898
1.79452e+06	0.0854408
1.79462e+06	0.0682498
1.79472e+06	0.0539754
1.79482e+06	0.0422619
1.79492e+06	0.0327612
1.79502e+06	0.0251437
1.79512e+06	0.0191054
1.79522e+06	0.0143728
1.79532e+06	0.0107049
1.79542e+06	0.0078937
1.79552e+06	0.00576285
1.79562e+06	0.00416534
1.79572e+06	0.00298072
1.79582e+06	0.00211178
1.79592e+06	0.00148127
1.79602e+06	0.00102867
1.79612e+06	0.000707256
1.79622e+06	0.00048143
1.79632e+06	0.00032445
1.79642e+06	0.00021648
1.79652e+06	0.000143003
1.79662e+06	9.35257e-05
1.79672e+06	6.05582e-05
1.79682e+06	3.88215e-05
1.79692e+06	2.46393e-05
1.79702e+06	1.54825e-05
1.79712e+06	9.6319e-06
1.79722e+06	5.93252e-06
1.79732e+06	3.61763e-06
1.79742e+06	2.18406e-06
1.79752e+06	1.30546e-06
1.79762e+06	7.72537e-07
1.79772e+06	4.52618e-07
1.79782e+06	2.62544e-07
1.79792e+06	1.50775e-07
1.79802e+06	8.5726e-08
1.79812e+06	4.82562e-08
1.79822e+06	2.68938e-08
1.79832e+06	1.48391e-08
1.79842e+06	8.10622e-09
1.79852e+06	4.38417e-09
1.79862e+06	2.34755e-09
1.79872e+06	1.24451e-09
1.79882e+06	6.53187e-10
1.79892e+06	3.39418e-10
1.79902e+06	1.74618e-10
1.79912e+06	8.89407e-11
1.79922e+06	4.48507e-11
1.79932e+06	2.23921e-11
1.79942e+06	1.10682e-11
1.79952e+06	5.41648e-12
1.79962e+06	2.6243e-12
1.79972e+06	1.25883e-12
1.79982e+06	5.97831e-13
1.79992e+06	2.81091e-13
1.80002e+06	1.30849e-13
1.80012e+06	6.0305e-14
1.80022e+06	2.75165e-14
1.80032e+06	1.24305e-14
1.80042e+06	5.55958e-15
1.80052e+06	2.4618e-15
1.80062e+06	1.07924e-15
1.80072e+06	4.68429e-16
1.80082e+06	2.01291e-16
1.80092e+06	8.56375e-17
1.80102e+06	3.60711e-17
1.80112e+06	1.50422e-17
1.80122e+06	6.21043e-18
1.80132e+06	2.53856e-18
1.80142e+06	1.02733e-18
1.80152e+06	4.11616e-19
1.80162e+06	1.63279e-19
1.80172e+06	6.41247e-20
1.80182e+06	2.49332e-20
1.80192e+06	9.59813e-21
1.80202e+06	3.65807e-21
1.80212e+06	1.38031e-21
1.80222e+06	5.15651e-22
1.80232e+06	1.90719e-22
1.80242e+06	6.98374e-23
1.80252e+06	2.53187e-23
1.80262e+06	9.08812e-24
1.80272e+06	3.23094e-24
1.80282e+06	1.14073e-24
1.80292e+06	4.08671e-25
1.80302e+06	1.7255e-25
1.80312e+06	1.46275e-25
1.80322e+06	2.88432e-25
1.80332e+06	7.43793e-25
1.80342e+06	1.98204e-24
1.80352e+06	5.25773e-24
1.80362e+06	1.38177e-23
1.80372e+06	3.59556e-23
1.80382e+06	9.26318e-23
1.80392e+06	2.36271e-22
1.80402e+06	5.96647e-22
1.80412e+06	1.4917e-21
1.80422e+06	3.69236e-21
1.80432e+06	9.04863e-21
1.80442e+06	2.19542e-20
1.80452e+06	5.27365e-20
1.80462e+06	1.25418e-19
1.80472e+06	2.95303e-19
1.80482e+06	6.88386e-19
1.80492e+06	1.58874e-18
1.80502e+06	3.6302e-18
1.80512e+06	8.21233e-18
1.80522e+06	1.83932e-17
1.80532e+06	4.07857e-17
1.80542e+06	8.95393e-17
1.80552e+06	1.94615e-16
1.80562e+06	4.18791e-16
1.80572e+06	8.92226e-16
1.80582e+06	1.88196e-15
1.80592e+06	3.93008e-15
1.80602e+06	8.12549e-15
1.80612e+06	1.66324e-14
1.80622e+06	3.37069e-14
1.80632e+06	6.76298e-14
1.80642e+06	1.34343e-13
1.80652e+06	2.6421e-13
1.80662e+06	5.14446e-13
1.80672e+06	9.91717e-13
1.80682e+06	1.89275e-12
1.80692e+06	3.57647e-12
1.80702e+06	6.69074e-12
1.80712e+06	1.23923e-11
1.80722e+06	2.27239e-11
1.80732e+06	4.12547e-11
1.80742e+06	7.41517e-11
1.80752e+06	1.31955e-10
1.80762e+06	2.32481e-10
1.80772e+06	4.05514e-10
1.80782e+06	7.00296e-10
1.80792e+06	1.19733e-09
1.80802e+06	2.02677e-09
1.80812e+06	3.39665e-09
1.80822e+06	5.63579e-09
1.80832e+06	9.25796e-09
1.80842e+06	1.50568e-08
1.80852e+06	2.42442e-08
1.80862e+06	3.86492e-08
1.80872e+06	6.09999e-08
1.80882e+06	9.53182e-08
1.80892e+06	1.47462e-07
1.80902e+06	2.2586e-07
1.80912e+06	3.42497e-07
1.80922e+06	5.14199e-07
1.80932e+06	7.64297e-07
1.80942e+06	1.12474e-06
1.80952e+06	1.63869e-06
1.80962e+06	2.36374e-06
1.80972e+06	3.37566e-06
1.80982e+06	4.77282e-06
1.80992e+06	6.68112e-06
1.81002e+06	9.25934e-06
1.81012e+06	1.27048e-05
1.81022e+06	1.72589e-05
1.81032e+06	2.32121e-05
1.81042e+06	3.09082e-05
1.81052e+06	4.07465e-05
1.81062e+06	5.31818e-05
1.81072e+06	6.87216e-05
1.81082e+06	8.79186e-05
1.81092e+06	0.000111359
1.81102e+06	0.000139645
1.81112e+06	0.000173374
1.81122e+06	0.000213108
1.81132e+06	0.000259342
1.81142e+06	0.000312466
1.81152e+06	0.000372725
1.81162e+06	0.000440182
1.81172e+06	0.000514676
1.81182e+06	0.000595787
1.81192e+06	0.00068282
1.81202e+06	0.00077478
1.81212e+06	0.000870376
1.81222e+06	0.00096804
1.81232e+06	0.00106595
1.81242e+06	0.00116208
1.81252e+06	0.00125428
1.81262e+06	0.00134032
1.81272e+06	0.00141801
1.81282e+06	0.00148528
1.81292e+06	0.00154026
1.81302e+06	0.00158138
1.81312e+06	0.00160744
1.81322e+06	0.00161768
1.81332e+06	0.00161178
1.81342e+06	0.00158992
1.81352e+06	0.00155276
1.81362e+06	0.00150137
1.81372e+06	0.00143724
1.81382e+06	0.00136216
1.81392e+06	0.00127816
1.81402e+06	0.0011874
1.81412e+06	0.00109212
1.81422e+06	0.000994479
1.81432e+06	0.000896561
1.81442e+06	0.000800242
1.81452e+06	0.000707163
1.81462e+06	0.000618692
1.81472e+06	0.000535904
1.81482e+06	0.000459575
1.81492e+06	0.000390196
1.81502e+06	0.000327995
1.81512e+06	0.000272965
1.81522e+06	0.000224908
1.81532e+06	0.000183468
1.81542e+06	0.000148174
1.81552e+06	0.000118479
1.81562e+06	9.37922e-05
1.81572e+06	7.35105e-05
1.81582e+06	5.70413e-05
1.81592e+06	4.38214e-05
1.81602e+06	3.33304e-05
1.81612e+06	2.50987e-05
1.81622e+06	1.8712e-05
1.81632e+06	1.38116e-05
1.81642e+06	1.00932e-05
1.81652e+06	7.30243e-06
1.81662e+06	5.23075e-06
1.81672e+06	3.70952e-06
1.81682e+06	2.60452e-06
1.81692e+06	1.81049e-06
1.81702e+06	1.24601e-06
1.81712e+06	8.48989e-07
1.81722e+06	5.72718e-07
1.81732e+06	3.82505e-07
1.81742e+06	2.52924e-07
1.81752e+06	1.65577e-07
1.81762e+06	1.07317e-07
1.81772e+06	6.88637e-08
1.81782e+06	4.37494e-08
1.81792e+06	2.75176e-08
1.81802e+06	1.71358e-08
1.81812e+06	1.05647e-08
1.81822e+06	6.44862e-09
1.81832e+06	3.89703e-09
1.81842e+06	2.33161e-09
1.81852e+06	1.38114e-09
1.81862e+06	8.09981e-10
1.81872e+06	4.70294e-10
1.81882e+06	2.70347e-10
1.81892e+06	1.53861e-10
1.81902e+06	8.66953e-11
1.81912e+06	4.83636e-11
1.81922e+06	2.67115e-11
1.81932e+06	1.46061e-11
1.81942e+06	7.90732e-12
1.81952e+06	4.23819e-12
1.81962e+06	2.249e-12
1.81972e+06	1.18155e-12
1.81982e+06	6.14577e-13
1.81992e+06	3.16487e-13
1.82002e+06	1.61358e-13
1.82012e+06	8.14489e-14
1.82022e+06	4.07039e-14
1.82032e+06	2.01392e-14
1.82042e+06	9.86524e-15
1.82052e+06	4.78442e-15
1.82062e+06	2.29725e-15
1.82072e+06	1.09205e-15
1.82082e+06	5.13971e-16
1.82092e+06	2.39495e-16
1.82102e+06	1.10498e-16
1.82112e+06	5.04991e-17
1.82122e+06	2.29123e-17
1.82132e+06	1.04475e-17
1.82142e+06	5.09342e-18
1.82152e+06	3.35175e-18
1.82162e+06	4.12397e-18
1.82172e+06	8.08417e-18
1.82182e+06	1.82206e-17
1.82192e+06	4.19461e-17
1.82202e+06	9.61637e-17
1.82212e+06	2.18502e-16
1.82222e+06	4.9164e-16
1.82232e+06	1.09526e-15
1.82242e+06	2.41576e-15
1.82252e+06	5.27542e-15
1.82262e+06	1.14058e-14
1.82272e+06	2.44154e-14
1.82282e+06	5.1745e-14
1.82292e+06	1.08578e-13
1.82302e+06	2.25575e-13
1.82312e+06	4.63991e-13
1.82322e+06	9.44941e-13
1.82332e+06	1.90536e-12
1.82342e+06	3.8039e-12
1.82352e+06	7.51907e-12
1.82362e+06	1.47158e-11
1.82372e+06	2.85163e-11
1.82382e+06	5.47136e-11
1.82392e+06	1.03943e-10
1.82402e+06	1.95522e-10
1.82412e+06	3.6417e-10
1.82422e+06	6.71623e-10
1.82432e+06	1.2265e-09
1.82442e+06	2.21787e-09
1.82452e+06	3.97137e-09
1.82462e+06	7.04189e-09
1.82472e+06	1.2365e-08
1.82482e+06	2.15012e-08
1.82492e+06	3.70265e-08
1.82502e+06	6.31475e-08
1.82512e+06	1.06661e-07
1.82522e+06	1.78437e-07
1.82532e+06	2.95671e-07
1.82542e+06	4.85285e-07
1.82552e+06	7.88998e-07
1.82562e+06	1.27078e-06
1.82572e+06	2.02771e-06
1.82582e+06	3.20565e-06
1.82592e+06	5.02149e-06
1.82602e+06	7.79457e-06
1.82612e+06	1.19904e-05
1.82622e+06	1.8281e-05
1.82632e+06	2.76272e-05
1.82642e+06	4.13896e-05
1.82652e+06	6.14775e-05
1.82662e+06	9.05449e-05
1.82672e+06	0.000132249
1.82682e+06	0.000191585
1.82692e+06	0.000275317
1.82702e+06	0.000392523
1.82712e+06	0.000555294
1.82722e+06	0.000779594
1.82732e+06	0.00108633
1.82742e+06	0.00150267
1.82752e+06	0.00206362
1.82762e+06	0.00281391
1.82772e+06	0.00381023
1.82782e+06	0.0051238
1.82792e+06	0.00684331
1.82802e+06	0.00907815
1.82812e+06	0.0119619
1.82822e+06	0.0156561
1.82832e+06	0.0203536
1.82842e+06	0.0262824
1.82852e+06	0.0337078
1.82862e+06	0.0429349
1.82872e+06	0.0543085
1.82882e+06	0.0682117
1.82892e+06	0.0850617
1.82902e+06	0.105303
1.82912e+06	0.129395
1.82922e+06	0.157801
1.82932e+06	0.190964
1.82942e+06	0.229289
1.82952e+06	0.273112
1.82962e+06	0.322675
1.82972e+06	0.37809
1.82982e+06	0.439315
1.82992e+06	0.506117
1.83002e+06	0.578055
1.83012e+06	0.654457
1.83022e+06	0.734416
1.83032e+06	0.816788
1.83042e+06	0.900209
1.83052e+06	0.983124
1.83062e+06	1.06383
1.83072e+06	1.14052
1.83082e+06	1.21136
1.83092e+06	1.27457
1.83102e+06	1.32845
1.83112e+06	1.37153
1.83122e+06	1.40256
1.83132e+06	1.42064
1.83142e+06	1.42521
1.83152e+06	1.4161
1.83162e+06	1.39355
1.83172e+06	1.35819
1.83182e+06	1.31098
1.83192e+06	1.25324
1.83202e+06	1.18651
1.83212e+06	1.11253
1.83222e+06	1.03312
1.83232e+06	0.95017
1.83242e+06	0.865498
1.83252e+06	0.780828
1.83262e+06	0.697719
1.83272e+06	0.617527
1.83282e+06	0.541374
1.83292e+06	0.470138
1.83302e+06	0.404447
1.83312e+06	0.344693
1.83322e+06	0.291051
1.83332e+06	0.243505
1.83342e+06	0.20188
1.83352e+06	0.165875
1.83362e+06	0.135097
1.83372e+06	0.109092
1.83382e+06	0.0873742
1.83392e+06	0.0694498
1.83402e+06	0.0548381
1.83412e+06	0.0430869
1.83422e+06	0.0337848
1.83432e+06	0.0265689
1.83442e+06	0.0211297
1.83452e+06	0.0172137
1.83462e+06	0.0146236
1.83472e+06	0.0132175
1.83482e+06	0.0129066
1.83492e+06	0.0136526
1.83502e+06	0.0154642
1.83512e+06	0.0183934
1.83522e+06	0.0225305
1.83532e+06	0.027999
1.83542e+06	0.0349489
1.83552e+06	0.0435492
1.83562e+06	0.0539788
1.83572e+06	0.0664157
1.83582e+06	0.0810251
1.83592e+06	0.0979461
1.83602e+06	0.117278
1.83612e+06	0.139065
1.83622e+06	0.163283
1.83632e+06	0.189827
1.83642e+06	0.218501
1.83652e+06	0.249011
1.83662e+06	0.280962
1.83672e+06	0.313861
1.83682e+06	0.347125
1.83692e+06	0.380096
1.83702e+06	0.412059
1.83712e+06	0.442265
1.83722e+06	0.469962
1.83732e+06	0.494425
1.83742e+06	0.514985
1.83752e+06	0.531064
1.83762e+06	0.542195
1.83772e+06	0.548052
1.83782e+06	0.548459
1.83792e+06	0.543406
1.83802e+06	0.533042
1.83812e+06	0.517673
1.83822e+06	0.497745
1.83832e+06	0.473822
1.83842e+06	0.446561
1.83852e+06	0.416681
1.83862e+06	0.384931
1.83872e+06	0.352062
1.83882e+06	0.318796
1.83892e+06	0.285801
1.83902e+06	0.253671
1.83912e+06	0.222913
1.83922e+06	0.193936
1.83932e+06	0.167046
1.83942e+06	0.142453
1.83952e+06	0.120272
1.83962e+06	0.100535
1.83972e+06	0.0831999
1.83982e+06	0.068169
1.83992e+06	0.0552978
1.84002e+06	0.0444106
1.84012e+06	0.0353119
1.84022e+06	0.027798
1.84032e+06	0.0216652
1.84042e+06	0.0167174
1.84052e+06	0.0127712
1.84062e+06	0.00965948
1.84072e+06	0.00723322
1.84082e+06	0.00536249
1.84092e+06	0.00393603
1.84102e+06	0.00286027
1.84112e+06	0.00205784
1.84122e+06	0.0014658
1.84132e+06	0.0010337
1.84142e+06	0.000721726
1.84152e+06	0.000498892
1.84162e+06	0.000341427
1.84172e+06	0.000231337
1.84182e+06	0.000155186
1.84192e+06	0.000103066
1.84202e+06	6.77693e-05
1.84212e+06	4.41173e-05
1.84222e+06	2.84343e-05
1.84232e+06	1.8144e-05
1.84242e+06	1.14625e-05
1.84252e+06	7.16944e-06
1.84262e+06	4.43963e-06
1.84272e+06	2.72186e-06
1.84282e+06	1.65212e-06
1.84292e+06	9.92829e-07
1.84302e+06	5.90697e-07
1.84312e+06	3.47946e-07
1.84322e+06	2.02916e-07
1.84332e+06	1.17159e-07
1.84342e+06	6.69722e-08
1.84352e+06	3.79027e-08
1.84362e+06	2.12374e-08
1.84372e+06	1.17812e-08
1.84382e+06	6.4705e-09
1.84392e+06	3.51837e-09
1.84402e+06	1.89409e-09
1.84412e+06	1.00953e-09
1.84422e+06	5.32713e-10
1.84432e+06	2.78308e-10
1.84442e+06	1.43951e-10
1.84452e+06	7.37156e-11
1.84462e+06	3.73734e-11
1.84472e+06	1.87595e-11
1.84482e+06	9.32265e-12
1.84492e+06	4.58684e-12
1.84502e+06	2.23431e-12
1.84512e+06	1.07754e-12
1.84522e+06	5.14491e-13
1.84532e+06	2.43209e-13
1.84542e+06	1.13825e-13
1.84552e+06	5.27418e-14
1.84562e+06	2.41952e-14
1.84572e+06	1.0989e-14
1.84582e+06	4.94136e-15
1.84592e+06	2.19984e-15
1.84602e+06	9.69599e-16
1.84612e+06	4.23108e-16
1.84622e+06	1.82796e-16
1.84632e+06	7.81879e-17
1.84642e+06	3.31108e-17
1.84652e+06	1.38821e-17
1.84662e+06	5.76235e-18
1.84672e+06	2.3681e-18
1.84682e+06	9.63516e-19
1.84692e+06	3.88127e-19
1.84702e+06	1.54791e-19
1.84712e+06	6.11188e-20
1.84722e+06	2.38925e-20
1.84732e+06	9.24708e-21
1.84742e+06	3.54328e-21
1.84752e+06	1.3442e-21
1.84762e+06	5.04867e-22
1.84772e+06	1.87736e-22
1.84782e+06	6.91157e-23
1.84792e+06	2.5192e-23
1.84802e+06	9.09086e-24
1.84812e+06	3.24792e-24
1.84822e+06	1.14885e-24
1.84832e+06	4.02324e-25
1.84842e+06	1.39491e-25
1.84852e+06	4.78822e-26
1.84862e+06	1.62727e-26
1.84872e+06	5.47522e-27
1.84882e+06	1.8239e-27
1.84892e+06	6.0153e-28
1.84902e+06	1.96414e-28
1.84912e+06	6.35001e-29
1.84922e+06	2.03383e-29
1.84932e+06	6.4911e-30
1.84942e+06	2.18257e-30
1.84952e+06	1.13331e-30
1.84962e+06	1.75316e-30
1.84972e+06	4.82309e-30
1.84982e+06	1.44217e-29
1.84992e+06	4.31193e-29
1.85002e+06	1.27767e-28
1.85012e+06	3.74855e-28
1.85022e+06	1.08885e-27
1.85032e+06	3.13137e-27
1.85042e+06	8.9157e-27
1.85052e+06	2.51324e-26
1.85062e+06	7.01406e-26
1.85072e+06	1.93804e-25
1.85082e+06	5.30166e-25
1.85092e+06	1.43588e-24
1.85102e+06	3.85019e-24
1.85112e+06	1.02212e-23
1.85122e+06	2.68646e-23
1.85132e+06	6.99062e-23
1.85142e+06	1.80098e-22
1.85152e+06	4.59364e-22
1.85162e+06	1.16001e-21
1.85172e+06	2.90019e-21
1.85182e+06	7.17871e-21
1.85192e+06	1.75923e-20
1.85202e+06	4.26833e-20
1.85212e+06	1.0253e-19
1.85222e+06	2.43836e-19
1.85232e+06	5.7412e-19
1.85242e+06	1.33834e-18
1.85252e+06	3.08877e-18
1.85262e+06	7.05768e-18
1.85272e+06	1.5966e-17
1.85282e+06	3.57591e-17
1.85292e+06	7.92929e-17
1.85302e+06	1.74076e-16
1.85312e+06	3.78356e-16
1.85322e+06	8.14179e-16
1.85332e+06	1.73459e-15
1.85342e+06	3.65872e-15
1.85352e+06	7.64045e-15
1.85362e+06	1.57967e-14
1.85372e+06	3.23348e-14
1.85382e+06	6.55287e-14
1.85392e+06	1.31477e-13
1.85402e+06	2.61171e-13
1.85412e+06	5.13639e-13
1.85422e+06	1.00011e-12
1.85432e+06	1.92794e-12
1.85442e+06	3.67958e-12
1.85452e+06	6.95278e-12
1.85462e+06	1.3007e-11
1.85472e+06	2.40908e-11
1.85482e+06	4.41756e-11
1.85492e+06	8.01995e-11
1.85502e+06	1.44151e-10
1.85512e+06	2.5652e-10
1.85522e+06	4.5194e-10
1.85532e+06	7.88312e-10
1.85542e+06	1.36136e-09
1.85552e+06	2.32757e-09
1.85562e+06	3.93996e-09
1.85572e+06	6.60294e-09
1.85582e+06	1.09557e-08
1.85592e+06	1.7997e-08
1.85602e+06	2.92695e-08
1.85612e+06	4.71291e-08
1.85622e+06	7.51311e-08
1.85632e+06	1.18579e-07
1.85642e+06	1.8529e-07
1.85652e+06	2.86651e-07
1.85662e+06	4.39049e-07
1.85672e+06	6.65777e-07
1.85682e+06	9.99543e-07
1.85692e+06	1.4857e-06
1.85702e+06	2.18635e-06
1.85712e+06	3.18539e-06
1.85722e+06	4.59477e-06
1.85732e+06	6.56179e-06
1.85742e+06	9.27764e-06
1.85752e+06	1.2987e-05
1.85762e+06	1.79986e-05
1.85772e+06	2.4696e-05
1.85782e+06	3.35482e-05
1.85792e+06	4.51201e-05
1.85802e+06	6.00797e-05
1.85812e+06	7.92031e-05
1.85822e+06	0.000103375
1.85832e+06	0.00013358
1.85842e+06	0.000170895
1.85852e+06	0.000216457
1.85862e+06	0.000271438
1.85872e+06	0.000336999
1.85882e+06	0.000414231
1.85892e+06	0.000504096
1.85902e+06	0.000607354
1.85912e+06	0.000724481
1.85922e+06	0.000855597
1.85932e+06	0.00100039
1.85942e+06	0.00115804
1.85952e+06	0.00132721
1.85962e+06	0.00150594
1.85972e+06	0.00169175
1.85982e+06	0.00188157
1.85992e+06	0.00207187
1.86002e+06	0.00225872
1.86012e+06	0.00243791
1.86022e+06	0.00260513
1.86032e+06	0.00275613
1.86042e+06	0.00288687
1.86052e+06	0.00299372
1.86062e+06	0.00307363
1.86072e+06	0.00312428
1.86082e+06	0.00314417
1.86092e+06	0.00313269
1.86102e+06	0.0030902
1.86112e+06	0.00301796
1.86122e+06	0.00291808
1.86132e+06	0.00279343
1.86142e+06	0.00264749
1.86152e+06	0.00248421
1.86162e+06	0.00230781
1.86172e+06	0.00212261
1.86182e+06	0.00193284
1.86192e+06	0.00174252
1.86202e+06	0.00155531
1.86212e+06	0.0013744
1.86222e+06	0.00120245
1.86232e+06	0.00104155
1.86242e+06	0.000893198
1.86252e+06	0.000758355
1.86262e+06	0.000637463
1.86272e+06	0.000530511
1.86282e+06	0.00043711
1.86292e+06	0.000356569
1.86302e+06	0.000287975
1.86312e+06	0.000230262
1.86322e+06	0.000182283
1.86332e+06	0.000142866
1.86342e+06	0.000110858
1.86352e+06	8.51651e-05
1.86362e+06	6.47761e-05
1.86372e+06	4.8778e-05
1.86382e+06	3.63656e-05
1.86392e+06	2.6842e-05
1.86402e+06	1.96153e-05
1.86412e+06	1.41917e-05
1.86422e+06	1.01655e-05
1.86432e+06	7.2091e-06
1.86442e+06	5.06163e-06
1.86452e+06	3.51849e-06
1.86462e+06	2.42147e-06
1.86472e+06	1.64991e-06
1.86482e+06	1.11301e-06
1.86492e+06	7.43347e-07
1.86502e+06	4.91522e-07
1.86512e+06	3.21775e-07
1.86522e+06	2.08554e-07
1.86532e+06	1.33826e-07
1.86542e+06	8.502e-08
1.86552e+06	5.34763e-08
1.86562e+06	3.33017e-08
1.86572e+06	2.05332e-08
1.86582e+06	1.25372e-08
1.86592e+06	7.58435e-09
1.86602e+06	4.55378e-09
1.86612e+06	2.7296e-09
1.86622e+06	1.66465e-09
1.86632e+06	1.09205e-09
1.86642e+06	8.72035e-10
1.86652e+06	9.66949e-10
1.86662e+06	1.44264e-09
1.86672e+06	2.50036e-09
1.86682e+06	4.55134e-09
1.86692e+06	8.3577e-09
1.86702e+06	1.52811e-08
1.86712e+06	2.77086e-08
1.86722e+06	4.97676e-08
1.86732e+06	8.85117e-08
1.86742e+06	1.55859e-07
1.86752e+06	2.71722e-07
1.86762e+06	4.69006e-07
1.86772e+06	8.01472e-07
1.86782e+06	1.35599e-06
1.86792e+06	2.27134e-06
1.86802e+06	3.76674e-06
1.86812e+06	6.18453e-06
1.86822e+06	1.00532e-05
1.86832e+06	1.61793e-05
1.86842e+06	2.57794e-05
1.86852e+06	4.06672e-05
1.86862e+06	6.35143e-05
1.86872e+06	9.82104e-05
1.86882e+06	0.000150349
1.86892e+06	0.000227877
1.86902e+06	0.000341947
1.86912e+06	0.000508012
1.86922e+06	0.000747218
1.86932e+06	0.00108812
1.86942e+06	0.00156879
1.86952e+06	0.0022393
1.86962e+06	0.00316457
1.86972e+06	0.00442768
1.86982e+06	0.0061333
1.86992e+06	0.00841143
1.87002e+06	0.011421
1.87012e+06	0.015353
1.87022e+06	0.0204335
1.87032e+06	0.0269246
1.87042e+06	0.0351248
1.87052e+06	0.0453665
1.87062e+06	0.0580115
1.87072e+06	0.0734431
1.87082e+06	0.0920546
1.87092e+06	0.114235
1.87102e+06	0.140348
1.87112e+06	0.170716
1.87122e+06	0.205589
1.87132e+06	0.245122
1.87142e+06	0.28935
1.87152e+06	0.338159
1.87162e+06	0.391271
1.87172e+06	0.44822
1.87182e+06	0.50835
1.87192e+06	0.570811
1.87202e+06	0.63457
1.87212e+06	0.698434
1.87222e+06	0.761076
1.87232e+06	0.821088
1.87242e+06	0.877019
1.87252e+06	0.927441
1.87262e+06	0.971007
1.87272e+06	1.00651
1.87282e+06	1.03293
1.87292e+06	1.0495
1.87302e+06	1.05573
1.87312e+06	1.05144
1.87322e+06	1.03675
1.87332e+06	1.0121
1.87342e+06	0.978223
1.87352e+06	0.936079
1.87362e+06	0.886851
1.87372e+06	0.831867
1.87382e+06	0.772546
1.87392e+06	0.710336
1.87402e+06	0.646659
1.87412e+06	0.582858
1.87422e+06	0.520154
1.87432e+06	0.459608
1.87442e+06	0.402105
1.87452e+06	0.348334
1.87462e+06	0.298792
1.87472e+06	0.253791
1.87482e+06	0.213471
1.87492e+06	0.177819
1.87502e+06	0.1467
1.87512e+06	0.119877
1.87522e+06	0.0970382
1.87532e+06	0.0778248
1.87542e+06	0.0618502
1.87552e+06	0.0487206
1.87562e+06	0.0380503
1.87572e+06	0.0294735
1.87582e+06	0.0226529
1.87592e+06	0.0172849
1.87602e+06	0.0131021
1.87612e+06	0.0098737
1.87622e+06	0.00740408
1.87632e+06	0.00553047
1.87642e+06	0.00411958
1.87652e+06	0.00306396
1.87662e+06	0.00227831
1.87672e+06	0.00169587
1.87682e+06	0.0012651
1.87692e+06	0.000946736
1.87702e+06	0.000711204
1.87712e+06	0.000536482
1.87722e+06	0.000406327
1.87732e+06	0.000308853
1.87742e+06	0.000235416
1.87752e+06	0.000179751
1.87762e+06	0.000137317
1.87772e+06	0.000104819
1.87782e+06	7.98476e-05
1.87792e+06	6.06271e-05
1.87802e+06	4.58328e-05
1.87812e+06	3.4464e-05
1.87822e+06	2.57556e-05
1.87832e+06	1.91154e-05
1.87842e+06	1.40812e-05
1.87852e+06	1.02904e-05
1.87862e+06	7.45728e-06
1.87872e+06	5.3573e-06
1.87882e+06	3.8143e-06
1.87892e+06	2.69088e-06
1.87902e+06	1.88066e-06
1.87912e+06	1.30199e-06
1.87922e+06	8.92764e-07
1.87932e+06	6.06264e-07
1.87942e+06	4.07712e-07
1.87952e+06	2.71513e-07
1.87962e+06	1.79041e-07
1.87972e+06	1.16903e-07
1.87982e+06	7.55781e-08
1.87992e+06	4.83792e-08
1.88002e+06	3.06623e-08
1.88012e+06	1.92411e-08
1.88022e+06	1.19544e-08
1.88032e+06	7.35352e-09
