991569	1.98968e-06
991669	3.26407e-06
991769	5.30142e-06
991869	8.52475e-06
991969	1.35715e-05
992069	2.13911e-05
992169	3.33806e-05
992269	5.15718e-05
992369	7.88837e-05
992469	0.000119459
992569	0.000179105
992669	0.000265861
992769	0.000390713
992869	0.000568485
992969	0.00081891
993069	0.00116791
993169	0.00164908
993269	0.00230532
993369	0.00319063
993469	0.00437199
993569	0.00593115
993669	0.00796629
993769	0.0105933
993869	0.0139464
993969	0.0181781
994069	0.0234582
994169	0.0299707
994269	0.0379101
994369	0.0474757
994469	0.0588634
994569	0.0722563
994669	0.0878138
994769	0.105659
994869	0.125866
994969	0.148446
995069	0.173334
995169	0.200381
995269	0.229343
995369	0.25988
995469	0.291552
995569	0.32383
995669	0.356103
995769	0.387695
995869	0.41789
995969	0.445955
996069	0.47117
996169	0.492857
996269	0.510412
996369	0.523333
996469	0.531243
996569	0.533906
996669	0.531243
996769	0.523333
996869	0.510412
996969	0.492857
997069	0.47117
997169	0.445955
997269	0.41789
997369	0.387695
997469	0.356103
997569	0.32383
997669	0.291552
997769	0.25988
997869	0.229343
997969	0.200381
998069	0.173334
998169	0.148446
998269	0.125866
998369	0.105659
998469	0.0878138
998569	0.0722563
998669	0.0588634
998769	0.0474757
998869	0.0379101
998969	0.0299707
999069	0.0234582
999169	0.0181781
999269	0.0139464
999369	0.0105933
999469	0.00796629
999569	0.00593116
999669	0.00437199
999769	0.00319063
999869	0.00230532
999969	0.00164909
1.00007e+06	0.00116793
1.00017e+06	0.000818947
1.00027e+06	0.000568552
1.00037e+06	0.000390832
1.00047e+06	0.000266069
1.00057e+06	0.000179467
1.00067e+06	0.000120082
1.00077e+06	7.99436e-05
1.00087e+06	5.33587e-05
1.00097e+06	3.63634e-05
1.00107e+06	2.63206e-05
1.00117e+06	2.1637e-05
1.00127e+06	2.15898e-05
1.00137e+06	2.62546e-05
1.00147e+06	3.65337e-05
1.00157e+06	5.42897e-05
1.00167e+06	8.25986e-05
1.00177e+06	0.000126142
1.00187e+06	0.000191765
1.00197e+06	0.000289242
1.00207e+06	0.000432287
1.00217e+06	0.000639853
1.00227e+06	0.000937776
1.00237e+06	0.00136081
1.00247e+06	0.00195505
1.00257e+06	0.00278087
1.00267e+06	0.00391617
1.00277e+06	0.0054601
1.00287e+06	0.00753696
1.00297e+06	0.0103003
1.00307e+06	0.0139367
1.00317e+06	0.0186692
1.00327e+06	0.0247599
1.00337e+06	0.032511
1.00347e+06	0.0422638
1.00357e+06	0.0543956
1.00367e+06	0.0693132
1.00377e+06	0.087443
1.00387e+06	0.109217
1.00397e+06	0.135056
1.00407e+06	0.165347
1.00417e+06	0.200416
1.00427e+06	0.240507
1.00437e+06	0.285745
1.00447e+06	0.336115
1.00457e+06	0.391429
1.00467e+06	0.451311
1.00477e+06	0.515176
1.00487e+06	0.582227
1.00497e+06	0.651458
1.00507e+06	0.721668
1.00517e+06	0.79149
1.00527e+06	0.85943
1.00537e+06	0.923916
1.00547e+06	0.983358
1.00557e+06	1.03621
1.00567e+06	1.08104
1.00577e+06	1.11658
1.00587e+06	1.14182
1.00597e+06	1.15602
1.00607e+06	1.15874
1.00617e+06	1.14991
1.00627e+06	1.12979
1.00637e+06	1.09899
1.00647e+06	1.05838
1.00657e+06	1.00913
1.00667e+06	0.952604
1.00677e+06	0.890294
1.00687e+06	0.82378
1.00697e+06	0.754651
1.00707e+06	0.684445
1.00717e+06	0.614593
1.00727e+06	0.546379
1.00737e+06	0.480902
1.00747e+06	0.419061
1.00757e+06	0.361538
1.00767e+06	0.308808
1.00777e+06	0.261144
1.00787e+06	0.21864
1.00797e+06	0.181232
1.00807e+06	0.148729
1.00817e+06	0.120842
1.00827e+06	0.0972061
1.00837e+06	0.0774154
1.00847e+06	0.0610405
1.00857e+06	0.0476503
1.00867e+06	0.0368274
1.00877e+06	0.0281795
1.00887e+06	0.0213477
1.00897e+06	0.0160114
1.00907e+06	0.0118894
1.00917e+06	0.00874081
1.00927e+06	0.00636207
1.00937e+06	0.00458462
1.00947e+06	0.00327088
1.00957e+06	0.00231038
1.00967e+06	0.00161569
1.00977e+06	0.00111864
1.00987e+06	0.000766797
1.00997e+06	0.000520388
1.01007e+06	0.000349648
1.01017e+06	0.00023259
1.01027e+06	0.000153183
1.01037e+06	9.98814e-05
1.01047e+06	6.44787e-05
1.01057e+06	4.12103e-05
1.01067e+06	2.60766e-05
1.01077e+06	1.63363e-05
1.01087e+06	1.01325e-05
1.01097e+06	6.22203e-06
1.01107e+06	3.78274e-06
1.01117e+06	2.27687e-06
1.01127e+06	1.35683e-06
1.01137e+06	8.00519e-07
1.01147e+06	4.67599e-07
1.01157e+06	2.70417e-07
1.01167e+06	1.54828e-07
1.01177e+06	8.77655e-08
1.01187e+06	4.92555e-08
1.01197e+06	2.73679e-08
1.01207e+06	1.50552e-08
1.01217e+06	8.19953e-09
1.01227e+06	4.42128e-09
1.01237e+06	2.36028e-09
1.01247e+06	1.24749e-09
1.01257e+06	6.5278e-10
1.01267e+06	3.38185e-10
1.01277e+06	1.7346e-10
1.01287e+06	8.80845e-11
1.01297e+06	4.42851e-11
1.01307e+06	2.20431e-11
1.01317e+06	1.08629e-11
1.01327e+06	5.29999e-12
1.01337e+06	2.56013e-12
1.01347e+06	1.22435e-12
1.01357e+06	5.79704e-13
1.01367e+06	2.71746e-13
1.01377e+06	1.26118e-13
1.01387e+06	5.79496e-14
1.01397e+06	2.63621e-14
1.01407e+06	1.18731e-14
1.01417e+06	5.2943e-15
1.01427e+06	2.33727e-15
1.01437e+06	1.02156e-15
1.01447e+06	4.42058e-16
1.01457e+06	1.89387e-16
1.01467e+06	8.03302e-17
1.01477e+06	3.37337e-17
1.01487e+06	1.40251e-17
1.01497e+06	5.77306e-18
1.01507e+06	2.35268e-18
1.01517e+06	9.4924e-19
1.01527e+06	3.79181e-19
1.01537e+06	1.4996e-19
1.01547e+06	5.87163e-20
1.01557e+06	2.27615e-20
1.01567e+06	8.73574e-21
1.01577e+06	3.31937e-21
1.01587e+06	1.24873e-21
1.01597e+06	4.65091e-22
1.01607e+06	1.715e-22
1.01617e+06	6.26108e-23
1.01627e+06	2.26303e-23
1.01637e+06	8.09821e-24
1.01647e+06	2.86909e-24
1.01657e+06	1.00637e-24
1.01667e+06	3.49483e-25
1.01677e+06	1.20158e-25
1.01687e+06	4.09012e-26
1.01697e+06	1.3784e-26
1.01707e+06	4.59911e-27
1.01717e+06	1.51925e-27
1.01727e+06	4.96867e-28
1.01737e+06	1.60883e-28
1.01747e+06	5.15745e-29
1.01757e+06	1.63688e-29
1.01767e+06	5.14348e-30
1.01777e+06	1.60013e-30
1.01787e+06	4.92843e-31
1.01797e+06	1.50286e-31
1.01807e+06	4.5372e-32
1.01817e+06	1.35617e-32
1.01827e+06	4.01324e-33
1.01837e+06	1.1758e-33
1.01847e+06	3.4106e-34
1.01857e+06	9.79454e-35
1.01867e+06	2.7848e-35
1.01877e+06	7.83903e-36
1.01887e+06	2.18467e-36
1.01897e+06	6.02793e-37
1.01907e+06	1.64667e-37
1.01917e+06	4.45351e-38
1.01927e+06	1.19249e-38
1.01937e+06	3.1613e-39
1.01947e+06	8.29722e-40
1.01957e+06	2.15604e-40
1.01967e+06	5.54673e-41
1.01977e+06	1.41278e-41
1.01987e+06	3.56263e-42
1.01997e+06	8.89452e-43
1.02007e+06	2.19853e-43
1.02017e+06	5.3802e-44
1.02027e+06	1.30353e-44
1.02037e+06	3.12681e-45
1.02047e+06	7.42574e-46
1.02057e+06	1.74596e-46
1.02067e+06	4.0643e-47
1.02077e+06	9.36686e-48
1.02087e+06	2.13727e-48
1.02097e+06	4.82817e-49
1.02107e+06	1.07985e-49
1.02117e+06	2.39111e-50
1.02127e+06	5.24195e-51
1.02137e+06	1.13774e-51
1.02147e+06	2.44485e-52
1.02157e+06	5.20136e-53
1.02167e+06	1.09557e-53
1.02177e+06	2.28464e-54
1.02187e+06	4.71688e-55
1.02197e+06	9.64158e-56
1.02207e+06	1.95118e-56
1.02217e+06	3.90936e-57
1.02227e+06	7.75479e-58
1.02237e+06	1.52297e-58
1.02247e+06	2.96122e-59
1.02257e+06	5.70041e-60
1.02267e+06	1.08642e-60
1.02277e+06	2.04997e-61
1.02287e+06	3.82962e-62
1.02297e+06	7.08303e-63
1.02307e+06	1.297e-63
1.02317e+06	2.35135e-64
1.02327e+06	4.22039e-65
1.02337e+06	7.49972e-66
1.02347e+06	1.31945e-66
1.02357e+06	2.29827e-67
1.02367e+06	3.96336e-68
1.02377e+06	6.76681e-69
1.02387e+06	1.14383e-69
1.02397e+06	1.91424e-70
1.02407e+06	3.17166e-71
1.02417e+06	5.20278e-72
1.02427e+06	8.44969e-73
1.02437e+06	1.35864e-73
1.02447e+06	2.16283e-74
1.02457e+06	3.40879e-75
1.02467e+06	5.31905e-76
1.02477e+06	8.21721e-77
1.02487e+06	1.25682e-77
1.02497e+06	1.90317e-78
1.02507e+06	2.85325e-79
1.02517e+06	4.23505e-80
1.02527e+06	6.2235e-81
1.02537e+06	9.05457e-82
1.02547e+06	1.30424e-82
1.02557e+06	1.85997e-83
1.02567e+06	2.62609e-84
1.02577e+06	3.67089e-85
1.02587e+06	5.0803e-86
1.02597e+06	6.96089e-87
1.02607e+06	9.44273e-88
1.02617e+06	1.2682e-88
1.02627e+06	1.6863e-89
1.02637e+06	2.21992e-90
1.02647e+06	2.89333e-91
1.02657e+06	3.7335e-92
1.02667e+06	4.7697e-93
1.02677e+06	6.03285e-94
1.02687e+06	7.55461e-95
1.02697e+06	9.36608e-96
1.02707e+06	1.14964e-96
1.02717e+06	1.39708e-97
1.02727e+06	1.68089e-98
1.02737e+06	2.00222e-99
1.02747e+06	2.36126e-100
1.02757e+06	2.75697e-101
1.02767e+06	3.18697e-102
1.02777e+06	3.64737e-103
1.02787e+06	4.13276e-104
1.02797e+06	4.63614e-105
1.02807e+06	5.14908e-106
1.02817e+06	5.66188e-107
1.02827e+06	6.1638e-108
1.02837e+06	6.64345e-109
1.02847e+06	7.08917e-110
1.02857e+06	7.48952e-111
1.02867e+06	7.83376e-112
1.02877e+06	8.11228e-113
1.02887e+06	8.31713e-114
1.02897e+06	8.44229e-115
1.02907e+06	8.48408e-116
1.02917e+06	8.44123e-117
1.02927e+06	8.31504e-118
1.02937e+06	8.10923e-119
1.02947e+06	7.82982e-120
1.02957e+06	7.48482e-121
1.02967e+06	7.08383e-122
1.02977e+06	6.63761e-123
1.02987e+06	6.15761e-124
1.02997e+06	5.65549e-125
1.03007e+06	5.14262e-126
1.03017e+06	4.62974e-127
1.03027e+06	4.12653e-128
1.03037e+06	3.64142e-129
1.03047e+06	3.18137e-130
1.03057e+06	2.75178e-131
1.03067e+06	2.35652e-132
1.03077e+06	1.99795e-133
1.03087e+06	1.67709e-134
1.03097e+06	1.39375e-135
1.03107e+06	1.14675e-136
1.03117e+06	9.34142e-138
1.03127e+06	7.53377e-139
1.03137e+06	6.01546e-140
1.03147e+06	4.75535e-141
1.03157e+06	3.7218e-142
1.03167e+06	2.8839e-143
1.03177e+06	2.21241e-144
1.03187e+06	1.68038e-145
1.03197e+06	1.26359e-146
1.03207e+06	9.40722e-148
1.03217e+06	6.93385e-149
1.03227e+06	5.05993e-150
1.03237e+06	3.65571e-151
1.03247e+06	2.6149e-152
1.03257e+06	1.85181e-153
1.03267e+06	1.29836e-154
1.03277e+06	9.0126e-156
1.03287e+06	6.19387e-157
1.03297e+06	4.21436e-158
1.03307e+06	2.83895e-159
1.03317e+06	1.8934e-160
1.03327e+06	1.25021e-161
1.03337e+06	8.17297e-163
1.03347e+06	5.28974e-164
1.03357e+06	3.38958e-165
1.03367e+06	2.15038e-166
1.03377e+06	1.35064e-167
1.03387e+06	8.39892e-169
1.03397e+06	5.17087e-170
1.03407e+06	3.15181e-171
1.03417e+06	1.90202e-172
1.03427e+06	1.13638e-173
1.03437e+06	6.72192e-175
1.03447e+06	3.93658e-176
1.03457e+06	2.28245e-177
1.03467e+06	1.31021e-178
1.03477e+06	7.44623e-180
1.03487e+06	4.18977e-181
1.03497e+06	2.334e-182
1.03507e+06	1.28727e-183
1.03517e+06	7.02899e-185
1.03527e+06	3.79992e-186
1.03537e+06	2.03382e-187
1.03547e+06	1.07773e-188
1.03557e+06	5.65407e-190
1.03567e+06	2.93678e-191
1.03577e+06	1.51021e-192
1.03587e+06	7.68886e-194
1.03597e+06	3.87564e-195
1.03607e+06	1.93411e-196
1.03617e+06	9.55601e-198
1.03627e+06	4.67443e-199
1.03637e+06	2.2638e-200
1.03647e+06	1.08544e-201
1.03657e+06	5.15261e-203
1.03667e+06	2.42163e-204
1.03677e+06	1.1268e-205
1.03687e+06	5.19087e-207
1.03697e+06	2.36751e-208
1.03707e+06	1.06905e-209
1.03717e+06	4.77932e-211
1.03727e+06	2.11538e-212
1.03737e+06	9.26975e-214
1.03747e+06	4.02166e-215
1.03757e+06	1.72742e-216
1.03767e+06	7.34598e-218
1.03777e+06	3.09284e-219
1.03787e+06	1.28921e-220
1.03797e+06	5.32041e-222
1.03807e+06	2.17382e-223
1.03817e+06	8.79347e-225
1.03827e+06	3.52171e-226
1.03837e+06	1.39638e-227
1.03847e+06	5.48165e-229
1.03857e+06	2.13047e-230
1.03867e+06	8.1978e-232
1.03877e+06	3.12303e-233
1.03887e+06	1.17791e-234
1.03897e+06	4.3985e-236
1.03907e+06	1.62613e-237
1.03917e+06	5.95197e-239
1.03927e+06	2.15687e-240
1.03937e+06	7.7383e-242
1.03947e+06	2.74868e-243
1.03957e+06	9.66626e-245
1.03967e+06	3.36551e-246
1.03977e+06	1.16011e-247
1.03987e+06	3.95919e-249
1.03997e+06	1.33773e-250
1.04007e+06	4.47496e-252
1.04017e+06	1.48206e-253
1.04027e+06	4.85961e-255
1.04037e+06	1.57758e-256
1.04047e+06	5.07039e-258
1.04057e+06	1.61342e-259
1.04067e+06	5.08287e-261
1.04077e+06	1.58536e-262
1.04087e+06	4.8956e-264
1.04097e+06	1.49672e-265
1.04107e+06	4.53033e-267
1.04117e+06	1.35762e-268
1.04127e+06	4.02794e-270
1.04137e+06	1.18316e-271
1.04147e+06	3.44084e-273
1.04157e+06	9.90695e-275
1.04167e+06	2.82406e-276
1.04177e+06	7.97009e-278
1.04187e+06	2.22695e-279
1.04197e+06	6.16049e-281
1.04207e+06	1.68724e-282
1.04217e+06	4.57504e-284
1.04227e+06	1.2282e-285
1.04237e+06	3.2644e-287
1.04247e+06	8.58999e-289
1.04257e+06	2.23789e-290
1.04267e+06	5.77222e-292
1.04277e+06	1.47402e-293
1.04287e+06	3.72667e-295
1.04297e+06	9.32817e-297
1.04307e+06	2.31168e-298
1.04317e+06	5.67175e-300
1.04327e+06	1.37773e-301
1.04337e+06	3.31334e-303
1.04347e+06	7.88908e-305
1.04357e+06	1.8597e-306
1.04367e+06	4.34028e-308
1.04377e+06	1.00288e-309
1.04387e+06	2.29423e-311
1.04397e+06	5.19617e-313
1.04407e+06	1.16516e-314
1.04417e+06	2.58669e-316
1.04427e+06	5.68541e-318
1.04437e+06	1.23719e-319
1.04447e+06	2.66301e-321
1.04457e+06	5.92879e-323
1.04467e+06	0
1.04477e+06	0
1.04487e+06	0
1.04497e+06	0
1.04507e+06	0
1.04517e+06	0
1.04527e+06	0
1.04537e+06	0
1.04547e+06	0
1.04557e+06	0
1.04567e+06	0
1.04577e+06	0
1.04587e+06	0
1.04597e+06	0
1.04607e+06	0
1.04617e+06	0
1.04627e+06	0
1.04637e+06	0
1.04647e+06	0
1.04657e+06	0
1.04667e+06	0
1.04677e+06	0
1.04687e+06	0
1.04697e+06	0
1.04707e+06	0
1.04717e+06	0
1.04727e+06	0
1.04737e+06	0
1.04747e+06	0
1.04757e+06	0
1.04767e+06	0
1.04777e+06	0
1.04787e+06	0
1.04797e+06	0
1.04807e+06	0
1.04817e+06	0
1.04827e+06	0
1.04837e+06	0
1.04847e+06	0
1.04857e+06	0
1.04867e+06	0
1.04877e+06	0
1.04887e+06	0
1.04897e+06	0
1.04907e+06	0
1.04917e+06	0
1.04927e+06	0
1.04937e+06	0
1.04947e+06	0
1.04957e+06	0
1.04967e+06	0
1.04977e+06	0
1.04987e+06	0
1.04997e+06	0
1.05007e+06	0
1.05017e+06	0
1.05027e+06	0
1.05037e+06	0
1.05047e+06	0
1.05057e+06	0
1.05067e+06	0
1.05077e+06	0
1.05087e+06	0
1.05097e+06	0
1.05107e+06	0
1.05117e+06	0
1.05127e+06	0
1.05137e+06	0
1.05147e+06	0
1.05157e+06	0
1.05167e+06	0
1.05177e+06	0
1.05187e+06	0
1.05197e+06	0
1.05207e+06	0
1.05217e+06	0
1.05227e+06	0
1.05237e+06	0
1.05247e+06	0
1.05257e+06	0
1.05267e+06	0
1.05277e+06	0
1.05287e+06	0
1.05297e+06	0
1.05307e+06	0
1.05317e+06	0
1.05327e+06	0
1.05337e+06	0
1.05347e+06	0
1.05357e+06	0
1.05367e+06	0
1.05377e+06	0
1.05387e+06	0
1.05397e+06	0
1.05407e+06	0
1.05417e+06	0
1.05427e+06	0
1.05437e+06	0
1.05447e+06	0
1.05457e+06	0
1.05467e+06	0
1.05477e+06	0
1.05487e+06	0
1.05497e+06	0
1.05507e+06	0
1.05517e+06	0
1.05527e+06	0
1.05537e+06	0
1.05547e+06	0
1.05557e+06	0
1.05567e+06	0
1.05577e+06	0
1.05587e+06	0
1.05597e+06	0
1.05607e+06	0
1.05617e+06	0
1.05627e+06	0
1.05637e+06	0
1.05647e+06	0
1.05657e+06	0
1.05667e+06	0
1.05677e+06	0
1.05687e+06	0
1.05697e+06	0
1.05707e+06	0
1.05717e+06	0
1.05727e+06	0
1.05737e+06	0
1.05747e+06	0
1.05757e+06	0
1.05767e+06	0
1.05777e+06	0
1.05787e+06	0
1.05797e+06	0
1.05807e+06	0
1.05817e+06	0
1.05827e+06	0
1.05837e+06	0
1.05847e+06	0
1.05857e+06	0
1.05867e+06	0
1.05877e+06	0
1.05887e+06	0
1.05897e+06	0
1.05907e+06	0
1.05917e+06	0
1.05927e+06	0
1.05937e+06	0
1.05947e+06	0
1.05957e+06	0
1.05967e+06	0
1.05977e+06	0
1.05987e+06	0
1.05997e+06	0
1.06007e+06	0
1.06017e+06	0
1.06027e+06	0
1.06037e+06	0
1.06047e+06	0
1.06057e+06	0
1.06067e+06	0
1.06077e+06	0
1.06087e+06	0
1.06097e+06	0
1.06107e+06	0
1.06117e+06	0
1.06127e+06	0
1.06137e+06	0
1.06147e+06	0
1.06157e+06	0
1.06167e+06	0
1.06177e+06	0
1.06187e+06	0
1.06197e+06	0
1.06207e+06	0
1.06217e+06	0
1.06227e+06	0
1.06237e+06	0
1.06247e+06	0
1.06257e+06	0
1.06267e+06	0
1.06277e+06	0
1.06287e+06	0
1.06297e+06	0
1.06307e+06	0
1.06317e+06	0
1.06327e+06	0
1.06337e+06	0
1.06347e+06	0
1.06357e+06	0
1.06367e+06	0
1.06377e+06	0
1.06387e+06	0
1.06397e+06	0
1.06407e+06	0
1.06417e+06	0
1.06427e+06	0
1.06437e+06	0
1.06447e+06	0
1.06457e+06	0
1.06467e+06	0
1.06477e+06	0
1.06487e+06	0
1.06497e+06	0
1.06507e+06	0
1.06517e+06	0
1.06527e+06	0
1.06537e+06	0
1.06547e+06	0
1.06557e+06	0
1.06567e+06	0
1.06577e+06	0
1.06587e+06	0
1.06597e+06	0
1.06607e+06	0
1.06617e+06	0
1.06627e+06	0
1.06637e+06	0
1.06647e+06	0
1.06657e+06	0
1.06667e+06	0
1.06677e+06	0
1.06687e+06	0
1.06697e+06	0
1.06707e+06	0
1.06717e+06	0
1.06727e+06	0
1.06737e+06	0
1.06747e+06	0
1.06757e+06	0
1.06767e+06	0
1.06777e+06	0
1.06787e+06	0
1.06797e+06	0
1.06807e+06	0
1.06817e+06	0
1.06827e+06	0
1.06837e+06	0
1.06847e+06	0
1.06857e+06	0
1.06867e+06	0
1.06877e+06	0
1.06887e+06	0
1.06897e+06	0
1.06907e+06	0
1.06917e+06	0
1.06927e+06	0
1.06937e+06	0
1.06947e+06	0
1.06957e+06	0
1.06967e+06	0
1.06977e+06	0
1.06987e+06	0
1.06997e+06	0
1.07007e+06	0
1.07017e+06	0
1.07027e+06	0
1.07037e+06	0
1.07047e+06	0
1.07057e+06	0
1.07067e+06	0
1.07077e+06	0
1.07087e+06	0
1.07097e+06	0
1.07107e+06	0
1.07117e+06	0
1.07127e+06	0
1.07137e+06	0
1.07147e+06	0
1.07157e+06	0
1.07167e+06	0
1.07177e+06	0
1.07187e+06	0
1.07197e+06	0
1.07207e+06	0
1.07217e+06	0
1.07227e+06	0
1.07237e+06	0
1.07247e+06	0
1.07257e+06	0
1.07267e+06	0
1.07277e+06	0
1.07287e+06	0
1.07297e+06	0
1.07307e+06	0
1.07317e+06	0
1.07327e+06	0
1.07337e+06	0
1.07347e+06	0
1.07357e+06	0
1.07367e+06	0
1.07377e+06	0
1.07387e+06	0
1.07397e+06	0
1.07407e+06	0
1.07417e+06	0
1.07427e+06	0
1.07437e+06	0
1.07447e+06	0
1.07457e+06	0
1.07467e+06	0
1.07477e+06	0
1.07487e+06	0
1.07497e+06	0
1.07507e+06	0
1.07517e+06	0
1.07527e+06	0
1.07537e+06	0
1.07547e+06	0
1.07557e+06	0
1.07567e+06	0
1.07577e+06	0
1.07587e+06	0
1.07597e+06	0
1.07607e+06	0
1.07617e+06	0
1.07627e+06	0
1.07637e+06	0
1.07647e+06	0
1.07657e+06	0
1.07667e+06	0
1.07677e+06	0
1.07687e+06	0
1.07697e+06	0
1.07707e+06	0
1.07717e+06	0
1.07727e+06	0
1.07737e+06	0
1.07747e+06	0
1.07757e+06	0
1.07767e+06	0
1.07777e+06	0
1.07787e+06	0
1.07797e+06	0
1.07807e+06	0
1.07817e+06	0
1.07827e+06	0
1.07837e+06	0
1.07847e+06	0
1.07857e+06	0
1.07867e+06	0
1.07877e+06	0
1.07887e+06	0
1.07897e+06	0
1.07907e+06	0
1.07917e+06	0
1.07927e+06	0
1.07937e+06	0
1.07947e+06	0
1.07957e+06	0
1.07967e+06	0
1.07977e+06	0
1.07987e+06	0
1.07997e+06	0
1.08007e+06	0
1.08017e+06	0
1.08027e+06	0
1.08037e+06	0
1.08047e+06	0
1.08057e+06	0
1.08067e+06	0
1.08077e+06	0
1.08087e+06	0
1.08097e+06	0
1.08107e+06	0
1.08117e+06	0
1.08127e+06	0
1.08137e+06	0
1.08147e+06	0
1.08157e+06	0
1.08167e+06	0
1.08177e+06	0
1.08187e+06	0
1.08197e+06	0
1.08207e+06	0
1.08217e+06	0
1.08227e+06	0
1.08237e+06	0
1.08247e+06	0
1.08257e+06	0
1.08267e+06	0
1.08277e+06	0
1.08287e+06	0
1.08297e+06	0
1.08307e+06	0
1.08317e+06	0
1.08327e+06	0
1.08337e+06	0
1.08347e+06	0
1.08357e+06	0
1.08367e+06	0
1.08377e+06	0
1.08387e+06	0
1.08397e+06	0
1.08407e+06	0
1.08417e+06	0
1.08427e+06	0
1.08437e+06	0
1.08447e+06	0
1.08457e+06	0
1.08467e+06	0
1.08477e+06	0
1.08487e+06	0
1.08497e+06	0
1.08507e+06	0
1.08517e+06	0
1.08527e+06	0
1.08537e+06	0
1.08547e+06	0
1.08557e+06	0
1.08567e+06	0
1.08577e+06	0
1.08587e+06	0
1.08597e+06	0
1.08607e+06	0
1.08617e+06	0
1.08627e+06	0
1.08637e+06	0
1.08647e+06	0
1.08657e+06	0
1.08667e+06	0
1.08677e+06	0
1.08687e+06	0
1.08697e+06	0
1.08707e+06	0
1.08717e+06	0
1.08727e+06	0
1.08737e+06	0
1.08747e+06	0
1.08757e+06	0
1.08767e+06	0
1.08777e+06	0
1.08787e+06	0
1.08797e+06	0
1.08807e+06	0
1.08817e+06	0
1.08827e+06	0
1.08837e+06	0
1.08847e+06	0
1.08857e+06	0
1.08867e+06	0
1.08877e+06	0
1.08887e+06	0
1.08897e+06	0
1.08907e+06	0
1.08917e+06	0
1.08927e+06	0
1.08937e+06	0
1.08947e+06	0
1.08957e+06	0
1.08967e+06	0
1.08977e+06	0
1.08987e+06	0
1.08997e+06	0
1.09007e+06	0
1.09017e+06	0
1.09027e+06	0
1.09037e+06	0
1.09047e+06	0
1.09057e+06	0
1.09067e+06	0
1.09077e+06	0
1.09087e+06	0
1.09097e+06	0
1.09107e+06	0
1.09117e+06	0
1.09127e+06	0
1.09137e+06	0
1.09147e+06	0
1.09157e+06	0
1.09167e+06	0
1.09177e+06	0
1.09187e+06	0
1.09197e+06	0
1.09207e+06	0
1.09217e+06	0
1.09227e+06	0
1.09237e+06	0
1.09247e+06	0
1.09257e+06	0
1.09267e+06	0
1.09277e+06	0
1.09287e+06	0
1.09297e+06	0
1.09307e+06	0
1.09317e+06	0
1.09327e+06	0
1.09337e+06	0
1.09347e+06	0
1.09357e+06	0
1.09367e+06	0
1.09377e+06	0
1.09387e+06	0
1.09397e+06	0
1.09407e+06	0
1.09417e+06	0
1.09427e+06	0
1.09437e+06	0
1.09447e+06	0
1.09457e+06	0
1.09467e+06	0
1.09477e+06	0
1.09487e+06	0
1.09497e+06	0
1.09507e+06	0
1.09517e+06	0
1.09527e+06	0
1.09537e+06	0
1.09547e+06	0
1.09557e+06	0
1.09567e+06	0
1.09577e+06	0
1.09587e+06	0
1.09597e+06	0
1.09607e+06	0
1.09617e+06	0
1.09627e+06	0
1.09637e+06	0
1.09647e+06	0
1.09657e+06	0
1.09667e+06	0
1.09677e+06	0
1.09687e+06	0
1.09697e+06	0
1.09707e+06	0
1.09717e+06	0
1.09727e+06	0
1.09737e+06	0
1.09747e+06	0
1.09757e+06	0
1.09767e+06	0
1.09777e+06	0
1.09787e+06	0
1.09797e+06	0
1.09807e+06	0
1.09817e+06	0
1.09827e+06	0
1.09837e+06	0
1.09847e+06	0
1.09857e+06	0
1.09867e+06	0
1.09877e+06	0
1.09887e+06	0
1.09897e+06	0
1.09907e+06	0
1.09917e+06	0
1.09927e+06	0
1.09937e+06	0
1.09947e+06	0
1.09957e+06	0
1.09967e+06	0
1.09977e+06	0
1.09987e+06	0
1.09997e+06	0
1.10007e+06	0
1.10017e+06	0
1.10027e+06	0
1.10037e+06	0
1.10047e+06	0
1.10057e+06	0
1.10067e+06	0
1.10077e+06	0
1.10087e+06	0
1.10097e+06	0
1.10107e+06	0
1.10117e+06	0
1.10127e+06	0
1.10137e+06	0
1.10147e+06	0
1.10157e+06	0
1.10167e+06	0
1.10177e+06	0
1.10187e+06	0
1.10197e+06	0
1.10207e+06	0
1.10217e+06	0
1.10227e+06	0
1.10237e+06	0
1.10247e+06	0
1.10257e+06	0
1.10267e+06	0
1.10277e+06	0
1.10287e+06	0
1.10297e+06	0
1.10307e+06	0
1.10317e+06	0
1.10327e+06	0
1.10337e+06	0
1.10347e+06	0
1.10357e+06	0
1.10367e+06	0
1.10377e+06	0
1.10387e+06	0
1.10397e+06	0
1.10407e+06	0
1.10417e+06	0
1.10427e+06	0
1.10437e+06	0
1.10447e+06	0
1.10457e+06	0
1.10467e+06	0
1.10477e+06	0
1.10487e+06	0
1.10497e+06	0
1.10507e+06	0
1.10517e+06	0
1.10527e+06	0
1.10537e+06	0
1.10547e+06	0
1.10557e+06	0
1.10567e+06	0
1.10577e+06	0
1.10587e+06	0
1.10597e+06	0
1.10607e+06	0
1.10617e+06	0
1.10627e+06	0
1.10637e+06	0
1.10647e+06	0
1.10657e+06	0
1.10667e+06	0
1.10677e+06	0
1.10687e+06	0
1.10697e+06	0
1.10707e+06	0
1.10717e+06	0
1.10727e+06	0
1.10737e+06	0
1.10747e+06	0
1.10757e+06	0
1.10767e+06	0
1.10777e+06	0
1.10787e+06	0
1.10797e+06	0
1.10807e+06	0
1.10817e+06	0
1.10827e+06	0
1.10837e+06	0
1.10847e+06	0
1.10857e+06	0
1.10867e+06	0
1.10877e+06	0
1.10887e+06	0
1.10897e+06	0
1.10907e+06	0
1.10917e+06	0
1.10927e+06	0
1.10937e+06	0
1.10947e+06	0
1.10957e+06	0
1.10967e+06	0
1.10977e+06	0
1.10987e+06	0
1.10997e+06	0
1.11007e+06	0
1.11017e+06	0
1.11027e+06	0
1.11037e+06	0
1.11047e+06	0
1.11057e+06	0
1.11067e+06	0
1.11077e+06	0
1.11087e+06	0
1.11097e+06	0
1.11107e+06	0
1.11117e+06	0
1.11127e+06	0
1.11137e+06	0
1.11147e+06	0
1.11157e+06	0
1.11167e+06	0
1.11177e+06	0
1.11187e+06	0
1.11197e+06	0
1.11207e+06	0
1.11217e+06	0
1.11227e+06	0
1.11237e+06	0
1.11247e+06	0
1.11257e+06	0
1.11267e+06	0
1.11277e+06	0
1.11287e+06	0
1.11297e+06	0
1.11307e+06	0
1.11317e+06	0
1.11327e+06	0
1.11337e+06	0
1.11347e+06	0
1.11357e+06	0
1.11367e+06	0
1.11377e+06	0
1.11387e+06	0
1.11397e+06	0
1.11407e+06	0
1.11417e+06	0
1.11427e+06	0
1.11437e+06	0
1.11447e+06	0
1.11457e+06	0
1.11467e+06	0
1.11477e+06	0
1.11487e+06	0
1.11497e+06	0
1.11507e+06	0
1.11517e+06	0
1.11527e+06	0
1.11537e+06	0
1.11547e+06	0
1.11557e+06	0
1.11567e+06	0
1.11577e+06	0
1.11587e+06	0
1.11597e+06	0
1.11607e+06	0
1.11617e+06	0
1.11627e+06	0
1.11637e+06	0
1.11647e+06	0
1.11657e+06	0
1.11667e+06	0
1.11677e+06	0
1.11687e+06	0
1.11697e+06	0
1.11707e+06	0
1.11717e+06	0
1.11727e+06	0
1.11737e+06	0
1.11747e+06	0
1.11757e+06	0
1.11767e+06	0
1.11777e+06	0
1.11787e+06	0
1.11797e+06	0
1.11807e+06	0
1.11817e+06	0
1.11827e+06	0
1.11837e+06	0
1.11847e+06	0
1.11857e+06	0
1.11867e+06	0
1.11877e+06	0
1.11887e+06	0
1.11897e+06	0
1.11907e+06	0
1.11917e+06	0
1.11927e+06	0
1.11937e+06	0
1.11947e+06	0
1.11957e+06	0
1.11967e+06	0
1.11977e+06	0
1.11987e+06	0
1.11997e+06	0
1.12007e+06	0
1.12017e+06	0
1.12027e+06	0
1.12037e+06	0
1.12047e+06	0
1.12057e+06	0
1.12067e+06	0
1.12077e+06	0
1.12087e+06	0
1.12097e+06	0
1.12107e+06	0
1.12117e+06	0
1.12127e+06	0
1.12137e+06	0
1.12147e+06	0
1.12157e+06	0
1.12167e+06	0
1.12177e+06	0
1.12187e+06	0
1.12197e+06	0
1.12207e+06	0
1.12217e+06	0
1.12227e+06	0
1.12237e+06	0
1.12247e+06	0
1.12257e+06	0
1.12267e+06	0
1.12277e+06	0
1.12287e+06	0
1.12297e+06	0
1.12307e+06	0
1.12317e+06	0
1.12327e+06	0
1.12337e+06	0
1.12347e+06	0
1.12357e+06	0
1.12367e+06	0
1.12377e+06	0
1.12387e+06	0
1.12397e+06	0
1.12407e+06	0
1.12417e+06	0
1.12427e+06	0
1.12437e+06	0
1.12447e+06	0
1.12457e+06	0
1.12467e+06	0
1.12477e+06	0
1.12487e+06	0
1.12497e+06	0
1.12507e+06	0
1.12517e+06	0
1.12527e+06	0
1.12537e+06	0
1.12547e+06	0
1.12557e+06	0
1.12567e+06	0
1.12577e+06	0
1.12587e+06	0
1.12597e+06	0
1.12607e+06	0
1.12617e+06	0
1.12627e+06	0
1.12637e+06	0
1.12647e+06	0
1.12657e+06	0
1.12667e+06	0
1.12677e+06	0
1.12687e+06	0
1.12697e+06	0
1.12707e+06	0
1.12717e+06	0
1.12727e+06	0
1.12737e+06	0
1.12747e+06	0
1.12757e+06	0
1.12767e+06	0
1.12777e+06	0
1.12787e+06	0
1.12797e+06	0
1.12807e+06	0
1.12817e+06	0
1.12827e+06	0
1.12837e+06	0
1.12847e+06	0
1.12857e+06	0
1.12867e+06	0
1.12877e+06	0
1.12887e+06	0
1.12897e+06	0
1.12907e+06	0
1.12917e+06	0
1.12927e+06	0
1.12937e+06	0
1.12947e+06	0
1.12957e+06	0
1.12967e+06	0
1.12977e+06	0
1.12987e+06	0
1.12997e+06	0
1.13007e+06	0
1.13017e+06	0
1.13027e+06	0
1.13037e+06	0
1.13047e+06	0
1.13057e+06	0
1.13067e+06	0
1.13077e+06	0
1.13087e+06	0
1.13097e+06	0
1.13107e+06	0
1.13117e+06	0
1.13127e+06	0
1.13137e+06	0
1.13147e+06	0
1.13157e+06	0
1.13167e+06	0
1.13177e+06	0
1.13187e+06	0
1.13197e+06	0
1.13207e+06	0
1.13217e+06	0
1.13227e+06	0
1.13237e+06	0
1.13247e+06	0
1.13257e+06	0
1.13267e+06	0
1.13277e+06	0
1.13287e+06	0
1.13297e+06	0
1.13307e+06	0
1.13317e+06	0
1.13327e+06	0
1.13337e+06	0
1.13347e+06	0
1.13357e+06	0
1.13367e+06	0
1.13377e+06	0
1.13387e+06	0
1.13397e+06	0
1.13407e+06	0
1.13417e+06	0
1.13427e+06	0
1.13437e+06	0
1.13447e+06	0
1.13457e+06	0
1.13467e+06	0
1.13477e+06	0
1.13487e+06	0
1.13497e+06	0
1.13507e+06	0
1.13517e+06	0
1.13527e+06	0
1.13537e+06	0
1.13547e+06	0
1.13557e+06	0
1.13567e+06	0
1.13577e+06	0
1.13587e+06	0
1.13597e+06	0
1.13607e+06	0
1.13617e+06	0
1.13627e+06	0
1.13637e+06	0
1.13647e+06	0
1.13657e+06	0
1.13667e+06	0
1.13677e+06	0
1.13687e+06	0
1.13697e+06	0
1.13707e+06	0
1.13717e+06	0
1.13727e+06	0
1.13737e+06	0
1.13747e+06	0
1.13757e+06	0
1.13767e+06	0
1.13777e+06	0
1.13787e+06	0
1.13797e+06	0
1.13807e+06	0
1.13817e+06	0
1.13827e+06	0
1.13837e+06	0
1.13847e+06	0
1.13857e+06	0
1.13867e+06	0
1.13877e+06	0
1.13887e+06	0
1.13897e+06	0
1.13907e+06	0
1.13917e+06	0
1.13927e+06	0
1.13937e+06	0
1.13947e+06	0
1.13957e+06	0
1.13967e+06	0
1.13977e+06	0
1.13987e+06	0
1.13997e+06	0
1.14007e+06	0
1.14017e+06	0
1.14027e+06	0
1.14037e+06	0
1.14047e+06	0
1.14057e+06	0
1.14067e+06	0
1.14077e+06	0
1.14087e+06	0
1.14097e+06	0
1.14107e+06	0
1.14117e+06	0
1.14127e+06	0
1.14137e+06	0
1.14147e+06	0
1.14157e+06	0
1.14167e+06	0
1.14177e+06	0
1.14187e+06	0
1.14197e+06	0
1.14207e+06	0
1.14217e+06	0
1.14227e+06	0
1.14237e+06	0
1.14247e+06	0
1.14257e+06	0
1.14267e+06	0
1.14277e+06	0
1.14287e+06	0
1.14297e+06	0
1.14307e+06	0
1.14317e+06	0
1.14327e+06	0
1.14337e+06	0
1.14347e+06	0
1.14357e+06	0
1.14367e+06	0
1.14377e+06	0
1.14387e+06	0
1.14397e+06	0
1.14407e+06	0
1.14417e+06	0
1.14427e+06	0
1.14437e+06	0
1.14447e+06	0
1.14457e+06	0
1.14467e+06	0
1.14477e+06	0
1.14487e+06	0
1.14497e+06	0
1.14507e+06	0
1.14517e+06	0
1.14527e+06	0
1.14537e+06	0
1.14547e+06	0
1.14557e+06	0
1.14567e+06	0
1.14577e+06	0
1.14587e+06	0
1.14597e+06	0
1.14607e+06	0
1.14617e+06	0
1.14627e+06	0
1.14637e+06	0
1.14647e+06	0
1.14657e+06	0
1.14667e+06	0
1.14677e+06	0
1.14687e+06	0
1.14697e+06	0
1.14707e+06	0
1.14717e+06	0
1.14727e+06	0
1.14737e+06	0
1.14747e+06	0
1.14757e+06	0
1.14767e+06	0
1.14777e+06	0
1.14787e+06	0
1.14797e+06	0
1.14807e+06	0
1.14817e+06	0
1.14827e+06	0
1.14837e+06	0
1.14847e+06	0
1.14857e+06	0
1.14867e+06	0
1.14877e+06	0
1.14887e+06	0
1.14897e+06	0
1.14907e+06	0
1.14917e+06	0
1.14927e+06	0
1.14937e+06	0
1.14947e+06	0
1.14957e+06	0
1.14967e+06	0
1.14977e+06	0
1.14987e+06	0
1.14997e+06	0
1.15007e+06	0
1.15017e+06	0
1.15027e+06	0
1.15037e+06	0
1.15047e+06	0
1.15057e+06	0
1.15067e+06	0
1.15077e+06	0
1.15087e+06	0
1.15097e+06	0
1.15107e+06	0
1.15117e+06	0
1.15127e+06	0
1.15137e+06	0
1.15147e+06	0
1.15157e+06	0
1.15167e+06	0
1.15177e+06	0
1.15187e+06	0
1.15197e+06	0
1.15207e+06	0
1.15217e+06	0
1.15227e+06	0
1.15237e+06	0
1.15247e+06	0
1.15257e+06	0
1.15267e+06	0
1.15277e+06	0
1.15287e+06	0
1.15297e+06	0
1.15307e+06	0
1.15317e+06	0
1.15327e+06	0
1.15337e+06	0
1.15347e+06	0
1.15357e+06	0
1.15367e+06	0
1.15377e+06	0
1.15387e+06	0
1.15397e+06	0
1.15407e+06	0
1.15417e+06	0
1.15427e+06	0
1.15437e+06	0
1.15447e+06	0
1.15457e+06	0
1.15467e+06	0
1.15477e+06	0
1.15487e+06	0
1.15497e+06	0
1.15507e+06	0
1.15517e+06	0
1.15527e+06	0
1.15537e+06	0
1.15547e+06	0
1.15557e+06	0
1.15567e+06	0
1.15577e+06	0
1.15587e+06	0
1.15597e+06	0
1.15607e+06	0
1.15617e+06	0
1.15627e+06	0
1.15637e+06	0
1.15647e+06	0
1.15657e+06	0
1.15667e+06	0
1.15677e+06	0
1.15687e+06	0
1.15697e+06	0
1.15707e+06	0
1.15717e+06	0
1.15727e+06	0
1.15737e+06	0
1.15747e+06	0
1.15757e+06	0
1.15767e+06	0
1.15777e+06	0
1.15787e+06	0
1.15797e+06	0
1.15807e+06	0
1.15817e+06	0
1.15827e+06	0
1.15837e+06	0
1.15847e+06	0
1.15857e+06	0
1.15867e+06	0
1.15877e+06	0
1.15887e+06	0
1.15897e+06	0
1.15907e+06	0
1.15917e+06	0
1.15927e+06	0
1.15937e+06	0
1.15947e+06	0
1.15957e+06	0
1.15967e+06	0
1.15977e+06	0
1.15987e+06	0
1.15997e+06	0
1.16007e+06	0
1.16017e+06	0
1.16027e+06	0
1.16037e+06	0
1.16047e+06	0
1.16057e+06	0
1.16067e+06	0
1.16077e+06	0
1.16087e+06	0
1.16097e+06	0
1.16107e+06	0
1.16117e+06	0
1.16127e+06	0
1.16137e+06	0
1.16147e+06	0
1.16157e+06	0
1.16167e+06	0
1.16177e+06	0
1.16187e+06	0
1.16197e+06	0
1.16207e+06	0
1.16217e+06	0
1.16227e+06	0
1.16237e+06	0
1.16247e+06	0
1.16257e+06	0
1.16267e+06	0
1.16277e+06	0
1.16287e+06	0
1.16297e+06	0
1.16307e+06	0
1.16317e+06	0
1.16327e+06	0
1.16337e+06	0
1.16347e+06	0
1.16357e+06	0
1.16367e+06	0
1.16377e+06	0
1.16387e+06	0
1.16397e+06	0
1.16407e+06	0
1.16417e+06	0
1.16427e+06	0
1.16437e+06	0
1.16447e+06	0
1.16457e+06	0
1.16467e+06	0
1.16477e+06	0
1.16487e+06	0
1.16497e+06	0
1.16507e+06	0
1.16517e+06	0
1.16527e+06	0
1.16537e+06	0
1.16547e+06	0
1.16557e+06	0
1.16567e+06	0
1.16577e+06	0
1.16587e+06	0
1.16597e+06	0
1.16607e+06	0
1.16617e+06	0
1.16627e+06	0
1.16637e+06	0
1.16647e+06	0
1.16657e+06	0
1.16667e+06	0
1.16677e+06	0
1.16687e+06	0
1.16697e+06	0
1.16707e+06	0
1.16717e+06	0
1.16727e+06	0
1.16737e+06	0
1.16747e+06	0
1.16757e+06	0
1.16767e+06	0
1.16777e+06	0
1.16787e+06	0
1.16797e+06	0
1.16807e+06	0
1.16817e+06	0
1.16827e+06	0
1.16837e+06	0
1.16847e+06	0
1.16857e+06	0
1.16867e+06	0
1.16877e+06	0
1.16887e+06	0
1.16897e+06	0
1.16907e+06	0
1.16917e+06	0
1.16927e+06	0
1.16937e+06	0
1.16947e+06	0
1.16957e+06	0
1.16967e+06	0
1.16977e+06	0
1.16987e+06	0
1.16997e+06	0
1.17007e+06	0
1.17017e+06	0
1.17027e+06	0
1.17037e+06	0
1.17047e+06	0
1.17057e+06	0
1.17067e+06	0
1.17077e+06	0
1.17087e+06	0
1.17097e+06	0
1.17107e+06	0
1.17117e+06	0
1.17127e+06	0
1.17137e+06	0
1.17147e+06	0
1.17157e+06	0
1.17167e+06	0
1.17177e+06	0
1.17187e+06	0
1.17197e+06	0
1.17207e+06	0
1.17217e+06	0
1.17227e+06	0
1.17237e+06	0
1.17247e+06	0
1.17257e+06	0
1.17267e+06	0
1.17277e+06	0
1.17287e+06	0
1.17297e+06	0
1.17307e+06	0
1.17317e+06	0
1.17327e+06	0
1.17337e+06	0
1.17347e+06	0
1.17357e+06	0
1.17367e+06	0
1.17377e+06	0
1.17387e+06	0
1.17397e+06	0
1.17407e+06	0
1.17417e+06	0
1.17427e+06	0
1.17437e+06	0
1.17447e+06	0
1.17457e+06	0
1.17467e+06	0
1.17477e+06	0
1.17487e+06	0
1.17497e+06	0
1.17507e+06	0
1.17517e+06	0
1.17527e+06	0
1.17537e+06	0
1.17547e+06	0
1.17557e+06	0
1.17567e+06	0
1.17577e+06	0
1.17587e+06	0
1.17597e+06	0
1.17607e+06	0
1.17617e+06	0
1.17627e+06	0
1.17637e+06	0
1.17647e+06	0
1.17657e+06	0
1.17667e+06	0
1.17677e+06	0
1.17687e+06	0
1.17697e+06	0
1.17707e+06	0
1.17717e+06	0
1.17727e+06	0
1.17737e+06	0
1.17747e+06	0
1.17757e+06	0
1.17767e+06	0
1.17777e+06	0
1.17787e+06	0
1.17797e+06	0
1.17807e+06	0
1.17817e+06	0
1.17827e+06	0
1.17837e+06	0
1.17847e+06	0
1.17857e+06	0
1.17867e+06	0
1.17877e+06	0
1.17887e+06	0
1.17897e+06	0
1.17907e+06	0
1.17917e+06	0
1.17927e+06	0
1.17937e+06	0
1.17947e+06	0
1.17957e+06	0
1.17967e+06	0
1.17977e+06	0
1.17987e+06	0
1.17997e+06	0
1.18007e+06	0
1.18017e+06	0
1.18027e+06	0
1.18037e+06	0
1.18047e+06	0
1.18057e+06	0
1.18067e+06	0
1.18077e+06	0
1.18087e+06	0
1.18097e+06	0
1.18107e+06	0
1.18117e+06	0
1.18127e+06	0
1.18137e+06	0
1.18147e+06	0
1.18157e+06	0
1.18167e+06	0
1.18177e+06	0
1.18187e+06	0
1.18197e+06	0
1.18207e+06	0
1.18217e+06	0
1.18227e+06	0
1.18237e+06	0
1.18247e+06	0
1.18257e+06	0
1.18267e+06	0
1.18277e+06	0
1.18287e+06	0
1.18297e+06	0
1.18307e+06	0
1.18317e+06	0
1.18327e+06	0
1.18337e+06	0
1.18347e+06	0
1.18357e+06	0
1.18367e+06	0
1.18377e+06	0
1.18387e+06	0
1.18397e+06	0
1.18407e+06	0
1.18417e+06	0
1.18427e+06	0
1.18437e+06	0
1.18447e+06	0
1.18457e+06	0
1.18467e+06	0
1.18477e+06	0
1.18487e+06	0
1.18497e+06	0
1.18507e+06	0
1.18517e+06	0
1.18527e+06	0
1.18537e+06	0
1.18547e+06	0
1.18557e+06	0
1.18567e+06	0
1.18577e+06	0
1.18587e+06	0
1.18597e+06	0
1.18607e+06	0
1.18617e+06	0
1.18627e+06	0
1.18637e+06	0
1.18647e+06	0
1.18657e+06	0
1.18667e+06	0
1.18677e+06	0
1.18687e+06	0
1.18697e+06	0
1.18707e+06	0
1.18717e+06	0
1.18727e+06	0
1.18737e+06	0
1.18747e+06	0
1.18757e+06	0
1.18767e+06	0
1.18777e+06	0
1.18787e+06	0
1.18797e+06	0
1.18807e+06	0
1.18817e+06	0
1.18827e+06	0
1.18837e+06	0
1.18847e+06	0
1.18857e+06	0
1.18867e+06	0
1.18877e+06	0
1.18887e+06	0
1.18897e+06	0
1.18907e+06	0
1.18917e+06	0
1.18927e+06	0
1.18937e+06	0
1.18947e+06	0
1.18957e+06	0
1.18967e+06	0
1.18977e+06	0
1.18987e+06	0
1.18997e+06	0
1.19007e+06	0
1.19017e+06	0
1.19027e+06	0
1.19037e+06	0
1.19047e+06	0
1.19057e+06	0
1.19067e+06	0
1.19077e+06	0
1.19087e+06	0
1.19097e+06	0
1.19107e+06	0
1.19117e+06	0
1.19127e+06	0
1.19137e+06	0
1.19147e+06	0
1.19157e+06	0
1.19167e+06	0
1.19177e+06	0
1.19187e+06	0
1.19197e+06	0
1.19207e+06	0
1.19217e+06	0
1.19227e+06	0
1.19237e+06	0
1.19247e+06	0
1.19257e+06	0
1.19267e+06	0
1.19277e+06	0
1.19287e+06	0
1.19297e+06	0
1.19307e+06	0
1.19317e+06	0
1.19327e+06	0
1.19337e+06	0
1.19347e+06	0
1.19357e+06	0
1.19367e+06	0
1.19377e+06	0
1.19387e+06	0
1.19397e+06	0
1.19407e+06	0
1.19417e+06	0
1.19427e+06	0
1.19437e+06	0
1.19447e+06	0
1.19457e+06	0
1.19467e+06	0
1.19477e+06	0
1.19487e+06	0
1.19497e+06	0
1.19507e+06	0
1.19517e+06	0
1.19527e+06	0
1.19537e+06	0
1.19547e+06	0
1.19557e+06	0
1.19567e+06	0
1.19577e+06	0
1.19587e+06	0
1.19597e+06	0
1.19607e+06	0
1.19617e+06	0
1.19627e+06	0
1.19637e+06	0
1.19647e+06	0
1.19657e+06	0
1.19667e+06	0
1.19677e+06	0
1.19687e+06	0
1.19697e+06	0
1.19707e+06	0
1.19717e+06	0
1.19727e+06	0
1.19737e+06	0
1.19747e+06	0
1.19757e+06	0
1.19767e+06	0
1.19777e+06	0
1.19787e+06	0
1.19797e+06	0
1.19807e+06	0
1.19817e+06	0
1.19827e+06	0
1.19837e+06	0
1.19847e+06	0
1.19857e+06	0
1.19867e+06	0
1.19877e+06	0
1.19887e+06	0
1.19897e+06	0
1.19907e+06	0
1.19917e+06	0
1.19927e+06	0
1.19937e+06	0
1.19947e+06	0
1.19957e+06	0
1.19967e+06	0
1.19977e+06	0
1.19987e+06	0
1.19997e+06	0
1.20007e+06	0
1.20017e+06	0
1.20027e+06	0
1.20037e+06	0
1.20047e+06	0
1.20057e+06	0
1.20067e+06	0
1.20077e+06	0
1.20087e+06	0
1.20097e+06	0
1.20107e+06	0
1.20117e+06	0
1.20127e+06	0
1.20137e+06	0
1.20147e+06	0
1.20157e+06	0
1.20167e+06	0
1.20177e+06	0
1.20187e+06	0
1.20197e+06	0
1.20207e+06	0
1.20217e+06	0
1.20227e+06	0
1.20237e+06	0
1.20247e+06	0
1.20257e+06	0
1.20267e+06	0
1.20277e+06	0
1.20287e+06	0
1.20297e+06	0
1.20307e+06	0
1.20317e+06	0
1.20327e+06	0
1.20337e+06	0
1.20347e+06	0
1.20357e+06	0
1.20367e+06	0
1.20377e+06	0
1.20387e+06	0
1.20397e+06	0
1.20407e+06	0
1.20417e+06	0
1.20427e+06	0
1.20437e+06	0
1.20447e+06	0
1.20457e+06	0
1.20467e+06	0
1.20477e+06	0
1.20487e+06	0
1.20497e+06	0
1.20507e+06	0
1.20517e+06	0
1.20527e+06	0
1.20537e+06	0
1.20547e+06	0
1.20557e+06	0
1.20567e+06	0
1.20577e+06	0
1.20587e+06	0
1.20597e+06	0
1.20607e+06	0
1.20617e+06	0
1.20627e+06	0
1.20637e+06	0
1.20647e+06	0
1.20657e+06	0
1.20667e+06	0
1.20677e+06	0
1.20687e+06	0
1.20697e+06	0
1.20707e+06	0
1.20717e+06	0
1.20727e+06	0
1.20737e+06	0
1.20747e+06	0
1.20757e+06	0
1.20767e+06	0
1.20777e+06	0
1.20787e+06	0
1.20797e+06	0
1.20807e+06	0
1.20817e+06	0
1.20827e+06	0
1.20837e+06	0
1.20847e+06	0
1.20857e+06	0
1.20867e+06	0
1.20877e+06	0
1.20887e+06	0
1.20897e+06	0
1.20907e+06	0
1.20917e+06	0
1.20927e+06	0
1.20937e+06	0
1.20947e+06	0
1.20957e+06	0
1.20967e+06	0
1.20977e+06	0
1.20987e+06	0
1.20997e+06	0
1.21007e+06	0
1.21017e+06	0
1.21027e+06	0
1.21037e+06	0
1.21047e+06	0
1.21057e+06	0
1.21067e+06	0
1.21077e+06	0
1.21087e+06	0
1.21097e+06	0
1.21107e+06	0
1.21117e+06	0
1.21127e+06	0
1.21137e+06	0
1.21147e+06	0
1.21157e+06	0
1.21167e+06	0
1.21177e+06	0
1.21187e+06	0
1.21197e+06	0
1.21207e+06	0
1.21217e+06	0
1.21227e+06	0
1.21237e+06	0
1.21247e+06	0
1.21257e+06	0
1.21267e+06	0
1.21277e+06	0
1.21287e+06	0
1.21297e+06	0
1.21307e+06	0
1.21317e+06	0
1.21327e+06	0
1.21337e+06	0
1.21347e+06	0
1.21357e+06	0
1.21367e+06	0
1.21377e+06	0
1.21387e+06	0
1.21397e+06	0
1.21407e+06	0
1.21417e+06	0
1.21427e+06	0
1.21437e+06	0
1.21447e+06	0
1.21457e+06	0
1.21467e+06	0
1.21477e+06	0
1.21487e+06	0
1.21497e+06	0
1.21507e+06	0
1.21517e+06	0
1.21527e+06	0
1.21537e+06	0
1.21547e+06	0
1.21557e+06	0
1.21567e+06	0
1.21577e+06	0
1.21587e+06	0
1.21597e+06	0
1.21607e+06	0
1.21617e+06	0
1.21627e+06	0
1.21637e+06	0
1.21647e+06	0
1.21657e+06	0
1.21667e+06	0
1.21677e+06	0
1.21687e+06	0
1.21697e+06	0
1.21707e+06	0
1.21717e+06	0
1.21727e+06	0
1.21737e+06	0
1.21747e+06	0
1.21757e+06	0
1.21767e+06	0
1.21777e+06	0
1.21787e+06	0
1.21797e+06	0
1.21807e+06	0
1.21817e+06	0
1.21827e+06	0
1.21837e+06	0
1.21847e+06	0
1.21857e+06	0
1.21867e+06	0
1.21877e+06	0
1.21887e+06	0
1.21897e+06	0
1.21907e+06	0
1.21917e+06	0
1.21927e+06	0
1.21937e+06	0
1.21947e+06	0
1.21957e+06	0
1.21967e+06	0
1.21977e+06	0
1.21987e+06	0
1.21997e+06	0
1.22007e+06	0
1.22017e+06	0
1.22027e+06	0
1.22037e+06	0
1.22047e+06	0
1.22057e+06	0
1.22067e+06	0
1.22077e+06	0
1.22087e+06	0
1.22097e+06	0
1.22107e+06	0
1.22117e+06	0
1.22127e+06	0
1.22137e+06	0
1.22147e+06	0
1.22157e+06	0
1.22167e+06	0
1.22177e+06	0
1.22187e+06	0
1.22197e+06	0
1.22207e+06	0
1.22217e+06	0
1.22227e+06	0
1.22237e+06	0
1.22247e+06	0
1.22257e+06	0
1.22267e+06	0
1.22277e+06	0
1.22287e+06	0
1.22297e+06	0
1.22307e+06	0
1.22317e+06	0
1.22327e+06	0
1.22337e+06	0
1.22347e+06	0
1.22357e+06	0
1.22367e+06	0
1.22377e+06	0
1.22387e+06	0
1.22397e+06	0
1.22407e+06	0
1.22417e+06	0
1.22427e+06	0
1.22437e+06	0
1.22447e+06	0
1.22457e+06	0
1.22467e+06	0
1.22477e+06	0
1.22487e+06	0
1.22497e+06	0
1.22507e+06	0
1.22517e+06	0
1.22527e+06	0
1.22537e+06	0
1.22547e+06	0
1.22557e+06	0
1.22567e+06	0
1.22577e+06	0
1.22587e+06	0
1.22597e+06	0
1.22607e+06	0
1.22617e+06	0
1.22627e+06	0
1.22637e+06	0
1.22647e+06	0
1.22657e+06	0
1.22667e+06	0
1.22677e+06	0
1.22687e+06	0
1.22697e+06	0
1.22707e+06	0
1.22717e+06	0
1.22727e+06	0
1.22737e+06	0
1.22747e+06	0
1.22757e+06	0
1.22767e+06	0
1.22777e+06	0
1.22787e+06	0
1.22797e+06	0
1.22807e+06	0
1.22817e+06	0
1.22827e+06	0
1.22837e+06	0
1.22847e+06	0
1.22857e+06	0
1.22867e+06	0
1.22877e+06	0
1.22887e+06	0
1.22897e+06	0
1.22907e+06	0
1.22917e+06	0
1.22927e+06	0
1.22937e+06	0
1.22947e+06	0
1.22957e+06	0
1.22967e+06	0
1.22977e+06	0
1.22987e+06	0
1.22997e+06	0
1.23007e+06	0
1.23017e+06	0
1.23027e+06	0
1.23037e+06	0
1.23047e+06	0
1.23057e+06	0
1.23067e+06	0
1.23077e+06	0
1.23087e+06	0
1.23097e+06	0
1.23107e+06	0
1.23117e+06	0
1.23127e+06	0
1.23137e+06	0
1.23147e+06	0
1.23157e+06	0
1.23167e+06	0
1.23177e+06	0
1.23187e+06	0
1.23197e+06	0
1.23207e+06	0
1.23217e+06	0
1.23227e+06	0
1.23237e+06	0
1.23247e+06	0
1.23257e+06	0
1.23267e+06	0
1.23277e+06	0
1.23287e+06	0
1.23297e+06	0
1.23307e+06	0
1.23317e+06	0
1.23327e+06	0
1.23337e+06	0
1.23347e+06	0
1.23357e+06	0
1.23367e+06	0
1.23377e+06	0
1.23387e+06	0
1.23397e+06	0
1.23407e+06	0
1.23417e+06	0
1.23427e+06	0
1.23437e+06	0
1.23447e+06	0
1.23457e+06	0
1.23467e+06	0
1.23477e+06	0
1.23487e+06	0
1.23497e+06	0
1.23507e+06	0
1.23517e+06	0
1.23527e+06	0
1.23537e+06	0
1.23547e+06	0
1.23557e+06	0
1.23567e+06	0
1.23577e+06	0
1.23587e+06	0
1.23597e+06	0
1.23607e+06	0
1.23617e+06	0
1.23627e+06	0
1.23637e+06	0
1.23647e+06	0
1.23657e+06	0
1.23667e+06	0
1.23677e+06	0
1.23687e+06	0
1.23697e+06	0
1.23707e+06	0
1.23717e+06	0
1.23727e+06	0
1.23737e+06	0
1.23747e+06	0
1.23757e+06	0
1.23767e+06	0
1.23777e+06	0
1.23787e+06	0
1.23797e+06	0
1.23807e+06	0
1.23817e+06	0
1.23827e+06	0
1.23837e+06	0
1.23847e+06	0
1.23857e+06	0
1.23867e+06	0
1.23877e+06	0
1.23887e+06	0
1.23897e+06	0
1.23907e+06	0
1.23917e+06	0
1.23927e+06	0
1.23937e+06	0
1.23947e+06	0
1.23957e+06	0
1.23967e+06	0
1.23977e+06	0
1.23987e+06	0
1.23997e+06	0
1.24007e+06	0
1.24017e+06	0
1.24027e+06	0
1.24037e+06	0
1.24047e+06	0
1.24057e+06	0
1.24067e+06	0
1.24077e+06	0
1.24087e+06	0
1.24097e+06	0
1.24107e+06	0
1.24117e+06	0
1.24127e+06	0
1.24137e+06	0
1.24147e+06	0
1.24157e+06	0
1.24167e+06	0
1.24177e+06	0
1.24187e+06	0
1.24197e+06	0
1.24207e+06	0
1.24217e+06	0
1.24227e+06	0
1.24237e+06	0
1.24247e+06	0
1.24257e+06	0
1.24267e+06	0
1.24277e+06	0
1.24287e+06	0
1.24297e+06	0
1.24307e+06	0
1.24317e+06	0
1.24327e+06	0
1.24337e+06	0
1.24347e+06	0
1.24357e+06	0
1.24367e+06	0
1.24377e+06	0
1.24387e+06	0
1.24397e+06	0
1.24407e+06	0
1.24417e+06	0
1.24427e+06	0
1.24437e+06	0
1.24447e+06	0
1.24457e+06	0
1.24467e+06	0
1.24477e+06	0
1.24487e+06	0
1.24497e+06	0
1.24507e+06	0
1.24517e+06	0
1.24527e+06	0
1.24537e+06	0
1.24547e+06	0
1.24557e+06	0
1.24567e+06	0
1.24577e+06	0
1.24587e+06	0
1.24597e+06	0
1.24607e+06	0
1.24617e+06	0
1.24627e+06	0
1.24637e+06	0
1.24647e+06	0
1.24657e+06	0
1.24667e+06	0
1.24677e+06	0
1.24687e+06	0
1.24697e+06	0
1.24707e+06	0
1.24717e+06	0
1.24727e+06	0
1.24737e+06	0
1.24747e+06	0
1.24757e+06	0
1.24767e+06	0
1.24777e+06	0
1.24787e+06	0
1.24797e+06	0
1.24807e+06	0
1.24817e+06	0
1.24827e+06	0
1.24837e+06	0
1.24847e+06	0
1.24857e+06	0
1.24867e+06	0
1.24877e+06	0
1.24887e+06	0
1.24897e+06	0
1.24907e+06	0
1.24917e+06	0
1.24927e+06	0
1.24937e+06	0
1.24947e+06	0
1.24957e+06	0
1.24967e+06	0
1.24977e+06	0
1.24987e+06	0
1.24997e+06	0
1.25007e+06	0
1.25017e+06	0
1.25027e+06	0
1.25037e+06	0
1.25047e+06	0
1.25057e+06	0
1.25067e+06	0
1.25077e+06	0
1.25087e+06	0
1.25097e+06	0
1.25107e+06	0
1.25117e+06	0
1.25127e+06	0
1.25137e+06	0
1.25147e+06	0
1.25157e+06	0
1.25167e+06	0
1.25177e+06	0
1.25187e+06	0
1.25197e+06	0
1.25207e+06	0
1.25217e+06	0
1.25227e+06	0
1.25237e+06	0
1.25247e+06	0
1.25257e+06	0
1.25267e+06	0
1.25277e+06	0
1.25287e+06	0
1.25297e+06	0
1.25307e+06	0
1.25317e+06	0
1.25327e+06	0
1.25337e+06	0
1.25347e+06	0
1.25357e+06	0
1.25367e+06	0
1.25377e+06	0
1.25387e+06	0
1.25397e+06	0
1.25407e+06	0
1.25417e+06	0
1.25427e+06	0
1.25437e+06	0
1.25447e+06	0
1.25457e+06	0
1.25467e+06	0
1.25477e+06	0
1.25487e+06	0
1.25497e+06	0
1.25507e+06	0
1.25517e+06	0
1.25527e+06	0
1.25537e+06	0
1.25547e+06	0
1.25557e+06	0
1.25567e+06	0
1.25577e+06	0
1.25587e+06	0
1.25597e+06	0
1.25607e+06	0
1.25617e+06	0
1.25627e+06	0
1.25637e+06	0
1.25647e+06	0
1.25657e+06	0
1.25667e+06	0
1.25677e+06	0
1.25687e+06	0
1.25697e+06	0
1.25707e+06	0
1.25717e+06	0
1.25727e+06	0
1.25737e+06	0
1.25747e+06	0
1.25757e+06	0
1.25767e+06	0
1.25777e+06	0
1.25787e+06	0
1.25797e+06	0
1.25807e+06	0
1.25817e+06	0
1.25827e+06	0
1.25837e+06	0
1.25847e+06	0
1.25857e+06	0
1.25867e+06	0
1.25877e+06	0
1.25887e+06	0
1.25897e+06	0
1.25907e+06	0
1.25917e+06	0
1.25927e+06	0
1.25937e+06	0
1.25947e+06	0
1.25957e+06	0
1.25967e+06	0
1.25977e+06	0
1.25987e+06	0
1.25997e+06	0
1.26007e+06	0
1.26017e+06	0
1.26027e+06	0
1.26037e+06	0
1.26047e+06	0
1.26057e+06	0
1.26067e+06	0
1.26077e+06	0
1.26087e+06	0
1.26097e+06	0
1.26107e+06	0
1.26117e+06	0
1.26127e+06	0
1.26137e+06	0
1.26147e+06	0
1.26157e+06	0
1.26167e+06	0
1.26177e+06	0
1.26187e+06	0
1.26197e+06	0
1.26207e+06	0
1.26217e+06	0
1.26227e+06	0
1.26237e+06	0
1.26247e+06	0
1.26257e+06	0
1.26267e+06	0
1.26277e+06	0
1.26287e+06	0
1.26297e+06	0
1.26307e+06	0
1.26317e+06	0
1.26327e+06	0
1.26337e+06	0
1.26347e+06	0
1.26357e+06	0
1.26367e+06	0
1.26377e+06	0
1.26387e+06	0
1.26397e+06	0
1.26407e+06	0
1.26417e+06	0
1.26427e+06	0
1.26437e+06	0
1.26447e+06	0
1.26457e+06	0
1.26467e+06	0
1.26477e+06	0
1.26487e+06	0
1.26497e+06	0
1.26507e+06	0
1.26517e+06	0
1.26527e+06	0
1.26537e+06	0
1.26547e+06	0
1.26557e+06	0
1.26567e+06	0
1.26577e+06	0
1.26587e+06	0
1.26597e+06	0
1.26607e+06	0
1.26617e+06	0
1.26627e+06	0
1.26637e+06	0
1.26647e+06	0
1.26657e+06	0
1.26667e+06	0
1.26677e+06	0
1.26687e+06	0
1.26697e+06	0
1.26707e+06	0
1.26717e+06	0
1.26727e+06	0
1.26737e+06	0
1.26747e+06	0
1.26757e+06	0
1.26767e+06	0
1.26777e+06	0
1.26787e+06	0
1.26797e+06	0
1.26807e+06	0
1.26817e+06	0
1.26827e+06	0
1.26837e+06	0
1.26847e+06	0
1.26857e+06	0
1.26867e+06	0
1.26877e+06	0
1.26887e+06	0
1.26897e+06	0
1.26907e+06	0
1.26917e+06	0
1.26927e+06	0
1.26937e+06	0
1.26947e+06	0
1.26957e+06	0
1.26967e+06	0
1.26977e+06	0
1.26987e+06	0
1.26997e+06	0
1.27007e+06	0
1.27017e+06	0
1.27027e+06	0
1.27037e+06	0
1.27047e+06	0
1.27057e+06	0
1.27067e+06	0
1.27077e+06	0
1.27087e+06	0
1.27097e+06	0
1.27107e+06	0
1.27117e+06	0
1.27127e+06	0
1.27137e+06	0
1.27147e+06	0
1.27157e+06	0
1.27167e+06	0
1.27177e+06	0
1.27187e+06	0
1.27197e+06	0
1.27207e+06	0
1.27217e+06	0
1.27227e+06	0
1.27237e+06	0
1.27247e+06	0
1.27257e+06	0
1.27267e+06	0
1.27277e+06	0
1.27287e+06	0
1.27297e+06	0
1.27307e+06	0
1.27317e+06	0
1.27327e+06	0
1.27337e+06	0
1.27347e+06	0
1.27357e+06	0
1.27367e+06	0
1.27377e+06	0
1.27387e+06	0
1.27397e+06	0
1.27407e+06	0
1.27417e+06	0
1.27427e+06	0
1.27437e+06	0
1.27447e+06	0
1.27457e+06	0
1.27467e+06	0
1.27477e+06	0
1.27487e+06	0
1.27497e+06	0
1.27507e+06	0
1.27517e+06	0
1.27527e+06	0
1.27537e+06	0
1.27547e+06	0
1.27557e+06	0
1.27567e+06	0
1.27577e+06	0
1.27587e+06	0
1.27597e+06	0
1.27607e+06	0
1.27617e+06	1.97626e-323
1.27627e+06	1.06718e-321
1.27637e+06	4.9451e-320
1.27647e+06	2.27279e-318
1.27657e+06	1.03418e-316
1.27667e+06	4.65903e-315
1.27677e+06	2.07802e-313
1.27687e+06	9.17615e-312
1.27697e+06	4.0117e-310
1.27707e+06	1.73642e-308
1.27717e+06	7.44108e-307
1.27727e+06	3.15701e-305
1.27737e+06	1.32609e-303
1.27747e+06	5.51474e-302
1.27757e+06	2.27057e-300
1.27767e+06	9.25557e-299
1.27777e+06	3.73532e-297
1.27787e+06	1.49248e-295
1.27797e+06	5.90403e-294
1.27807e+06	2.3123e-292
1.27817e+06	8.96596e-291
1.27827e+06	3.44197e-289
1.27837e+06	1.3082e-287
1.27847e+06	4.92264e-286
1.27857e+06	1.83391e-284
1.27867e+06	6.76421e-283
1.27877e+06	2.47009e-281
1.27887e+06	8.93027e-280
1.27897e+06	3.19649e-278
1.27907e+06	1.13277e-276
1.27917e+06	3.97433e-275
1.27927e+06	1.38052e-273
1.27937e+06	4.74768e-272
1.27947e+06	1.6165e-270
1.27957e+06	5.44913e-269
1.27967e+06	1.8186e-267
1.27977e+06	6.009e-266
1.27987e+06	1.96573e-264
1.27997e+06	6.36656e-263
1.28007e+06	2.04146e-261
1.28017e+06	6.4809e-260
1.28027e+06	2.03698e-258
1.28037e+06	6.33862e-257
1.28047e+06	1.95281e-255
1.28057e+06	5.95637e-254
1.28067e+06	1.79871e-252
1.28077e+06	5.37771e-251
1.28087e+06	1.59181e-249
1.28097e+06	4.66488e-248
1.28107e+06	1.35347e-246
1.28117e+06	3.88788e-245
1.28127e+06	1.10569e-243
1.28137e+06	3.11324e-242
1.28147e+06	8.67858e-241
1.28157e+06	2.3952e-239
1.28167e+06	6.54472e-238
1.28177e+06	1.77051e-236
1.28187e+06	4.742e-235
1.28197e+06	1.25743e-233
1.28207e+06	3.30112e-232
1.28217e+06	8.58017e-231
1.28227e+06	2.20794e-229
1.28237e+06	5.62519e-228
1.28247e+06	1.41887e-226
1.28257e+06	3.54329e-225
1.28267e+06	8.76046e-224
1.28277e+06	2.14439e-222
1.28287e+06	5.19683e-221
1.28297e+06	1.2469e-219
1.28307e+06	2.96196e-218
1.28317e+06	6.96601e-217
1.28327e+06	1.62199e-215
1.28337e+06	3.7391e-214
1.28347e+06	8.53382e-213
1.28357e+06	1.92831e-211
1.28367e+06	4.31388e-210
1.28377e+06	9.55468e-209
1.28387e+06	2.09518e-207
1.28397e+06	4.54866e-206
1.28407e+06	9.77692e-205
1.28417e+06	2.08055e-203
1.28427e+06	4.3834e-202
1.28437e+06	9.14328e-201
1.28447e+06	1.88821e-199
1.28457e+06	3.86059e-198
1.28467e+06	7.81475e-197
1.28477e+06	1.56615e-195
1.28487e+06	3.10748e-194
1.28497e+06	6.10438e-193
1.28507e+06	1.18722e-191
1.28517e+06	2.28601e-190
1.28527e+06	4.35794e-189
1.28537e+06	8.22512e-188
1.28547e+06	1.53695e-186
1.28557e+06	2.84338e-185
1.28567e+06	5.20796e-184
1.28577e+06	9.44401e-183
1.28587e+06	1.69552e-181
1.28597e+06	3.01374e-180
1.28607e+06	5.30354e-179
1.28617e+06	9.24023e-178
1.28627e+06	1.59389e-176
1.28637e+06	2.722e-175
1.28647e+06	4.60232e-174
1.28657e+06	7.70411e-173
1.28667e+06	1.27681e-171
1.28677e+06	2.095e-170
1.28687e+06	3.40331e-169
1.28697e+06	5.47362e-168
1.28707e+06	8.71577e-167
1.28717e+06	1.37402e-165
1.28727e+06	2.14456e-164
1.28737e+06	3.31391e-163
1.28747e+06	5.0699e-162
1.28757e+06	7.67919e-161
1.28767e+06	1.15156e-159
1.28777e+06	1.70969e-158
1.28787e+06	2.51308e-157
1.28797e+06	3.65721e-156
1.28807e+06	5.26928e-155
1.28817e+06	7.5164e-154
1.28827e+06	1.06151e-152
1.28837e+06	1.48422e-151
1.28847e+06	2.0546e-150
1.28857e+06	2.81588e-149
1.28867e+06	3.82083e-148
1.28877e+06	5.13284e-147
1.28887e+06	6.82678e-146
1.28897e+06	8.9894e-145
1.28907e+06	1.17193e-143
1.28917e+06	1.51262e-142
1.28927e+06	1.93293e-141
1.28937e+06	2.44546e-140
1.28947e+06	3.06309e-139
1.28957e+06	3.79855e-138
1.28967e+06	4.66371e-137
1.28977e+06	5.66895e-136
1.28987e+06	6.82231e-135
1.28997e+06	8.12861e-134
1.29007e+06	9.58868e-133
1.29017e+06	1.11985e-131
1.29027e+06	1.29484e-130
1.29037e+06	1.48227e-129
1.29047e+06	1.67996e-128
1.29057e+06	1.88507e-127
1.29067e+06	2.09417e-126
1.29077e+06	2.30331e-125
1.29087e+06	2.50814e-124
1.29097e+06	2.70401e-123
1.29107e+06	2.88616e-122
1.29117e+06	3.04994e-121
1.29127e+06	3.19094e-120
1.29137e+06	3.30523e-119
1.29147e+06	3.38956e-118
1.29157e+06	3.44145e-117
1.29167e+06	3.45937e-116
1.29177e+06	3.44278e-115
1.29187e+06	3.39218e-114
1.29197e+06	3.30906e-113
1.29207e+06	3.19587e-112
1.29217e+06	3.05583e-111
1.29227e+06	2.89286e-110
1.29237e+06	2.71132e-109
1.29247e+06	2.5159e-108
1.29257e+06	2.31133e-107
1.29267e+06	2.10227e-106
1.29277e+06	1.89309e-105
1.29287e+06	1.68776e-104
1.29297e+06	1.48973e-103
1.29307e+06	1.30185e-102
1.29317e+06	1.12635e-101
1.29327e+06	9.64808e-101
1.29337e+06	8.18213e-100
1.29347e+06	6.86987e-99
1.29357e+06	5.71068e-98
1.29367e+06	4.69985e-97
1.29377e+06	3.82946e-96
1.29387e+06	3.08922e-95
1.29397e+06	2.46727e-94
1.29407e+06	1.95092e-93
1.29417e+06	1.52729e-92
1.29427e+06	1.18375e-91
1.29437e+06	9.08357e-91
1.29447e+06	6.90096e-90
1.29457e+06	5.19062e-89
1.29467e+06	3.86533e-88
1.29477e+06	2.84977e-87
1.29487e+06	2.08013e-86
1.29497e+06	1.50324e-85
1.29507e+06	1.07554e-84
1.29517e+06	7.61863e-84
1.29527e+06	5.34301e-83
1.29537e+06	3.70982e-82
1.29547e+06	2.55021e-81
1.29557e+06	1.73563e-80
1.29567e+06	1.16948e-79
1.29577e+06	7.80168e-79
1.29587e+06	5.15276e-78
1.29597e+06	3.36937e-77
1.29607e+06	2.18129e-76
1.29617e+06	1.3981e-75
1.29627e+06	8.87191e-75
1.29637e+06	5.57383e-74
1.29647e+06	3.46695e-73
1.29657e+06	2.135e-72
1.29667e+06	1.30169e-71
1.29677e+06	7.85727e-71
1.29687e+06	4.69563e-70
1.29697e+06	2.77826e-69
1.29707e+06	1.62746e-68
1.29717e+06	9.4385e-68
1.29727e+06	5.41942e-67
1.29737e+06	3.08078e-66
1.29747e+06	1.7339e-65
1.29757e+06	9.66155e-65
1.29767e+06	5.32998e-64
1.29777e+06	2.91113e-63
1.29787e+06	1.57418e-62
1.29797e+06	8.42759e-62
1.29807e+06	4.46694e-61
1.29817e+06	2.34409e-60
1.29827e+06	1.21785e-59
1.29837e+06	6.26431e-59
1.29847e+06	3.19013e-58
1.29857e+06	1.60842e-57
1.29867e+06	8.02878e-57
1.29877e+06	3.96785e-56
1.29887e+06	1.94142e-55
1.29897e+06	9.40457e-55
1.29907e+06	4.51041e-54
1.29917e+06	2.14166e-53
1.29927e+06	1.0068e-52
1.29937e+06	4.68588e-52
1.29947e+06	2.15922e-51
1.29957e+06	9.85052e-51
1.29967e+06	4.44917e-50
1.29977e+06	1.98955e-49
1.29987e+06	8.80825e-49
1.29997e+06	3.86083e-48
1.30007e+06	1.67544e-47
1.30017e+06	7.19835e-47
1.30027e+06	3.06193e-46
1.30037e+06	1.28948e-45
1.30047e+06	5.37639e-45
1.30057e+06	2.21934e-44
1.30067e+06	9.07014e-44
1.30077e+06	3.66996e-43
1.30087e+06	1.47016e-42
1.30097e+06	5.83079e-42
1.30107e+06	2.28953e-41
1.30117e+06	8.90064e-41
1.30127e+06	3.42573e-40
1.30137e+06	1.3054e-39
1.30147e+06	4.92482e-39
1.30157e+06	1.83947e-38
1.30167e+06	6.80228e-38
1.30177e+06	2.49042e-37
1.30187e+06	9.02708e-37
1.30197e+06	3.23951e-36
1.30207e+06	1.15098e-35
1.30217e+06	4.04869e-35
1.30227e+06	1.40999e-34
1.30237e+06	4.86158e-34
1.30247e+06	1.65957e-33
1.30257e+06	5.60879e-33
1.30267e+06	1.87672e-32
1.30277e+06	6.21712e-32
1.30287e+06	2.03908e-31
1.30297e+06	6.62121e-31
1.30307e+06	2.12861e-30
1.30317e+06	6.77506e-30
1.30327e+06	2.13495e-29
1.30337e+06	6.66067e-29
1.30347e+06	2.05734e-28
1.30357e+06	6.29144e-28
1.30367e+06	1.90481e-27
1.30377e+06	5.70967e-27
1.30387e+06	1.69444e-26
1.30397e+06	4.97852e-26
1.30407e+06	1.44821e-25
1.30417e+06	4.17078e-25
1.30427e+06	1.18922e-24
1.30437e+06	3.35709e-24
1.30447e+06	9.38256e-24
1.30457e+06	2.59619e-23
1.30467e+06	7.11229e-23
1.30477e+06	1.92903e-22
1.30487e+06	5.17995e-22
1.30497e+06	1.37711e-21
1.30507e+06	3.62468e-21
1.30517e+06	9.44556e-21
1.30527e+06	2.43693e-20
1.30537e+06	6.22464e-20
1.30547e+06	1.57414e-19
1.30557e+06	3.94121e-19
1.30567e+06	9.76949e-19
1.30577e+06	2.39757e-18
1.30587e+06	5.82545e-18
1.30597e+06	1.40134e-17
1.30607e+06	3.33745e-17
1.30617e+06	7.86942e-17
1.30627e+06	1.83708e-16
1.30637e+06	4.24591e-16
1.30647e+06	9.71561e-16
1.30657e+06	2.20103e-15
1.30667e+06	4.93674e-15
1.30677e+06	1.09625e-14
1.30687e+06	2.41012e-14
1.30697e+06	5.24594e-14
1.30707e+06	1.13049e-13
1.30717e+06	2.41193e-13
1.30727e+06	5.09471e-13
1.30737e+06	1.06545e-12
1.30747e+06	2.20599e-12
1.30757e+06	4.52199e-12
1.30767e+06	9.17728e-12
1.30777e+06	1.84398e-11
1.30787e+06	3.6682e-11
1.30797e+06	7.22451e-11
1.30807e+06	1.40871e-10
1.30817e+06	2.71951e-10
1.30827e+06	5.19777e-10
1.30837e+06	9.83559e-10
1.30847e+06	1.84264e-09
1.30857e+06	3.41774e-09
1.30867e+06	6.27615e-09
1.30877e+06	1.14105e-08
1.30887e+06	2.05387e-08
1.30897e+06	3.66016e-08
1.30907e+06	6.45777e-08
1.30917e+06	1.12803e-07
1.30927e+06	1.95083e-07
1.30937e+06	3.34021e-07
1.30947e+06	5.66219e-07
1.30957e+06	9.50282e-07
1.30967e+06	1.57898e-06
1.30977e+06	2.59753e-06
1.30987e+06	4.23058e-06
1.30997e+06	6.82175e-06
1.31007e+06	1.08905e-05
1.31017e+06	1.72131e-05
1.31027e+06	2.69356e-05
1.31037e+06	4.17303e-05
1.31047e+06	6.40079e-05
1.31057e+06	9.72014e-05
1.31067e+06	0.00014614
1.31077e+06	0.000217531
1.31087e+06	0.000320576
1.31097e+06	0.000467733
1.31107e+06	0.00067565
1.31117e+06	0.00096628
1.31127e+06	0.00136817
1.31137e+06	0.00191794
1.31147e+06	0.00266188
1.31157e+06	0.00365761
1.31167e+06	0.00497581
1.31177e+06	0.00670174
1.31187e+06	0.00893651
1.31197e+06	0.0117979
1.31207e+06	0.0154205
1.31217e+06	0.019955
1.31227e+06	0.0255658
1.31237e+06	0.0324284
1.31247e+06	0.0407238
1.31257e+06	0.0506324
1.31267e+06	0.0623254
1.31277e+06	0.0759555
1.31287e+06	0.0916453
1.31297e+06	0.109476
1.31307e+06	0.129474
1.31317e+06	0.151602
1.31327e+06	0.175746
1.31337e+06	0.201707
1.31347e+06	0.2292
1.31357e+06	0.257848
1.31367e+06	0.287192
1.31377e+06	0.316692
1.31387e+06	0.345747
1.31397e+06	0.373712
1.31407e+06	0.399919
1.31417e+06	0.423706
1.31427e+06	0.444442
1.31437e+06	0.461553
1.31447e+06	0.474554
1.31457e+06	0.483066
1.31467e+06	0.486838
1.31477e+06	0.485757
1.31487e+06	0.479857
1.31497e+06	0.469311
1.31507e+06	0.45443
1.31517e+06	0.435642
1.31527e+06	0.413476
1.31537e+06	0.388533
1.31547e+06	0.361462
1.31557e+06	0.332931
1.31567e+06	0.3036
1.31577e+06	0.274099
1.31587e+06	0.245002
1.31597e+06	0.216815
1.31607e+06	0.189962
1.31617e+06	0.164779
1.31627e+06	0.141511
1.31637e+06	0.12032
1.31647e+06	0.101285
1.31657e+06	0.0844124
1.31667e+06	0.0696507
1.31677e+06	0.0568986
1.31687e+06	0.0460188
1.31697e+06	0.036849
1.31707e+06	0.0292128
1.31717e+06	0.0229286
1.31727e+06	0.0178172
1.31737e+06	0.0137075
1.31747e+06	0.0104408
1.31757e+06	0.00787348
1.31767e+06	0.0058784
1.31777e+06	0.00434524
1.31787e+06	0.00318006
1.31797e+06	0.00230431
1.31807e+06	0.00165335
1.31817e+06	0.00117491
1.31827e+06	0.000827346
1.31837e+06	0.000578049
1.31847e+06	0.00040196
1.31857e+06	0.000280246
1.31867e+06	0.000199218
1.31877e+06	0.000149479
1.31887e+06	0.000125354
1.31897e+06	0.000124592
1.31907e+06	0.000148394
1.31917e+06	0.000201801
1.31927e+06	0.000294505
1.31937e+06	0.000442171
1.31947e+06	0.000668377
1.31957e+06	0.00100731
1.31967e+06	0.00150737
1.31977e+06	0.00223589
1.31987e+06	0.0032851
1.31997e+06	0.00477959
1.32007e+06	0.00688532
1.32017e+06	0.00982039
1.32027e+06	0.0138674
1.32037e+06	0.0193876
1.32047e+06	0.0268354
1.32057e+06	0.0367749
1.32067e+06	0.0498943
1.32077e+06	0.0670206
1.32087e+06	0.0891296
1.32097e+06	0.117353
1.32107e+06	0.152975
1.32117e+06	0.197427
1.32127e+06	0.25226
1.32137e+06	0.319116
1.32147e+06	0.399673
1.32157e+06	0.495585
1.32167e+06	0.608399
1.32177e+06	0.739462
1.32187e+06	0.889816
1.32197e+06	1.06009
1.32207e+06	1.25038
1.32217e+06	1.46015
1.32227e+06	1.68814
1.32237e+06	1.93232
1.32247e+06	2.18981
1.32257e+06	2.45691
1.32267e+06	2.72917
1.32277e+06	3.00144
1.32287e+06	3.26802
1.32297e+06	3.52287
1.32307e+06	3.75981
1.32317e+06	3.97276
1.32327e+06	4.156
1.32337e+06	4.30443
1.32347e+06	4.4138
1.32357e+06	4.48092
1.32367e+06	4.5038
1.32377e+06	4.48175
1.32387e+06	4.41543
1.32397e+06	4.30681
1.32407e+06	4.15907
1.32417e+06	3.97643
1.32427e+06	3.76397
1.32437e+06	3.52742
1.32447e+06	3.27285
1.32457e+06	3.00643
1.32467e+06	2.73422
1.32477e+06	2.46191
1.32487e+06	2.19467
1.32497e+06	1.93696
1.32507e+06	1.69251
1.32517e+06	1.4642
1.32527e+06	1.25408
1.32537e+06	1.06342
1.32547e+06	0.892779
1.32557e+06	0.742061
1.32567e+06	0.61065
1.32577e+06	0.49751
1.32587e+06	0.4013
1.32597e+06	0.320474
1.32607e+06	0.253381
1.32617e+06	0.19834
1.32627e+06	0.153711
1.32637e+06	0.117939
1.32647e+06	0.0895916
1.32657e+06	0.0673804
1.32667e+06	0.0501715
1.32677e+06	0.036986
1.32687e+06	0.0269945
1.32697e+06	0.019506
1.32707e+06	0.0139547
1.32717e+06	0.00988391
1.32727e+06	0.00693098
1.32737e+06	0.0048119
1.32747e+06	0.00330748
1.32757e+06	0.00225078
1.32767e+06	0.00151645
1.32777e+06	0.00101153
1.32787e+06	0.000668014
1.32797e+06	0.000436768
1.32807e+06	0.000282731
1.32817e+06	0.000181197
1.32827e+06	0.000114971
1.32837e+06	7.22239e-05
1.32847e+06	4.49191e-05
1.32857e+06	2.76591e-05
1.32867e+06	1.68618e-05
1.32877e+06	1.01771e-05
1.32887e+06	6.08139e-06
1.32897e+06	3.59781e-06
1.32907e+06	2.10732e-06
1.32917e+06	1.22203e-06
1.32927e+06	7.01596e-07
1.32937e+06	3.98796e-07
1.32947e+06	2.24425e-07
1.32957e+06	1.2504e-07
1.32967e+06	6.89738e-08
1.32977e+06	3.76683e-08
1.32987e+06	2.03669e-08
1.32997e+06	1.09026e-08
1.33007e+06	5.77822e-09
1.33017e+06	3.0319e-09
1.33027e+06	1.57504e-09
1.33037e+06	8.10076e-10
1.33047e+06	4.12494e-10
1.33057e+06	2.07953e-10
1.33067e+06	1.03794e-10
1.33077e+06	5.12901e-11
1.33087e+06	2.5093e-11
1.33097e+06	1.21543e-11
1.33107e+06	5.82859e-12
1.33117e+06	2.76729e-12
1.33127e+06	1.30077e-12
1.33137e+06	6.0535e-13
1.33147e+06	2.78913e-13
1.33157e+06	1.27229e-13
1.33167e+06	5.74597e-14
1.33177e+06	2.56919e-14
1.33187e+06	1.13733e-14
1.33197e+06	4.98464e-15
1.33207e+06	2.16291e-15
1.33217e+06	9.29179e-16
1.33227e+06	3.95201e-16
1.33237e+06	1.66415e-16
1.33247e+06	6.93786e-17
1.33257e+06	2.86362e-17
1.33267e+06	1.1702e-17
1.33277e+06	4.7344e-18
1.33287e+06	1.89638e-18
1.33297e+06	7.52044e-19
1.33307e+06	2.95269e-19
1.33317e+06	1.14776e-19
1.33327e+06	4.41712e-20
1.33337e+06	1.683e-20
1.33347e+06	6.34874e-21
1.33357e+06	2.37109e-21
1.33367e+06	8.76728e-22
1.33377e+06	3.20951e-22
1.33387e+06	1.16324e-22
1.33397e+06	4.17406e-23
1.33407e+06	1.48287e-23
1.33417e+06	5.21562e-24
1.33427e+06	1.81621e-24
1.33437e+06	6.26155e-25
1.33447e+06	2.13725e-25
1.33457e+06	7.22247e-26
1.33467e+06	2.41643e-26
1.33477e+06	8.00421e-27
1.33487e+06	2.62494e-27
1.33497e+06	8.52273e-28
1.33507e+06	2.73965e-28
1.33517e+06	8.71902e-29
1.33527e+06	2.74725e-29
1.33537e+06	8.57008e-30
1.33547e+06	2.64685e-30
1.33557e+06	8.09338e-31
1.33567e+06	2.45012e-31
1.33577e+06	7.3435e-32
1.33587e+06	2.17909e-32
1.33597e+06	6.40184e-33
1.33607e+06	1.86205e-33
1.33617e+06	5.3621e-34
1.33627e+06	1.52875e-34
1.33637e+06	4.31512e-35
1.33647e+06	1.20589e-35
1.33657e+06	3.33641e-36
1.33667e+06	9.1392e-37
1.33677e+06	2.47853e-37
1.33687e+06	6.65483e-38
1.33697e+06	1.76904e-38
1.33707e+06	4.65579e-39
1.33717e+06	1.21313e-39
1.33727e+06	3.12953e-40
1.33737e+06	7.99294e-41
1.33747e+06	2.02112e-41
1.33757e+06	5.05981e-42
1.33767e+06	1.2541e-42
1.33777e+06	3.07744e-43
1.33787e+06	7.47658e-44
1.33797e+06	1.79835e-44
1.33807e+06	4.28254e-45
1.33817e+06	1.00968e-45
1.33827e+06	2.35683e-46
1.33837e+06	5.44661e-47
1.33847e+06	1.24618e-47
1.33857e+06	2.82289e-48
1.33867e+06	6.33089e-49
1.33877e+06	1.4057e-49
1.33887e+06	3.09012e-50
1.33897e+06	6.72537e-51
1.33907e+06	1.44915e-51
1.33917e+06	3.0915e-52
1.33927e+06	6.52953e-53
1.33937e+06	1.36537e-53
1.33947e+06	2.82668e-54
1.33957e+06	5.79376e-55
1.33967e+06	1.17571e-55
1.33977e+06	2.3621e-56
1.33987e+06	4.69843e-57
1.33997e+06	9.25261e-58
1.34007e+06	1.80399e-58
1.34017e+06	3.48224e-59
1.34027e+06	6.6549e-60
1.34037e+06	1.25916e-60
1.34047e+06	2.35873e-61
1.34057e+06	4.37454e-62
1.34067e+06	8.03236e-63
1.34077e+06	1.4602e-63
1.34087e+06	2.62806e-64
1.34097e+06	4.68294e-65
1.34107e+06	8.26147e-66
1.34117e+06	1.44296e-66
1.34127e+06	2.49521e-67
1.34137e+06	4.27186e-68
1.34147e+06	7.24077e-69
1.34157e+06	1.21509e-69
1.34167e+06	2.01879e-70
1.34177e+06	3.3207e-71
1.34187e+06	5.40785e-72
1.34197e+06	8.71921e-73
1.34207e+06	1.39183e-73
1.34217e+06	2.19965e-74
1.34227e+06	3.44174e-75
1.34237e+06	5.33161e-76
1.34247e+06	8.17709e-77
1.34257e+06	1.24194e-77
1.34267e+06	1.88785e-78
1.34277e+06	4.20948e-79
1.34287e+06	9.93844e-79
1.34297e+06	6.28676e-78
1.34307e+06	4.09871e-77
1.34317e+06	2.64802e-76
1.34327e+06	1.69381e-75
1.34337e+06	1.07268e-74
1.34347e+06	6.72563e-74
1.34357e+06	4.17501e-73
1.34367e+06	2.56592e-72
1.34377e+06	1.56131e-71
1.34387e+06	9.40579e-71
1.34397e+06	5.61e-70
1.34407e+06	3.31277e-69
1.34417e+06	1.93679e-68
1.34427e+06	1.12107e-67
1.34437e+06	6.4246e-67
1.34447e+06	3.6452e-66
1.34457e+06	2.04766e-65
1.34467e+06	1.13882e-64
1.34477e+06	6.27073e-64
1.34487e+06	3.41855e-63
1.34497e+06	1.84514e-62
1.34507e+06	9.86005e-62
1.34517e+06	5.21665e-61
1.34527e+06	2.73255e-60
1.34537e+06	1.41713e-59
1.34547e+06	7.27634e-59
1.34557e+06	3.69898e-58
1.34567e+06	1.86172e-57
1.34577e+06	9.27711e-57
1.34587e+06	4.57695e-56
1.34597e+06	2.23565e-55
1.34607e+06	1.08118e-54
1.34617e+06	5.17677e-54
1.34627e+06	2.45406e-53
1.34637e+06	1.15181e-52
1.34647e+06	5.35229e-52
1.34657e+06	2.46245e-51
1.34667e+06	1.12167e-50
1.34677e+06	5.05858e-50
1.34687e+06	2.25872e-49
1.34697e+06	9.98538e-49
1.34707e+06	4.37056e-48
1.34717e+06	1.894e-47
1.34727e+06	8.1263e-47
1.34737e+06	3.45205e-46
1.34747e+06	1.45189e-45
1.34757e+06	6.0459e-45
1.34767e+06	2.49266e-44
1.34777e+06	1.01751e-43
1.34787e+06	4.11231e-43
1.34797e+06	1.64554e-42
1.34807e+06	6.5194e-42
1.34817e+06	2.5573e-41
1.34827e+06	9.93192e-41
1.34837e+06	3.81911e-40
1.34847e+06	1.45401e-39
1.34857e+06	5.48093e-39
1.34867e+06	2.0456e-38
1.34877e+06	7.55903e-38
1.34887e+06	2.76563e-37
1.34897e+06	1.00185e-36
1.34907e+06	3.59333e-36
1.34917e+06	1.27607e-35
1.34927e+06	4.4868e-35
1.34937e+06	1.56201e-34
1.34947e+06	5.38419e-34
1.34957e+06	1.83757e-33
1.34967e+06	6.20952e-33
1.34977e+06	2.0776e-32
1.34987e+06	6.88267e-32
1.34997e+06	2.25759e-31
1.35007e+06	7.33209e-31
1.35017e+06	2.35779e-30
1.35027e+06	7.50723e-30
1.35037e+06	2.36675e-29
1.35047e+06	7.38795e-29
1.35057e+06	2.28348e-28
1.35067e+06	6.9883e-28
1.35077e+06	2.11763e-27
1.35087e+06	6.35381e-27
1.35097e+06	1.88767e-26
1.35107e+06	5.55297e-26
1.35117e+06	1.61747e-25
1.35127e+06	4.66506e-25
1.35137e+06	1.33227e-24
1.35147e+06	3.76742e-24
1.35157e+06	1.0549e-23
1.35167e+06	2.92482e-23
1.35177e+06	8.02986e-23
1.35187e+06	2.18293e-22
1.35197e+06	5.87619e-22
1.35207e+06	1.56632e-21
1.35217e+06	4.13421e-21
1.35227e+06	1.08053e-20
1.35237e+06	2.79649e-20
1.35247e+06	7.16681e-20
1.35257e+06	1.81876e-19
1.35267e+06	4.57053e-19
1.35277e+06	1.13736e-18
1.35287e+06	2.8027e-18
1.35297e+06	6.83911e-18
1.35307e+06	1.65262e-17
1.35317e+06	3.95454e-17
1.35327e+06	9.37074e-17
1.35337e+06	2.19891e-16
1.35347e+06	5.10976e-16
1.35357e+06	1.17586e-15
1.35367e+06	2.67961e-15
1.35377e+06	6.04719e-15
1.35387e+06	1.35146e-14
1.35397e+06	2.99107e-14
1.35407e+06	6.55573e-14
1.35417e+06	1.42295e-13
1.35427e+06	3.05871e-13
1.35437e+06	6.51128e-13
1.35447e+06	1.3727e-12
1.35457e+06	2.86597e-12
1.35467e+06	5.9259e-12
1.35477e+06	1.21346e-11
1.35487e+06	2.46087e-11
1.35497e+06	4.94248e-11
1.35507e+06	9.83099e-11
1.35517e+06	1.93663e-10
1.35527e+06	3.7783e-10
1.35537e+06	7.30041e-10
1.35547e+06	1.39701e-09
1.35557e+06	2.64765e-09
1.35567e+06	4.96965e-09
1.35577e+06	9.23847e-09
1.35587e+06	1.70092e-08
1.35597e+06	3.10155e-08
1.35607e+06	5.60127e-08
1.35617e+06	1.00186e-07
1.35627e+06	1.77477e-07
1.35637e+06	3.11383e-07
1.35647e+06	5.41081e-07
1.35657e+06	9.3121e-07
1.35667e+06	1.58727e-06
1.35677e+06	2.67962e-06
1.35687e+06	4.48036e-06
1.35697e+06	7.41946e-06
1.35707e+06	1.21689e-05
1.35717e+06	1.97674e-05
1.35727e+06	3.18029e-05
1.35737e+06	5.06762e-05
1.35747e+06	7.99759e-05
1.35757e+06	0.000125007
1.35767e+06	0.000193519
1.35777e+06	0.00029671
1.35787e+06	0.000450565
1.35797e+06	0.000677638
1.35807e+06	0.00100937
1.35817e+06	0.00148909
1.35827e+06	0.0021757
1.35837e+06	0.0031484
1.35847e+06	0.00451221
1.35857e+06	0.00640468
1.35867e+06	0.00900349
1.35877e+06	0.0125351
1.35887e+06	0.0172842
1.35897e+06	0.0236032
1.35907e+06	0.0319221
1.35917e+06	0.0427572
1.35927e+06	0.0567182
1.35937e+06	0.0745123
1.35947e+06	0.0969447
1.35957e+06	0.124913
1.35967e+06	0.159397
1.35977e+06	0.201435
1.35987e+06	0.252099
1.35997e+06	0.312455
1.36007e+06	0.383513
1.36017e+06	0.466174
1.36027e+06	0.561162
1.36037e+06	0.668956
1.36047e+06	0.789723
1.36057e+06	0.923245
1.36067e+06	1.06886
1.36077e+06	1.22543
1.36087e+06	1.39126
1.36097e+06	1.56419
1.36107e+06	1.74148
1.36117e+06	1.92
1.36127e+06	2.0962
1.36137e+06	2.26626
1.36147e+06	2.42623
1.36157e+06	2.57215
1.36167e+06	2.70023
1.36177e+06	2.80701
1.36187e+06	2.88953
1.36197e+06	2.94543
1.36207e+06	2.97309
1.36217e+06	2.97174
1.36227e+06	2.94145
1.36237e+06	2.88317
1.36247e+06	2.79867
1.36257e+06	2.6905
1.36267e+06	2.56185
1.36277e+06	2.41647
1.36287e+06	2.25848
1.36297e+06	2.09223
1.36307e+06	1.92222
1.36317e+06	1.75292
1.36327e+06	1.58866
1.36337e+06	1.43361
1.36347e+06	1.29168
1.36357e+06	1.16653
1.36367e+06	1.06155
1.36377e+06	0.979916
1.36387e+06	0.924573
1.36397e+06	0.898309
1.36407e+06	0.903765
1.36417e+06	0.943444
1.36427e+06	1.0197
1.36437e+06	1.13468
1.36447e+06	1.29025
1.36457e+06	1.4879
1.36467e+06	1.72858
1.36477e+06	2.0125
1.36487e+06	2.33904
1.36497e+06	2.70648
1.36507e+06	3.11188
1.36517e+06	3.55096
1.36527e+06	4.01802
1.36537e+06	4.5059
1.36547e+06	5.0061
1.36557e+06	5.50887
1.36567e+06	6.00351
1.36577e+06	6.47865
1.36587e+06	6.92265
1.36597e+06	7.32404
1.36607e+06	7.67199
1.36617e+06	7.95675
1.36627e+06	8.17015
1.36637e+06	8.30592
1.36647e+06	8.35999
1.36657e+06	8.33074
1.36667e+06	8.21902
1.36677e+06	8.02813
1.36687e+06	7.76366
1.36697e+06	7.43321
1.36707e+06	7.04601
1.36717e+06	6.61254
1.36727e+06	6.14398
1.36737e+06	5.65183
1.36747e+06	5.14737
1.36757e+06	4.6413
1.36767e+06	4.14336
1.36777e+06	3.66204
1.36787e+06	3.20446
1.36797e+06	2.77617
1.36807e+06	2.38124
1.36817e+06	2.02222
1.36827e+06	1.70033
1.36837e+06	1.41555
1.36847e+06	1.16689
1.36857e+06	0.952531
1.36867e+06	0.770074
1.36877e+06	0.616713
1.36887e+06	0.489425
1.36897e+06	0.385118
1.36907e+06	0.300757
1.36917e+06	0.233461
1.36927e+06	0.180568
1.36937e+06	0.139679
1.36947e+06	0.108677
1.36957e+06	0.0857311
1.36967e+06	0.069283
1.36977e+06	0.0580278
1.36987e+06	0.050886
1.36997e+06	0.0469735
1.37007e+06	0.0455705
1.37017e+06	0.0460926
1.37027e+06	0.0480631
1.37037e+06	0.0510898
1.37047e+06	0.0548456
1.37057e+06	0.0590526
1.37067e+06	0.0634705
1.37077e+06	0.0678886
1.37087e+06	0.0721207
1.37097e+06	0.0760024
1.37107e+06	0.0793907
1.37117e+06	0.0821645
1.37127e+06	0.0842264
1.37137e+06	0.0855039
1.37147e+06	0.0859512
1.37157e+06	0.0855496
1.37167e+06	0.0843077
1.37177e+06	0.0822602
1.37187e+06	0.0794655
1.37197e+06	0.076003
1.37207e+06	0.0719686
1.37217e+06	0.0674707
1.37227e+06	0.0626246
1.37237e+06	0.0575484
1.37247e+06	0.0523575
1.37257e+06	0.0471608
1.37267e+06	0.0420573
1.37277e+06	0.0371329
1.37287e+06	0.0324589
1.37297e+06	0.0280908
1.37307e+06	0.0240687
1.37317e+06	0.0204173
1.37327e+06	0.0171475
1.37337e+06	0.0142581
1.37347e+06	0.0117376
1.37357e+06	0.00956647
1.37367e+06	0.00771939
1.37377e+06	0.00616695
1.37387e+06	0.00487771
1.37397e+06	0.0038196
1.37407e+06	0.00296126
1.37417e+06	0.00227297
1.37427e+06	0.00172729
1.37437e+06	0.00129956
1.37447e+06	0.00096802
1.37457e+06	0.000713885
1.37467e+06	0.000521231
1.37477e+06	0.000376781
1.37487e+06	0.000269652
1.37497e+06	0.000191063
1.37507e+06	0.000134031
1.37517e+06	9.30879e-05
1.37527e+06	6.40084e-05
1.37537e+06	4.3575e-05
1.37547e+06	2.93694e-05
1.37557e+06	1.9598e-05
1.37567e+06	1.29474e-05
1.37577e+06	8.4686e-06
1.37587e+06	5.48401e-06
1.37597e+06	3.51594e-06
1.37607e+06	2.23173e-06
1.37617e+06	1.40249e-06
1.37627e+06	8.72596e-07
1.37637e+06	5.37507e-07
1.37647e+06	3.27803e-07
1.37657e+06	1.97924e-07
1.37667e+06	1.18315e-07
1.37677e+06	7.0023e-08
1.37687e+06	4.10296e-08
1.37697e+06	2.38019e-08
1.37707e+06	1.36704e-08
1.37717e+06	7.77338e-09
1.37727e+06	4.37617e-09
1.37737e+06	2.43914e-09
1.37747e+06	1.34597e-09
1.37757e+06	7.35346e-10
1.37767e+06	3.97745e-10
1.37777e+06	2.12998e-10
1.37787e+06	1.12928e-10
1.37797e+06	5.9277e-11
1.37807e+06	3.08055e-11
1.37817e+06	1.58499e-11
1.37827e+06	8.07387e-12
1.37837e+06	4.07187e-12
1.37847e+06	2.03312e-12
1.37857e+06	1.00506e-12
1.37867e+06	4.91897e-13
1.37877e+06	2.3835e-13
1.37887e+06	1.14344e-13
1.37897e+06	5.43085e-14
1.37907e+06	2.55376e-14
1.37917e+06	1.18891e-14
1.37927e+06	5.47992e-15
1.37937e+06	2.50068e-15
1.37947e+06	1.12979e-15
1.37957e+06	5.05353e-16
1.37967e+06	2.23794e-16
1.37977e+06	9.81206e-17
1.37987e+06	4.2592e-17
1.37997e+06	1.83043e-17
1.38007e+06	7.78819e-18
1.38017e+06	3.28077e-18
1.38027e+06	1.36827e-18
1.38037e+06	5.64971e-19
1.38047e+06	2.3096e-19
1.38057e+06	9.34769e-20
1.38067e+06	3.74567e-20
1.38077e+06	1.48597e-20
1.38087e+06	5.83647e-21
1.38097e+06	2.26958e-21
1.38107e+06	8.73774e-22
1.38117e+06	3.3305e-22
1.38127e+06	1.25683e-22
1.38137e+06	4.6957e-23
1.38147e+06	1.73693e-23
1.38157e+06	6.36092e-24
1.38167e+06	2.3063e-24
1.38177e+06	8.2788e-25
1.38187e+06	2.94223e-25
1.38197e+06	1.03525e-25
1.38207e+06	3.60634e-26
1.38217e+06	1.24379e-26
1.38227e+06	4.24703e-27
1.38237e+06	1.43575e-27
1.38247e+06	4.80542e-28
1.38257e+06	1.59236e-28
1.38267e+06	5.22404e-29
1.38277e+06	1.69679e-29
1.38287e+06	5.45644e-30
1.38297e+06	1.73719e-30
1.38307e+06	5.47571e-31
1.38317e+06	1.7088e-31
1.38327e+06	5.27959e-32
1.38337e+06	1.61497e-32
1.38347e+06	4.89089e-33
1.38357e+06	1.46645e-33
1.38367e+06	4.35315e-34
1.38377e+06	1.27937e-34
1.38387e+06	3.72261e-35
1.38397e+06	1.0724e-35
1.38407e+06	3.05858e-36
1.38417e+06	8.63657e-37
1.38427e+06	2.41446e-37
1.38437e+06	6.68276e-38
1.38447e+06	1.83125e-38
1.38457e+06	4.9682e-39
1.38467e+06	1.33446e-39
1.38477e+06	3.5487e-40
1.38487e+06	9.3431e-41
1.38497e+06	2.43539e-41
1.38507e+06	6.28498e-42
1.38517e+06	1.60582e-42
1.38527e+06	4.06205e-43
1.38537e+06	1.01731e-43
1.38547e+06	2.52241e-44
1.38557e+06	6.19207e-45
1.38567e+06	1.50492e-45
1.38577e+06	3.62116e-46
1.38587e+06	8.6266e-47
1.38597e+06	2.03464e-47
1.38607e+06	4.7511e-48
1.38617e+06	1.09839e-48
1.38627e+06	2.51407e-49
1.38637e+06	5.6971e-50
1.38647e+06	1.27817e-50
1.38657e+06	2.83909e-51
1.38667e+06	6.24348e-52
1.38677e+06	1.35935e-52
1.38687e+06	2.93018e-53
1.38697e+06	6.25336e-54
1.38707e+06	1.32127e-54
1.38717e+06	2.76391e-55
1.38727e+06	5.72419e-56
1.38737e+06	1.17371e-56
1.38747e+06	2.38269e-57
1.38757e+06	4.78911e-58
1.38767e+06	9.54525e-59
1.38777e+06	1.96453e-59
1.38787e+06	8.29373e-60
1.38797e+06	2.50464e-59
1.38807e+06	1.26749e-58
1.38817e+06	6.52119e-58
1.38827e+06	3.32504e-57
1.38837e+06	1.67857e-56
1.38847e+06	8.38957e-56
1.38857e+06	4.15142e-55
1.38867e+06	2.03382e-54
1.38877e+06	9.86468e-54
1.38887e+06	4.73709e-53
1.38897e+06	2.25215e-52
1.38907e+06	1.06009e-51
1.38917e+06	4.94016e-51
1.38927e+06	2.27928e-50
1.38937e+06	1.04115e-49
1.38947e+06	4.70851e-49
1.38957e+06	2.1082e-48
1.38967e+06	9.3454e-48
1.38977e+06	4.10148e-47
1.38987e+06	1.78213e-46
1.38997e+06	7.66651e-46
1.39007e+06	3.26521e-45
1.39017e+06	1.37684e-44
1.39027e+06	5.74793e-44
1.39037e+06	2.37573e-43
1.39047e+06	9.72163e-43
1.39057e+06	3.93857e-42
1.39067e+06	1.57978e-41
1.39077e+06	6.2735e-41
1.39087e+06	2.4665e-40
1.39097e+06	9.60084e-40
1.39107e+06	3.69994e-39
1.39117e+06	1.41168e-38
1.39127e+06	5.33257e-38
1.39137e+06	1.99431e-37
1.39147e+06	7.38427e-37
1.39157e+06	2.70694e-36
1.39167e+06	9.82442e-36
1.39177e+06	3.53014e-35
1.39187e+06	1.25584e-34
1.39197e+06	4.42318e-34
1.39207e+06	1.54238e-33
1.39217e+06	5.32483e-33
1.39227e+06	1.82002e-32
1.39237e+06	6.15893e-32
1.39247e+06	2.06343e-31
1.39257e+06	6.84437e-31
1.39267e+06	2.24767e-30
1.39277e+06	7.30786e-30
1.39287e+06	2.35236e-29
1.39297e+06	7.4968e-29
1.39307e+06	2.3654e-28
1.39317e+06	7.38908e-28
1.39327e+06	2.28525e-27
1.39337e+06	6.99735e-27
1.39347e+06	2.12125e-26
1.39357e+06	6.36657e-26
1.39367e+06	1.89181e-25
1.39377e+06	5.56553e-25
1.39387e+06	1.62104e-24
1.39397e+06	4.67451e-24
1.39407e+06	1.33456e-23
1.39417e+06	3.7722e-23
1.39427e+06	1.05562e-22
1.39437e+06	2.9247e-22
1.39447e+06	8.02253e-22
1.39457e+06	2.1787e-21
1.39467e+06	5.8579e-21
1.39477e+06	1.55935e-20
1.39487e+06	4.10962e-20
1.39497e+06	1.0723e-19
1.39507e+06	2.77007e-19
1.39517e+06	7.08469e-19
1.39527e+06	1.79394e-18
1.39537e+06	4.49731e-18
1.39547e+06	1.11623e-17
1.39557e+06	2.74293e-17
1.39567e+06	6.67315e-17
1.39577e+06	1.60733e-16
1.39587e+06	3.83298e-16
1.39597e+06	9.04951e-16
1.39607e+06	2.11529e-15
1.39617e+06	4.89524e-15
1.39627e+06	1.12159e-14
1.39637e+06	2.54421e-14
1.39647e+06	5.71383e-14
1.39657e+06	1.27046e-13
1.39667e+06	2.79672e-13
1.39677e+06	6.09532e-13
1.39687e+06	1.31523e-12
1.39697e+06	2.80972e-12
1.39707e+06	5.94268e-12
1.39717e+06	1.2444e-11
1.39727e+06	2.57984e-11
1.39737e+06	5.29523e-11
1.39747e+06	1.07605e-10
1.39757e+06	2.16491e-10
1.39767e+06	4.31224e-10
1.39777e+06	8.50402e-10
1.39787e+06	1.66036e-09
1.39797e+06	3.20951e-09
1.39807e+06	6.14232e-09
1.39817e+06	1.16381e-08
1.39827e+06	2.18319e-08
1.39837e+06	4.05469e-08
1.39847e+06	7.45557e-08
1.39857e+06	1.35726e-07
1.39867e+06	2.44624e-07
1.39877e+06	4.36512e-07
1.39887e+06	7.71168e-07
1.39897e+06	1.34884e-06
1.39907e+06	2.33576e-06
1.39917e+06	4.00456e-06
1.39927e+06	6.79733e-06
1.39937e+06	1.1423e-05
1.39947e+06	1.90054e-05
1.39957e+06	3.13065e-05
1.39967e+06	5.10562e-05
1.39977e+06	8.24366e-05
1.39987e+06	0.00013178
1.39997e+06	0.000208563
1.40007e+06	0.000326799
1.40017e+06	0.000506971
1.40027e+06	0.000778652
1.40037e+06	0.00118403
1.40047e+06	0.00178253
1.40057e+06	0.00265687
1.40067e+06	0.00392068
1.40077e+06	0.00572809
1.40087e+06	0.00828546
1.40097e+06	0.0118654
1.40107e+06	0.016823
1.40117e+06	0.0236148
1.40127e+06	0.0328187
1.40137e+06	0.0451562
1.40147e+06	0.0615136
1.40157e+06	0.0829627
1.40167e+06	0.110778
1.40177e+06	0.146447
1.40187e+06	0.191675
1.40197e+06	0.248376
1.40207e+06	0.318648
1.40217e+06	0.404735
1.40227e+06	0.508965
1.40237e+06	0.633671
1.40247e+06	0.781085
1.40257e+06	0.953214
1.40267e+06	1.1517
1.40277e+06	1.37768
1.40287e+06	1.63161
1.40297e+06	1.91311
1.40307e+06	2.22087
1.40317e+06	2.5525
1.40327e+06	2.90446
1.40337e+06	3.27208
1.40347e+06	3.64956
1.40357e+06	4.03009
1.40367e+06	4.40604
1.40377e+06	4.76915
1.40387e+06	5.11083
1.40397e+06	5.42252
1.40407e+06	5.69598
1.40417e+06	5.92373
1.40427e+06	6.09931
1.40437e+06	6.21764
1.40447e+06	6.27522
1.40457e+06	6.27035
1.40467e+06	6.20318
1.40477e+06	6.0757
1.40487e+06	5.89167
1.40497e+06	5.65641
1.40507e+06	5.37656
1.40517e+06	5.05977
1.40527e+06	4.71432
1.40537e+06	4.34884
1.40547e+06	3.97185
1.40557e+06	3.59156
1.40567e+06	3.21548
1.40577e+06	2.85027
1.40587e+06	2.50156
1.40597e+06	2.17385
1.40607e+06	1.87049
1.40617e+06	1.59368
1.40627e+06	1.3446
1.40637e+06	1.12347
1.40647e+06	0.929697
1.40657e+06	0.762067
1.40667e+06	0.618853
1.40677e+06	0.497995
1.40687e+06	0.397225
1.40697e+06	0.314194
1.40707e+06	0.246572
1.40717e+06	0.192124
1.40727e+06	0.148767
1.40737e+06	0.114614
1.40747e+06	0.0879858
1.40757e+06	0.0674263
1.40767e+06	0.0516926
1.40777e+06	0.0397448
1.40787e+06	0.030728
1.40797e+06	0.0239511
1.40807e+06	0.0188649
1.40817e+06	0.0150402
1.40827e+06	0.0121468
1.40837e+06	0.00993532
1.40847e+06	0.00822027
1.40857e+06	0.00686605
1.40867e+06	0.0057752
1.40877e+06	0.00487877
1.40887e+06	0.00412872
1.40897e+06	0.00349192
1.40907e+06	0.00294564
1.40917e+06	0.0024742
1.40927e+06	0.00206657
1.40937e+06	0.00171461
1.40947e+06	0.00141198
1.40957e+06	0.00115338
1.40967e+06	0.000934128
1.40977e+06	0.000749882
1.40987e+06	0.000596571
1.40997e+06	0.00047034
1.41007e+06	0.000367572
1.41017e+06	0.000284922
1.41027e+06	0.000219352
1.41037e+06	0.000168166
1.41047e+06	0.000129029
1.41057e+06	9.99854e-05
1.41067e+06	7.94586e-05
1.41077e+06	6.62509e-05
1.41087e+06	5.9536e-05
1.41097e+06	5.88506e-05
1.41107e+06	6.40852e-05
1.41117e+06	7.54753e-05
1.41127e+06	9.35927e-05
1.41137e+06	0.000119336
1.41147e+06	0.00015392
1.41157e+06	0.000198854
1.41167e+06	0.000255922
1.41177e+06	0.000327139
1.41187e+06	0.000414702
1.41197e+06	0.000520918
1.41207e+06	0.000648114
1.41217e+06	0.000798526
1.41227e+06	0.00097417
1.41237e+06	0.00117669
1.41247e+06	0.00140722
1.41257e+06	0.0016662
1.41267e+06	0.00195322
1.41277e+06	0.0022669
1.41287e+06	0.0026048
1.41297e+06	0.00296327
1.41307e+06	0.00333755
1.41317e+06	0.00372169
1.41327e+06	0.00410875
1.41337e+06	0.00449094
1.41347e+06	0.00485983
1.41357e+06	0.00520669
1.41367e+06	0.00552281
1.41377e+06	0.00579983
1.41387e+06	0.00603014
1.41397e+06	0.00620721
1.41407e+06	0.00632591
1.41417e+06	0.00638273
1.41427e+06	0.00637598
1.41437e+06	0.00630586
1.41447e+06	0.00617446
1.41457e+06	0.00598564
1.41467e+06	0.00574486
1.41477e+06	0.0054589
1.41487e+06	0.00513556
1.41497e+06	0.0047833
1.41507e+06	0.00441087
1.41517e+06	0.00402697
1.41527e+06	0.0036399
1.41537e+06	0.0032573
1.41547e+06	0.00288591
1.41557e+06	0.00253142
1.41567e+06	0.00219839
1.41577e+06	0.00189017
1.41587e+06	0.00160899
1.41597e+06	0.00135601
1.41607e+06	0.00113144
1.41617e+06	0.000934666
1.41627e+06	0.00076443
1.41637e+06	0.00061898
1.41647e+06	0.000496218
1.41657e+06	0.000393845
1.41667e+06	0.000309481
1.41677e+06	0.000240769
1.41687e+06	0.000185449
1.41697e+06	0.000141419
1.41707e+06	0.000106769
1.41717e+06	7.98067e-05
1.41727e+06	5.90597e-05
1.41737e+06	4.32714e-05
1.41747e+06	3.13882e-05
1.41757e+06	2.25419e-05
1.41767e+06	1.60277e-05
1.41777e+06	1.12826e-05
1.41787e+06	7.86325e-06
1.41797e+06	5.42568e-06
1.41807e+06	3.70649e-06
1.41817e+06	2.50685e-06
1.41827e+06	1.67861e-06
1.41837e+06	1.11283e-06
1.41847e+06	7.30411e-07
1.41857e+06	4.74636e-07
1.41867e+06	3.0536e-07
1.41877e+06	1.945e-07
1.41887e+06	1.22655e-07
1.41897e+06	7.65785e-08
1.41907e+06	4.73354e-08
1.41917e+06	2.89682e-08
1.41927e+06	1.75515e-08
1.41937e+06	1.05285e-08
1.41947e+06	6.25278e-09
1.41957e+06	3.67652e-09
1.41967e+06	2.14022e-09
1.41977e+06	1.23349e-09
1.41987e+06	7.03838e-10
1.41997e+06	3.97618e-10
1.42007e+06	2.2239e-10
1.42017e+06	1.23146e-10
1.42027e+06	6.75127e-11
1.42037e+06	3.66443e-11
1.42047e+06	1.96918e-11
1.42057e+06	1.04766e-11
1.42067e+06	5.51838e-12
1.42077e+06	2.8778e-12
1.42087e+06	1.48582e-12
1.42097e+06	7.59503e-13
1.42107e+06	3.8437e-13
1.42117e+06	1.92587e-13
1.42127e+06	9.55348e-14
1.42137e+06	4.69194e-14
1.42147e+06	2.2814e-14
1.42157e+06	1.09826e-14
1.42167e+06	5.23443e-15
1.42177e+06	2.46995e-15
1.42187e+06	1.15389e-15
1.42197e+06	5.33702e-16
1.42207e+06	2.44394e-16
1.42217e+06	1.10799e-16
1.42227e+06	4.97328e-17
1.42237e+06	2.21006e-17
1.42247e+06	9.72352e-18
1.42257e+06	4.23545e-18
1.42267e+06	1.82655e-18
1.42277e+06	7.79871e-19
1.42287e+06	3.29663e-19
1.42297e+06	1.37967e-19
1.42307e+06	5.71657e-20
1.42317e+06	2.34506e-20
1.42327e+06	9.52422e-21
1.42337e+06	3.82968e-21
1.42347e+06	1.52458e-21
1.42357e+06	6.00894e-22
1.42367e+06	2.34478e-22
1.42377e+06	9.05863e-23
1.42387e+06	3.46482e-23
1.42397e+06	1.31206e-23
1.42407e+06	4.91911e-24
1.42417e+06	1.82589e-24
1.42427e+06	6.70999e-25
1.42437e+06	2.44132e-25
1.42447e+06	8.79397e-26
1.42457e+06	3.13619e-26
1.42467e+06	1.10733e-26
1.42477e+06	3.87086e-27
1.42487e+06	1.33966e-27
1.42497e+06	4.5903e-28
1.42507e+06	1.5572e-28
1.42517e+06	5.23002e-29
1.42527e+06	1.73908e-29
1.42537e+06	5.72523e-30
1.42547e+06	1.86605e-30
1.42557e+06	6.02159e-31
1.42567e+06	1.92378e-31
1.42577e+06	6.08497e-32
1.42587e+06	1.90554e-32
1.42597e+06	5.9079e-33
1.42607e+06	1.81345e-33
1.42617e+06	5.51107e-34
1.42627e+06	1.65815e-34
1.42637e+06	4.93932e-35
1.42647e+06	1.45669e-35
1.42657e+06	4.25331e-36
1.42667e+06	1.22954e-36
1.42677e+06	3.51896e-37
1.42687e+06	9.97111e-38
1.42697e+06	2.79724e-38
1.42707e+06	7.76915e-39
1.42717e+06	2.13636e-39
1.42727e+06	5.8161e-40
1.42737e+06	1.56764e-40
1.42747e+06	4.18329e-41
1.42757e+06	1.10522e-41
1.42767e+06	2.8909e-42
1.42777e+06	7.48645e-43
1.42787e+06	1.91945e-43
1.42797e+06	4.87229e-44
1.42807e+06	1.22447e-44
1.42817e+06	3.04662e-45
1.42827e+06	7.50492e-46
1.42837e+06	1.83034e-46
1.42847e+06	4.41951e-47
1.42857e+06	1.05651e-47
1.42867e+06	2.50052e-48
1.42877e+06	5.85926e-49
1.42887e+06	1.35929e-49
1.42897e+06	3.12206e-50
1.42907e+06	7.09947e-51
1.42917e+06	1.59833e-51
1.42927e+06	3.56259e-52
1.42937e+06	7.8618e-53
1.42947e+06	1.71765e-53
1.42957e+06	3.71539e-54
1.42967e+06	7.95667e-55
1.42977e+06	1.687e-55
1.42987e+06	3.54125e-56
1.42997e+06	7.35961e-57
1.43007e+06	1.51429e-57
1.43017e+06	3.08477e-58
1.43027e+06	6.22145e-59
1.43037e+06	1.24228e-59
1.43047e+06	2.45585e-60
1.43057e+06	4.80664e-61
1.43067e+06	9.31406e-62
1.43077e+06	1.78687e-62
1.43087e+06	3.39395e-63
1.43097e+06	6.38225e-64
1.43107e+06	1.18823e-64
1.43117e+06	2.19019e-65
1.43127e+06	3.99689e-66
1.43137e+06	7.22137e-67
1.43147e+06	1.29173e-67
1.43157e+06	2.28762e-68
1.43167e+06	4.011e-69
1.43177e+06	6.9627e-70
1.43187e+06	1.19663e-70
1.43197e+06	2.0361e-71
1.43207e+06	3.43001e-72
1.43217e+06	5.72069e-73
1.43227e+06	9.44624e-74
1.43237e+06	1.54428e-74
1.43247e+06	2.49949e-75
1.43257e+06	4.00528e-76
1.43267e+06	6.35435e-77
1.43277e+06	9.98083e-78
1.43287e+06	1.5521e-78
1.43297e+06	2.38962e-79
1.43307e+06	3.64247e-80
1.43317e+06	5.49693e-81
1.43327e+06	8.21298e-82
1.43337e+06	1.2149e-82
1.43347e+06	1.77924e-83
1.43357e+06	2.5798e-84
1.43367e+06	3.70335e-85
1.43377e+06	5.26334e-86
1.43387e+06	7.40602e-87
1.43397e+06	1.03173e-87
1.43407e+06	1.42299e-88
1.43417e+06	1.94311e-89
1.43427e+06	2.62693e-90
1.43437e+06	3.51648e-91
1.43447e+06	4.69203e-92
1.43457e+06	8.65244e-93
1.43467e+06	2.03153e-92
1.43477e+06	1.48667e-91
1.43487e+06	1.1194e-90
1.43497e+06	8.35023e-90
1.43507e+06	6.16702e-89
1.43517e+06	4.50931e-88
1.43527e+06	3.26438e-87
1.43537e+06	2.33964e-86
1.43547e+06	1.66018e-85
1.43557e+06	1.16632e-84
1.43567e+06	8.11216e-84
1.43577e+06	5.58616e-83
1.43587e+06	3.80844e-82
1.43597e+06	2.57062e-81
1.43607e+06	1.71785e-80
1.43617e+06	1.13655e-79
1.43627e+06	7.44477e-79
1.43637e+06	4.82804e-78
1.43647e+06	3.09989e-77
1.43657e+06	1.97051e-76
1.43667e+06	1.24014e-75
1.43677e+06	7.7271e-75
1.43687e+06	4.76673e-74
1.43697e+06	2.91126e-73
1.43707e+06	1.76035e-72
1.43717e+06	1.05384e-71
1.43727e+06	6.24608e-71
1.43737e+06	3.66519e-70
1.43747e+06	2.12933e-69
1.43757e+06	1.22475e-68
1.43767e+06	6.97441e-68
1.43777e+06	3.93211e-67
1.43787e+06	2.19482e-66
1.43797e+06	1.21292e-65
1.43807e+06	6.63621e-65
1.43817e+06	3.59473e-64
1.43827e+06	1.92783e-63
1.43837e+06	1.0236e-62
1.43847e+06	5.38079e-62
1.43857e+06	2.8004e-61
1.43867e+06	1.44295e-60
1.43877e+06	7.36104e-60
1.43887e+06	3.71779e-59
1.43897e+06	1.85903e-58
1.43907e+06	9.20336e-58
1.43917e+06	4.51089e-57
1.43927e+06	2.18895e-56
1.43937e+06	1.05164e-55
1.43947e+06	5.00212e-55
1.43957e+06	2.35559e-54
1.43967e+06	1.09825e-53
1.43977e+06	5.06943e-53
1.43987e+06	2.31673e-52
1.43997e+06	1.04821e-51
1.44007e+06	4.69546e-51
1.44017e+06	2.0824e-50
1.44027e+06	9.14342e-50
1.44037e+06	3.97475e-49
1.44047e+06	1.71068e-48
1.44057e+06	7.28925e-48
1.44067e+06	3.07507e-47
1.44077e+06	1.28435e-46
1.44087e+06	5.31093e-46
1.44097e+06	2.17427e-45
1.44107e+06	8.81282e-45
1.44117e+06	3.53649e-44
1.44127e+06	1.40503e-43
1.44137e+06	5.5266e-43
1.44147e+06	2.15222e-42
1.44157e+06	8.29799e-42
1.44167e+06	3.16749e-41
1.44177e+06	1.19706e-40
1.44187e+06	4.47891e-40
1.44197e+06	1.65915e-39
1.44207e+06	6.08495e-39
1.44217e+06	2.20946e-38
1.44227e+06	7.94274e-38
1.44237e+06	2.82691e-37
1.44247e+06	9.9612e-37
1.44257e+06	3.47511e-36
1.44267e+06	1.20028e-35
1.44277e+06	4.10442e-35
1.44287e+06	1.38957e-34
1.44297e+06	4.65762e-34
1.44307e+06	1.54563e-33
1.44317e+06	5.07813e-33
1.44327e+06	1.65181e-32
1.44337e+06	5.31952e-32
1.44347e+06	1.69606e-31
1.44357e+06	5.35388e-31
1.44367e+06	1.67322e-30
1.44377e+06	5.17718e-30
1.44387e+06	1.58596e-29
1.44397e+06	4.81002e-29
1.44407e+06	1.4443e-28
1.44417e+06	4.29366e-28
1.44427e+06	1.26373e-27
1.44437e+06	3.68245e-27
1.44447e+06	1.06237e-26
1.44457e+06	3.03442e-26
1.44467e+06	8.58083e-26
1.44477e+06	2.40238e-25
1.44487e+06	6.65901e-25
1.44497e+06	1.82741e-24
1.44507e+06	4.96498e-24
1.44517e+06	1.33554e-23
1.44527e+06	3.55676e-23
1.44537e+06	9.37795e-23
1.44547e+06	2.44804e-22
1.44557e+06	6.32684e-22
1.44567e+06	1.61887e-21
1.44577e+06	4.10104e-21
1.44587e+06	1.02857e-20
1.44597e+06	2.55405e-20
1.44607e+06	6.27888e-20
1.44617e+06	1.52824e-19
1.44627e+06	3.68264e-19
1.44637e+06	8.78586e-19
1.44647e+06	2.07523e-18
1.44657e+06	4.85293e-18
1.44667e+06	1.12357e-17
1.44677e+06	2.57544e-17
1.44687e+06	5.8447e-17
1.44697e+06	1.31319e-16
1.44707e+06	2.92114e-16
1.44717e+06	6.43329e-16
1.44727e+06	1.40272e-15
1.44737e+06	3.02807e-15
1.44747e+06	6.47169e-15
1.44757e+06	1.36939e-14
1.44767e+06	2.86875e-14
1.44777e+06	5.94999e-14
1.44787e+06	1.22179e-13
1.44797e+06	2.4839e-13
1.44807e+06	4.99952e-13
1.44817e+06	9.96275e-13
1.44827e+06	1.96557e-12
1.44837e+06	3.83931e-12
1.44847e+06	7.42465e-12
1.44857e+06	1.42153e-11
1.44867e+06	2.69459e-11
1.44877e+06	5.05691e-11
1.44887e+06	9.39586e-11
1.44897e+06	1.7284e-10
1.44907e+06	3.14781e-10
1.44917e+06	5.67585e-10
1.44927e+06	1.01323e-09
1.44937e+06	1.7908e-09
1.44947e+06	3.13357e-09
1.44957e+06	5.42862e-09
1.44967e+06	9.311e-09
1.44977e+06	1.5811e-08
1.44987e+06	2.65816e-08
1.44997e+06	4.42446e-08
1.45007e+06	7.29114e-08
1.45017e+06	1.18956e-07
1.45027e+06	1.92149e-07
1.45037e+06	3.07287e-07
1.45047e+06	4.86528e-07
1.45057e+06	7.62656e-07
1.45067e+06	1.1836e-06
1.45077e+06	1.81862e-06
1.45087e+06	2.76651e-06
1.45097e+06	4.1666e-06
1.45107e+06	6.21281e-06
1.45117e+06	9.17172e-06
1.45127e+06	1.34051e-05
1.45137e+06	1.93976e-05
1.45147e+06	2.77896e-05
1.45157e+06	3.94161e-05
1.45167e+06	5.53505e-05
1.45177e+06	7.69533e-05
1.45187e+06	0.000105923
1.45197e+06	0.000144347
1.45207e+06	0.000194754
1.45217e+06	0.000260147
1.45227e+06	0.000344041
1.45237e+06	0.000450461
1.45247e+06	0.000583932
1.45257e+06	0.000749418
1.45267e+06	0.000952232
1.45277e+06	0.00119789
1.45287e+06	0.00149194
1.45297e+06	0.00183968
1.45307e+06	0.00224589
1.45317e+06	0.00271452
1.45327e+06	0.00324828
1.45337e+06	0.00384833
1.45347e+06	0.00451385
1.45357e+06	0.00524179
1.45367e+06	0.00602656
1.45377e+06	0.00685987
1.45387e+06	0.00773071
1.45397e+06	0.00862541
1.45407e+06	0.0095279
1.45417e+06	0.0104201
1.45427e+06	0.0112825
1.45437e+06	0.0120946
1.45447e+06	0.0128363
1.45457e+06	0.0134878
1.45467e+06	0.0140314
1.45477e+06	0.0144517
1.45487e+06	0.0147364
1.45497e+06	0.0148773
1.45507e+06	0.01487
1.45517e+06	0.0147149
1.45527e+06	0.0144165
1.45537e+06	0.0139836
1.45547e+06	0.0134287
1.45557e+06	0.0127676
1.45567e+06	0.0120182
1.45577e+06	0.0112002
1.45587e+06	0.0103341
1.45597e+06	0.00944001
1.45607e+06	0.00853751
1.45617e+06	0.00764446
1.45627e+06	0.00677673
1.45637e+06	0.00594771
1.45647e+06	0.00516817
1.45657e+06	0.00444612
1.45667e+06	0.00378688
1.45677e+06	0.0031933
1.45687e+06	0.00266597
1.45697e+06	0.00220357
1.45707e+06	0.00180325
1.45717e+06	0.00146098
1.45727e+06	0.00117189
1.45737e+06	0.000930651
1.45747e+06	0.000731719
1.45757e+06	0.000569585
1.45767e+06	0.000438965
1.45777e+06	0.000334934
1.45787e+06	0.000253014
1.45797e+06	0.000189229
1.45807e+06	0.000140116
1.45817e+06	0.000102717
1.45827e+06	7.45518e-05
1.45837e+06	5.35709e-05
1.45847e+06	3.81116e-05
1.45857e+06	2.68437e-05
1.45867e+06	1.87191e-05
1.45877e+06	1.29236e-05
1.45887e+06	8.83364e-06
1.45897e+06	5.97796e-06
1.45907e+06	4.00519e-06
1.45917e+06	2.65675e-06
1.45927e+06	1.74476e-06
1.45937e+06	1.13443e-06
1.45947e+06	7.30257e-07
1.45957e+06	4.65405e-07
1.45967e+06	2.93659e-07
1.45977e+06	1.83448e-07
1.45987e+06	1.13459e-07
1.45997e+06	6.94744e-08
