378720	2.00567e-08
378820	3.31919e-08
378920	5.4398e-08
379020	8.82906e-08
379120	1.41915e-07
379220	2.25907e-07
379320	3.56139e-07
379420	5.56032e-07
379520	8.59753e-07
379620	1.31657e-06
379720	1.9967e-06
379820	2.99905e-06
379920	4.46127e-06
380020	6.57263e-06
380120	9.59021e-06
380220	1.38589e-05
380320	1.98353e-05
380420	2.81168e-05
380520	3.94739e-05
380620	5.48874e-05
380720	7.55884e-05
380820	0.0001031
380920	0.00013928
381020	0.000186355
381120	0.000246957
381220	0.000324137
381320	0.000421371
381420	0.000542538
381520	0.000691873
381620	0.000873883
381720	0.00109323
381820	0.00135457
381920	0.00166236
382020	0.0020206
382120	0.00243259
382220	0.00290061
382320	0.00342563
382420	0.00400704
382520	0.00464235
382620	0.005327
382720	0.00605419
382820	0.00681488
382920	0.0075978
383020	0.00838963
383120	0.00917535
383220	0.00993861
383320	0.0106623
383420	0.0113291
383520	0.0119222
383620	0.0124261
383720	0.0128271
383820	0.0131139
383920	0.0132785
384020	0.0133159
384120	0.0132251
384220	0.0130086
384320	0.0126725
384420	0.0122262
384520	0.011682
384620	0.0110544
384720	0.0103596
384820	0.00961475
384920	0.00883729
385020	0.0080442
385120	0.00725147
385220	0.00647361
385320	0.00572323
385420	0.0050108
385520	0.00434452
385620	0.0037303
385720	0.00317182
385820	0.00267075
385920	0.00222698
386020	0.00183889
386120	0.00150366
386220	0.00121756
386320	0.000976295
386420	0.000775205
386520	0.000609529
386620	0.000474584
386720	0.000365906
386820	0.000279358
386920	0.000211197
387020	0.000158104
387120	0.0001172
387220	8.60279e-05
387320	6.25281e-05
387420	4.50022e-05
387520	3.2071e-05
387620	2.26312e-05
387720	1.58133e-05
387820	1.09408e-05
387920	7.49529e-06
388020	5.08439e-06
388120	3.41506e-06
388220	2.27125e-06
388320	1.49567e-06
388420	9.75241e-07
388520	6.29637e-07
388620	4.02503e-07
388720	2.54769e-07
388820	1.5967e-07
388920	9.9082e-08
389020	6.08782e-08
389120	3.70359e-08
389220	2.23088e-08
389320	1.33052e-08
389420	7.85696e-09
389520	4.59385e-09
389620	2.65942e-09
389720	1.52435e-09
389820	8.65102e-10
389920	4.8611e-10
390020	2.70448e-10
390120	1.48976e-10
390220	8.12515e-11
390320	4.3876e-11
390420	2.34586e-11
390520	1.24181e-11
390620	6.50859e-12
390720	3.37751e-12
390820	1.73533e-12
390920	8.82761e-13
391020	4.44611e-13
391120	2.21713e-13
391220	1.09465e-13
391320	5.351e-14
391420	2.5898e-14
391520	1.24099e-14
391620	5.88766e-15
391720	2.76559e-15
391820	1.28619e-15
391920	5.92229e-16
392020	2.69988e-16
392120	1.21862e-16
392220	5.44579e-17
392320	2.40947e-17
392420	1.05548e-17
392520	4.57766e-18
392620	1.96565e-18
392720	8.35669e-19
392820	3.51746e-19
392920	1.46585e-19
393020	6.04804e-20
393120	2.47062e-20
393220	9.9922e-21
393320	4.00111e-21
393420	1.58623e-21
393520	6.22606e-22
393620	2.4195e-22
393720	9.30893e-23
393820	3.546e-23
393920	1.33733e-23
394020	4.99348e-24
394120	1.84599e-24
394220	6.75645e-25
394320	2.44832e-25
394420	8.78378e-26
394520	3.12001e-26
394620	1.09721e-26
394720	3.82022e-27
394820	1.31688e-27
394920	4.49434e-28
395020	1.51861e-28
395120	5.08026e-29
395220	1.68263e-29
395320	5.51759e-30
395420	1.79131e-30
395520	5.75776e-31
395620	1.8323e-31
395720	5.77295e-32
395820	1.80077e-32
395920	5.56136e-33
396020	1.70044e-33
396120	5.14758e-34
396220	1.54278e-34
396320	4.57786e-35
396420	1.34487e-35
396520	3.91164e-36
396620	1.12641e-36
396720	3.21138e-37
396820	9.06454e-38
396920	2.53314e-38
397020	7.00861e-39
397120	1.91983e-39
397220	5.20658e-40
397320	1.39798e-40
397420	3.71627e-41
397520	9.78075e-42
397620	2.54857e-42
397720	6.57473e-43
397820	1.67926e-43
397920	4.24636e-44
398020	1.0631e-44
398120	2.63512e-45
398220	6.46968e-46
398320	1.58498e-46
398420	4.36029e-47
398520	3.30143e-47
398620	1.00351e-46
398720	3.98293e-46
398820	1.59505e-45
398920	6.33112e-45
399020	2.48813e-44
399120	9.68108e-44
399220	3.72934e-43
399320	1.42232e-42
399420	5.37058e-42
399520	2.00771e-41
399620	7.43086e-41
399720	2.72292e-40
399820	9.8784e-40
399920	3.5481e-39
400020	1.26172e-38
400120	4.4421e-38
400220	1.54836e-37
400320	5.34331e-37
400420	1.82561e-36
400520	6.17537e-36
400620	2.06812e-35
400720	6.8572e-35
400820	2.251e-34
400920	7.3158e-34
401020	2.354e-33
401120	7.4991e-33
401220	2.36521e-32
401320	7.38567e-32
401420	2.28333e-31
401520	6.98884e-31
401620	2.11788e-30
401720	6.35412e-30
401820	1.88743e-29
401920	5.55064e-29
402020	1.61613e-28
402120	4.65876e-28
402220	1.32961e-27
402320	3.75698e-27
402420	1.05103e-26
402520	2.91106e-26
402620	7.98272e-26
402720	2.16727e-25
402820	5.82555e-25
402920	1.55034e-24
403020	4.08488e-24
403120	1.06561e-23
403220	2.75221e-23
403320	7.03774e-23
403420	1.78177e-22
403520	4.46623e-22
403620	1.10841e-21
403720	2.72353e-21
403820	6.62579e-21
403920	1.59595e-20
404020	3.80607e-20
404120	8.987e-20
404220	2.10104e-19
404320	4.8634e-19
404420	1.11463e-18
404520	2.52939e-18
404620	5.6832e-18
404720	1.26436e-17
404820	2.78516e-17
404920	6.07487e-17
405020	1.31201e-16
405120	2.80581e-16
405220	5.94162e-16
405320	1.2459e-15
405420	2.58706e-15
405520	5.31958e-15
405620	1.0832e-14
405720	2.18429e-14
405820	4.3621e-14
405920	8.62733e-14
406020	1.68992e-13
406120	3.27856e-13
406220	6.3e-13
406320	1.19911e-12
406420	2.26079e-12
406520	4.22245e-12
406620	7.8126e-12
406720	1.43212e-11
406820	2.60103e-11
406920	4.68083e-11
407020	8.34725e-11
407120	1.47517e-10
407220	2.58378e-10
407320	4.48562e-10
407420	7.7194e-10
407520	1.31699e-09
407620	2.22774e-09
407720	3.73657e-09
407820	6.21525e-09
407920	1.02534e-08
408020	1.67784e-08
408120	2.72367e-08
408220	4.38661e-08
408320	7.01e-08
408420	1.11165e-07
408520	1.74953e-07
408620	2.73283e-07
408720	4.23722e-07
408820	6.5216e-07
408920	9.9645e-07
409020	1.51149e-06
409120	2.27621e-06
409220	3.40319e-06
409320	5.05154e-06
409420	7.44421e-06
409520	1.08907e-05
409620	1.58168e-05
409720	2.28024e-05
409820	3.26295e-05
409920	4.6342e-05
410020	6.53184e-05
410120	9.1359e-05
410220	0.000126788
410320	0.000174572
410420	0.000238448
410520	0.000323066
410620	0.000434132
410720	0.000578553
410820	0.000764565
410920	0.00100184
411020	0.00130153
411120	0.00167632
411220	0.00214029
411320	0.00270881
411420	0.00339823
411520	0.00422555
411620	0.00520783
411720	0.00636166
411820	0.0077024
411920	0.00924343
412020	0.0109953
412120	0.012965
412220	0.0151552
412320	0.0175639
412420	0.0201837
412520	0.0230019
412620	0.0260011
412720	0.0291589
412820	0.0324493
412920	0.0358437
413020	0.039312
413120	0.0428237
413220	0.0463498
413320	0.0498635
413420	0.053341
413520	0.0567624
413620	0.0601114
413720	0.0633751
413820	0.0665428
413920	0.0696051
414020	0.072552
414120	0.0753715
414220	0.0780478
414320	0.0805604
414420	0.0828829
414520	0.0849834
414620	0.0868246
414720	0.0883656
414820	0.0895639
414920	0.0903781
415020	0.0907715
415120	0.0907151
415220	0.0901913
415320	0.0891965
415420	0.0877439
415520	0.0858644
415620	0.0836074
415720	0.0810398
415820	0.0782442
415920	0.0753157
416020	0.0723579
416120	0.0694785
416220	0.0667837
416320	0.0643734
416420	0.0623354
416520	0.0607414
416620	0.0596428
416720	0.0590676
416820	0.0590189
416920	0.0594741
417020	0.0603858
417120	0.061684
417220	0.0632789
417320	0.0650653
417420	0.0669278
417520	0.0687456
417620	0.0703991
417720	0.0717746
417820	0.0727701
417920	0.0732997
418020	0.073297
418120	0.072718
418220	0.071542
418320	0.0697721
418420	0.0674339
418520	0.0645732
418620	0.0612533
418720	0.0575509
418820	0.0535519
418920	0.0493475
419020	0.0450294
419120	0.0406864
419220	0.0364005
419320	0.0322448
419420	0.0282812
419520	0.0245592
419620	0.0211157
419720	0.0179749
419820	0.0151493
419920	0.0126411
420020	0.0104433
420120	0.00854188
420220	0.00691718
420320	0.0055458
420420	0.00440208
420520	0.00345948
420620	0.00269167
420720	0.00207344
420820	0.00158131
420920	0.00119399
421020	0.00089257
421120	0.000660604
421220	0.000484058
421320	0.000351165
421420	0.000252223
421520	0.000179357
421620	0.000126274
421720	8.80219e-05
421820	6.07537e-05
421920	4.15274e-05
422020	2.81226e-05
422120	1.88878e-05
422220	1.26127e-05
422320	8.42515e-06
422420	5.71063e-06
422520	4.04995e-06
422620	3.17405e-06
422720	2.93289e-06
422820	3.27668e-06
422920	4.24835e-06
423020	5.98636e-06
423120	8.73785e-06
423220	1.28826e-05
423320	1.89684e-05
423420	2.77599e-05
423520	4.03011e-05
423620	5.79949e-05
423720	8.26998e-05
423820	0.000116845
423920	0.000163566
424020	0.000226856
424120	0.000311735
424220	0.00042443
424320	0.00057256
424420	0.000765314
424520	0.00101361
424620	0.00133024
424720	0.00172993
424820	0.00222934
424920	0.00284702
425020	0.00360322
425120	0.00451951
425220	0.00561841
425320	0.00692278
425420	0.00845506
425520	0.0102364
425620	0.0122859
425720	0.0146193
425820	0.0172482
425920	0.0201791
426020	0.0234122
426120	0.0269414
426220	0.0307532
426320	0.0348269
426420	0.0391345
426520	0.0436417
426620	0.0483079
426720	0.0530883
426820	0.0579341
426920	0.0627952
427020	0.0676206
427120	0.0723607
427220	0.0769684
427320	0.0814003
427420	0.0856176
427520	0.0895868
427620	0.0932802
427720	0.0966756
427820	0.0997568
427920	0.102512
428020	0.104937
428120	0.107028
428220	0.10879
428320	0.11023
428420	0.111358
428520	0.112191
428620	0.112747
428720	0.11305
428820	0.113126
428920	0.113003
429020	0.112713
429120	0.112287
429220	0.111755
429320	0.111147
429420	0.110485
429520	0.109789
429620	0.109071
429720	0.108334
429820	0.107576
429920	0.106784
430020	0.105944
430120	0.105033
430220	0.104029
430320	0.102911
430420	0.10166
430520	0.100266
430620	0.0987258
430720	0.0970488
430820	0.0952542
430920	0.0933729
431020	0.0914454
431120	0.08952
431220	0.0876496
431320	0.0858881
431420	0.0842862
431520	0.0828881
431620	0.0817271
431720	0.0808231
431820	0.0801799
431920	0.0797844
432020	0.0796061
432120	0.0795987
432220	0.0797015
432320	0.0798433
432420	0.0799456
432520	0.0799272
432620	0.0797084
432720	0.0792158
432820	0.0783857
432920	0.0771682
433020	0.0755289
433120	0.0734513
433220	0.0709367
433320	0.0680041
433420	0.0646891
433520	0.061041
433620	0.0571208
433720	0.0529975
433820	0.0487448
433920	0.0444377
434020	0.0401494
434120	0.0359485
434220	0.0318966
434320	0.0280465
434420	0.0244417
434520	0.0211152
434620	0.0180904
434720	0.0153812
434820	0.0129932
434920	0.0109253
435020	0.009171
435120	0.00771995
435220	0.00655957
435320	0.00567642
435420	0.00505735
435520	0.00469041
435620	0.00456547
435720	0.00467448
435820	0.00501145
435920	0.00557205
436020	0.00635306
436120	0.00735146
436220	0.00856341
436320	0.00998316
436420	0.0116019
436520	0.0134065
436620	0.015379
436720	0.0174953
436820	0.0197254
436920	0.0220328
437020	0.0243753
437120	0.0267055
437220	0.0289722
437320	0.0311222
437420	0.0331016
437520	0.0348585
437620	0.036345
437720	0.037519
437820	0.0383465
437920	0.0388031
438020	0.0388753
438120	0.0385608
438220	0.0378688
438320	0.0368198
438420	0.0354442
438520	0.033781
438620	0.0318759
438720	0.0297794
438820	0.0275444
438920	0.025224
439020	0.0228695
439120	0.0205289
439220	0.0182447
439320	0.0160536
439420	0.0139853
439520	0.0120624
439620	0.0103006
439720	0.00870875
439820	0.00728977
439920	0.0060414
440020	0.00495709
440120	0.004027
440220	0.00323894
440320	0.00257923
440420	0.00203351
440520	0.00158733
440620	0.00122675
440720	0.000938676
440820	0.00071112
440920	0.000533383
441020	0.0003961
441120	0.000291233
441220	0.000212005
441320	0.0001528
441420	0.000109037
441520	7.70362e-05
441620	5.38877e-05
441720	3.73214e-05
441820	2.55917e-05
441920	1.73747e-05
442020	1.16791e-05
442120	7.77283e-06
442220	5.12183e-06
442320	3.34156e-06
442420	2.1585e-06
442520	1.3805e-06
442620	8.74175e-07
442720	5.48079e-07
442820	3.40228e-07
442920	2.09113e-07
443020	1.27255e-07
443120	7.66752e-08
443220	4.57427e-08
443320	2.70194e-08
