992752	1.99624e-06
992852	3.27483e-06
992952	5.3189e-06
993052	8.55287e-06
993152	1.36163e-05
993252	2.14616e-05
993352	3.34907e-05
993452	5.17418e-05
993552	7.91438e-05
993652	0.000119853
993752	0.000179696
993852	0.000266738
993952	0.000392002
994052	0.000570359
994152	0.000821611
994252	0.00117177
994352	0.00165452
994452	0.00231292
994552	0.00320115
994652	0.00438641
994752	0.00595072
994852	0.00799256
994952	0.0106282
995052	0.0139924
995152	0.0182381
995252	0.0235355
995352	0.0300695
995452	0.0380352
995552	0.0476323
995652	0.0590575
995752	0.0724946
995852	0.0881034
995952	0.106008
996052	0.126281
996152	0.148935
996252	0.173905
996352	0.201042
996452	0.230099
996552	0.260737
996652	0.292514
996752	0.324898
996852	0.357277
996952	0.388974
997052	0.419268
997152	0.447426
997252	0.472724
997352	0.494482
997452	0.512096
997552	0.525059
997652	0.532995
997752	0.535666
997852	0.532995
997952	0.525059
998052	0.512096
998152	0.494482
998252	0.472724
998352	0.447426
998452	0.419268
998552	0.388974
998652	0.357277
998752	0.324898
998852	0.292514
998952	0.260737
999052	0.230099
999152	0.201042
999252	0.173905
999352	0.148935
999452	0.126281
999552	0.106008
999652	0.0881034
999752	0.0724946
999852	0.0590575
999952	0.0476323
1.00005e+06	0.0380352
1.00015e+06	0.0300695
1.00025e+06	0.0235355
1.00035e+06	0.0182381
1.00045e+06	0.0139924
1.00055e+06	0.0106282
1.00065e+06	0.00799256
1.00075e+06	0.00595072
1.00085e+06	0.00438641
1.00095e+06	0.00320116
1.00105e+06	0.00231293
1.00115e+06	0.00165453
1.00125e+06	0.00117178
1.00135e+06	0.000821638
1.00145e+06	0.000570409
1.00155e+06	0.00039209
1.00165e+06	0.000266893
1.00175e+06	0.000179968
1.00185e+06	0.000120323
1.00195e+06	7.99478e-05
1.00205e+06	5.31045e-05
1.00215e+06	3.57772e-05
1.00225e+06	2.52604e-05
1.00235e+06	1.98645e-05
1.00245e+06	1.87278e-05
1.00255e+06	2.17233e-05
1.00265e+06	2.94597e-05
1.00275e+06	4.33767e-05
1.00285e+06	6.59484e-05
1.00295e+06	0.00010101
1.00305e+06	0.000154232
1.00315e+06	0.000233781
1.00325e+06	0.000351201
1.00335e+06	0.000522557
1.00345e+06	0.000769903
1.00355e+06	0.00112311
1.00365e+06	0.00162208
1.00375e+06	0.00231946
1.00385e+06	0.00328366
1.00395e+06	0.00460244
1.00405e+06	0.00638668
1.00415e+06	0.00877443
1.00425e+06	0.0119349
1.00435e+06	0.0160723
1.00445e+06	0.0214286
1.00455e+06	0.0282856
1.00465e+06	0.0369654
1.00475e+06	0.0478279
1.00485e+06	0.0612667
1.00495e+06	0.0777007
1.00505e+06	0.0975624
1.00515e+06	0.121282
1.00525e+06	0.149269
1.00535e+06	0.181885
1.00545e+06	0.219424
1.00555e+06	0.262075
1.00565e+06	0.309903
1.00575e+06	0.362813
1.00585e+06	0.42053
1.00595e+06	0.482578
1.00605e+06	0.548272
1.00615e+06	0.61671
1.00625e+06	0.686788
1.00635e+06	0.75722
1.00645e+06	0.826568
1.00655e+06	0.893289
1.00665e+06	0.955789
1.00675e+06	1.01249
1.00685e+06	1.06188
1.00695e+06	1.10259
1.00705e+06	1.13348
1.00715e+06	1.15364
1.00725e+06	1.16247
1.00735e+06	1.15972
1.00745e+06	1.14546
1.00755e+06	1.12012
1.00765e+06	1.08444
1.00775e+06	1.03945
1.00785e+06	0.986409
1.00795e+06	0.926764
1.00805e+06	0.862062
1.00815e+06	0.793898
1.00825e+06	0.723849
1.00835e+06	0.653414
1.00845e+06	0.583963
1.00855e+06	0.516702
1.00865e+06	0.452639
1.00875e+06	0.392573
1.00885e+06	0.33709
1.00895e+06	0.286568
1.00905e+06	0.241195
1.00915e+06	0.200986
1.00925e+06	0.165813
1.00935e+06	0.135435
1.00945e+06	0.109521
1.00955e+06	0.0876844
1.00965e+06	0.0695032
1.00975e+06	0.0545436
1.00985e+06	0.0423779
1.00995e+06	0.0325982
1.01005e+06	0.0248258
1.01015e+06	0.0187185
1.01025e+06	0.0139732
1.01035e+06	0.0103271
1.01045e+06	0.0075564
1.01055e+06	0.00547407
1.01065e+06	0.00392611
1.01075e+06	0.00278787
1.01085e+06	0.00195992
1.01095e+06	0.00136415
1.01105e+06	0.000940035
1.01115e+06	0.00064133
1.01125e+06	0.000433188
1.01135e+06	0.000289687
1.01145e+06	0.000191795
1.01155e+06	0.00012572
1.01165e+06	8.15881e-05
1.01175e+06	5.24212e-05
1.01185e+06	3.33461e-05
1.01195e+06	2.10009e-05
1.01205e+06	1.30945e-05
1.01215e+06	8.08348e-06
1.01225e+06	4.94042e-06
1.01235e+06	2.98942e-06
1.01245e+06	1.79088e-06
1.01255e+06	1.06219e-06
1.01265e+06	6.2373e-07
1.01275e+06	3.62616e-07
1.01285e+06	2.08716e-07
1.01295e+06	1.18938e-07
1.01305e+06	6.7103e-08
1.01315e+06	3.74818e-08
1.01325e+06	2.0728e-08
1.01335e+06	1.13488e-08
1.01345e+06	6.15177e-09
1.01355e+06	3.30147e-09
1.01365e+06	1.75417e-09
1.01375e+06	9.22769e-10
1.01385e+06	4.80586e-10
1.01395e+06	2.47803e-10
1.01405e+06	1.26502e-10
1.01415e+06	6.39365e-11
1.01425e+06	3.1993e-11
1.01435e+06	1.58496e-11
1.01445e+06	7.77391e-12
1.01455e+06	3.775e-12
1.01465e+06	1.8149e-12
1.01475e+06	8.63861e-13
1.01485e+06	4.07092e-13
1.01495e+06	1.89932e-13
1.01505e+06	8.77328e-14
1.01515e+06	4.01219e-14
1.01525e+06	1.8166e-14
1.01535e+06	8.14316e-15
1.01545e+06	3.61397e-15
1.01555e+06	1.58794e-15
1.01565e+06	6.90777e-16
1.01575e+06	2.97509e-16
1.01585e+06	1.26859e-16
1.01595e+06	5.35546e-17
1.01605e+06	2.23836e-17
1.01615e+06	9.26234e-18
1.01625e+06	3.79462e-18
1.01635e+06	1.53912e-18
1.01645e+06	6.18066e-19
1.01655e+06	2.45728e-19
1.01665e+06	9.6723e-20
1.01675e+06	3.76932e-20
1.01685e+06	1.4543e-20
1.01695e+06	5.5552e-21
1.01705e+06	2.10089e-21
1.01715e+06	7.8662e-22
1.01725e+06	2.91597e-22
1.01735e+06	1.07018e-22
1.01745e+06	3.88858e-23
1.01755e+06	1.39888e-23
1.01765e+06	4.98226e-24
1.01775e+06	1.75683e-24
1.01785e+06	6.13325e-25
1.01795e+06	2.11987e-25
1.01805e+06	7.25409e-26
1.01815e+06	2.45762e-26
1.01825e+06	8.24335e-27
1.01835e+06	2.73747e-27
1.01845e+06	9.00021e-28
1.01855e+06	2.92963e-28
1.01865e+06	9.44125e-29
1.01875e+06	3.01234e-29
1.01885e+06	9.51556e-30
1.01895e+06	2.97593e-30
1.01905e+06	9.21442e-31
1.01915e+06	2.82469e-31
1.01925e+06	8.57294e-32
1.01935e+06	2.576e-32
1.01945e+06	7.66336e-33
1.01955e+06	2.2571e-33
1.01965e+06	6.58169e-34
1.01975e+06	1.90012e-34
1.01985e+06	5.43105e-35
1.01995e+06	1.53689e-35
1.02005e+06	4.30584e-36
1.02015e+06	1.19435e-36
1.02025e+06	3.2799e-37
1.02035e+06	8.9176e-38
1.02045e+06	2.40045e-38
1.02055e+06	6.39725e-39
1.02065e+06	1.68792e-39
1.02075e+06	4.40927e-40
1.02085e+06	1.14035e-40
1.02095e+06	2.9199e-41
1.02105e+06	7.40209e-42
1.02115e+06	1.85779e-42
1.02125e+06	4.61634e-43
1.02135e+06	1.13568e-43
1.02145e+06	2.76611e-44
1.02155e+06	6.67024e-45
1.02165e+06	1.59247e-45
1.02175e+06	3.76406e-46
1.02185e+06	8.80844e-47
1.02195e+06	2.04079e-47
1.02205e+06	4.68118e-48
1.02215e+06	1.06309e-48
1.02225e+06	2.39023e-49
1.02235e+06	5.3207e-50
1.02245e+06	1.17261e-50
1.02255e+06	2.55856e-51
1.02265e+06	5.52707e-52
1.02275e+06	1.18209e-52
1.02285e+06	2.50302e-53
1.02295e+06	5.24729e-54
1.02305e+06	1.08909e-54
1.02315e+06	2.23793e-55
1.02325e+06	4.5529e-56
1.02335e+06	9.17037e-57
1.02345e+06	1.8287e-57
1.02355e+06	3.6104e-58
1.02365e+06	7.05708e-59
1.02375e+06	1.36569e-59
1.02385e+06	2.61659e-60
1.02395e+06	4.96337e-61
1.02405e+06	9.32126e-62
1.02415e+06	1.73312e-62
1.02425e+06	3.19038e-63
1.02435e+06	5.81448e-64
1.02445e+06	1.04915e-64
1.02455e+06	1.87422e-65
1.02465e+06	3.31483e-66
1.02475e+06	5.80441e-67
1.02485e+06	1.00627e-67
1.02495e+06	1.72713e-68
1.02505e+06	2.9349e-69
1.02515e+06	4.93763e-70
1.02525e+06	8.22434e-71
1.02535e+06	1.35625e-71
1.02545e+06	2.21431e-72
1.02555e+06	3.57924e-73
1.02565e+06	5.72799e-74
1.02575e+06	9.07549e-75
1.02585e+06	1.42362e-75
1.02595e+06	2.21094e-76
1.02605e+06	3.39951e-77
1.02615e+06	5.17502e-78
1.02625e+06	7.79948e-79
1.02635e+06	1.16379e-79
1.02645e+06	1.71927e-80
1.02655e+06	2.51459e-81
1.02665e+06	3.64124e-82
1.02675e+06	5.2202e-83
1.02685e+06	7.4094e-84
1.02695e+06	1.0412e-84
1.02705e+06	1.44859e-85
1.02715e+06	1.99532e-86
1.02725e+06	2.72104e-87
1.02735e+06	3.67381e-88
1.02745e+06	4.91082e-89
1.02755e+06	6.49904e-90
1.02765e+06	8.51532e-91
1.02775e+06	1.10461e-91
1.02785e+06	1.41865e-92
1.02795e+06	1.80385e-93
1.02805e+06	2.2708e-94
1.02815e+06	2.8302e-95
1.02825e+06	3.4923e-96
1.02835e+06	4.26641e-97
1.02845e+06	5.16025e-98
1.02855e+06	6.17926e-99
1.02865e+06	7.32587e-100
1.02875e+06	8.59881e-101
1.02885e+06	9.99252e-102
1.02895e+06	1.14966e-102
1.02905e+06	1.30954e-103
1.02915e+06	1.47682e-104
1.02925e+06	1.64889e-105
1.02935e+06	1.8227e-106
1.02945e+06	1.99477e-107
1.02955e+06	2.16137e-108
1.02965e+06	2.31858e-109
1.02975e+06	2.46248e-110
1.02985e+06	2.58928e-111
1.02995e+06	2.69553e-112
1.03005e+06	2.77821e-113
1.03015e+06	2.83494e-114
1.03025e+06	2.86404e-115
1.03035e+06	2.86465e-116
1.03045e+06	2.83675e-117
1.03055e+06	2.78117e-118
1.03065e+06	2.69955e-119
1.03075e+06	2.59425e-120
1.03085e+06	2.46825e-121
1.03095e+06	2.32501e-122
1.03105e+06	2.16828e-123
1.03115e+06	2.002e-124
1.03125e+06	1.83008e-125
1.03135e+06	1.65628e-126
1.03145e+06	1.48407e-127
1.03155e+06	1.31653e-128
1.03165e+06	1.15629e-129
1.03175e+06	1.00544e-130
1.03185e+06	8.65576e-132
1.03195e+06	7.37752e-133
1.03205e+06	6.22548e-134
1.03215e+06	5.20106e-135
1.03225e+06	4.30198e-136
1.03235e+06	3.52292e-137
1.03245e+06	2.85623e-138
1.03255e+06	2.29267e-139
1.03265e+06	1.82199e-140
1.03275e+06	1.43353e-141
1.03285e+06	1.11667e-142
1.03295e+06	8.61196e-144
1.03305e+06	6.57559e-145
1.03315e+06	4.97078e-146
1.03325e+06	3.72025e-147
1.03335e+06	2.75661e-148
1.03345e+06	2.02226e-149
1.03355e+06	1.46878e-150
1.03365e+06	1.05616e-151
1.03375e+06	7.51905e-153
1.03385e+06	5.29971e-154
1.03395e+06	3.69827e-155
1.03405e+06	2.55507e-156
1.03415e+06	1.74768e-157
1.03425e+06	1.18353e-158
1.03435e+06	7.93515e-160
1.03445e+06	5.26729e-161
1.03455e+06	3.46159e-162
1.03465e+06	2.25228e-163
1.03475e+06	1.45086e-164
1.03485e+06	9.25304e-166
1.03495e+06	5.84254e-167
1.03505e+06	3.65238e-168
1.03515e+06	2.26051e-169
1.03525e+06	1.38514e-170
1.03535e+06	8.40311e-172
1.03545e+06	5.0471e-173
1.03555e+06	3.00125e-174
1.03565e+06	1.76692e-175
1.03575e+06	1.02989e-176
1.03585e+06	5.94322e-178
1.03595e+06	3.39555e-179
1.03605e+06	1.92068e-180
1.03615e+06	1.07561e-181
1.03625e+06	5.96368e-183
1.03635e+06	3.27364e-184
1.03645e+06	1.77911e-185
1.03655e+06	9.57267e-187
1.03665e+06	5.09941e-188
1.03675e+06	2.68945e-189
1.03685e+06	1.40432e-190
1.03695e+06	7.25977e-192
1.03705e+06	3.71568e-193
1.03715e+06	1.88283e-194
1.03725e+06	9.44582e-196
1.03735e+06	4.69166e-197
1.03745e+06	2.30712e-198
1.03755e+06	1.12323e-199
1.03765e+06	5.41411e-201
1.03775e+06	2.5837e-202
1.03785e+06	1.22071e-203
1.03795e+06	5.71008e-205
1.03805e+06	2.6444e-206
1.03815e+06	1.21247e-207
1.03825e+06	5.5039e-209
1.03835e+06	2.47359e-210
1.03845e+06	1.10063e-211
1.03855e+06	4.84856e-213
1.03865e+06	2.11466e-214
1.03875e+06	9.13115e-216
1.03885e+06	3.90362e-217
1.03895e+06	1.65222e-218
1.03905e+06	6.92346e-220
1.03915e+06	2.87234e-221
1.03925e+06	1.1798e-222
1.03935e+06	4.79771e-224
1.03945e+06	1.93161e-225
1.03955e+06	7.69946e-227
1.03965e+06	3.0385e-228
1.03975e+06	1.18717e-229
1.03985e+06	4.59227e-231
1.03995e+06	1.75872e-232
1.04005e+06	6.66843e-234
1.04015e+06	2.50327e-235
1.04025e+06	9.30355e-237
1.04035e+06	3.42331e-238
1.04045e+06	1.2471e-239
1.04055e+06	4.49794e-241
1.04065e+06	1.60614e-242
1.04075e+06	5.67818e-244
1.04085e+06	1.98743e-245
1.04095e+06	6.88704e-247
1.04105e+06	2.36282e-248
1.04115e+06	8.02573e-250
1.04125e+06	2.69896e-251
1.04135e+06	8.98596e-253
1.04145e+06	2.96203e-254
1.04155e+06	9.66658e-256
1.04165e+06	3.12329e-257
1.04175e+06	9.99101e-259
1.04185e+06	3.16419e-260
1.04195e+06	9.92142e-262
1.04205e+06	3.07994e-263
1.04215e+06	9.46601e-265
1.04225e+06	2.88037e-266
1.04235e+06	8.67737e-268
1.04245e+06	2.58812e-269
1.04255e+06	7.64253e-271
1.04265e+06	2.23433e-272
1.04275e+06	6.46718e-274
1.04285e+06	1.85327e-275
1.04295e+06	5.258e-277
1.04305e+06	1.47693e-278
1.04315e+06	4.10728e-280
1.04325e+06	1.13086e-281
1.04335e+06	3.0826e-283
1.04345e+06	8.31924e-285
1.04355e+06	2.22284e-286
1.04365e+06	5.88015e-288
1.04375e+06	1.54002e-289
1.04385e+06	3.9932e-291
1.04395e+06	1.02512e-292
1.04405e+06	2.60544e-294
1.04415e+06	6.55614e-296
1.04425e+06	1.63332e-297
1.04435e+06	4.02857e-299
1.04445e+06	9.83758e-301
1.04455e+06	2.37839e-302
1.04465e+06	5.69291e-304
1.04475e+06	1.3491e-305
1.04485e+06	3.16525e-307
1.04495e+06	7.35242e-309
1.04505e+06	1.69087e-310
1.04515e+06	3.84988e-312
1.04525e+06	8.67842e-314
1.04535e+06	1.93683e-315
1.04545e+06	4.27956e-317
1.04555e+06	9.3619e-319
1.04565e+06	2.02765e-320
1.04575e+06	4.34778e-322
1.04585e+06	9.88131e-324
1.04595e+06	0
1.04605e+06	0
1.04615e+06	0
1.04625e+06	0
1.04635e+06	0
1.04645e+06	0
1.04655e+06	0
1.04665e+06	0
1.04675e+06	0
1.04685e+06	0
1.04695e+06	0
1.04705e+06	0
1.04715e+06	0
1.04725e+06	0
1.04735e+06	0
1.04745e+06	0
1.04755e+06	0
1.04765e+06	0
1.04775e+06	0
1.04785e+06	0
1.04795e+06	0
1.04805e+06	0
1.04815e+06	0
1.04825e+06	0
1.04835e+06	0
1.04845e+06	0
1.04855e+06	0
1.04865e+06	0
1.04875e+06	0
1.04885e+06	0
1.04895e+06	0
1.04905e+06	0
1.04915e+06	0
1.04925e+06	0
1.04935e+06	0
1.04945e+06	0
1.04955e+06	0
1.04965e+06	0
1.04975e+06	0
1.04985e+06	0
1.04995e+06	0
1.05005e+06	0
1.05015e+06	0
1.05025e+06	0
1.05035e+06	0
1.05045e+06	0
1.05055e+06	0
1.05065e+06	0
1.05075e+06	0
1.05085e+06	0
1.05095e+06	0
1.05105e+06	0
1.05115e+06	0
1.05125e+06	0
1.05135e+06	0
1.05145e+06	0
1.05155e+06	0
1.05165e+06	0
1.05175e+06	0
1.05185e+06	0
1.05195e+06	0
1.05205e+06	0
1.05215e+06	0
1.05225e+06	0
1.05235e+06	0
1.05245e+06	0
1.05255e+06	0
1.05265e+06	0
1.05275e+06	0
1.05285e+06	0
1.05295e+06	0
1.05305e+06	0
1.05315e+06	0
1.05325e+06	0
1.05335e+06	0
1.05345e+06	0
1.05355e+06	0
1.05365e+06	0
1.05375e+06	0
1.05385e+06	0
1.05395e+06	0
1.05405e+06	0
1.05415e+06	0
1.05425e+06	0
1.05435e+06	0
1.05445e+06	0
1.05455e+06	0
1.05465e+06	0
1.05475e+06	0
1.05485e+06	0
1.05495e+06	0
1.05505e+06	0
1.05515e+06	0
1.05525e+06	0
1.05535e+06	0
1.05545e+06	0
1.05555e+06	0
1.05565e+06	0
1.05575e+06	0
1.05585e+06	0
1.05595e+06	0
1.05605e+06	0
1.05615e+06	0
1.05625e+06	0
1.05635e+06	0
1.05645e+06	0
1.05655e+06	0
1.05665e+06	0
1.05675e+06	0
1.05685e+06	0
1.05695e+06	0
1.05705e+06	0
1.05715e+06	0
1.05725e+06	0
1.05735e+06	0
1.05745e+06	0
1.05755e+06	0
1.05765e+06	0
1.05775e+06	0
1.05785e+06	0
1.05795e+06	0
1.05805e+06	0
1.05815e+06	0
1.05825e+06	0
1.05835e+06	0
1.05845e+06	0
1.05855e+06	0
1.05865e+06	0
1.05875e+06	0
1.05885e+06	0
1.05895e+06	0
1.05905e+06	0
1.05915e+06	0
1.05925e+06	0
1.05935e+06	0
1.05945e+06	0
1.05955e+06	0
1.05965e+06	0
1.05975e+06	0
1.05985e+06	0
1.05995e+06	0
1.06005e+06	0
1.06015e+06	0
1.06025e+06	0
1.06035e+06	0
1.06045e+06	0
1.06055e+06	0
1.06065e+06	0
1.06075e+06	0
1.06085e+06	0
1.06095e+06	0
1.06105e+06	0
1.06115e+06	0
1.06125e+06	0
1.06135e+06	0
1.06145e+06	0
1.06155e+06	0
1.06165e+06	0
1.06175e+06	0
1.06185e+06	0
1.06195e+06	0
1.06205e+06	0
1.06215e+06	0
1.06225e+06	0
1.06235e+06	0
1.06245e+06	0
1.06255e+06	0
1.06265e+06	0
1.06275e+06	0
1.06285e+06	0
1.06295e+06	0
1.06305e+06	0
1.06315e+06	0
1.06325e+06	0
1.06335e+06	0
1.06345e+06	0
1.06355e+06	0
1.06365e+06	0
1.06375e+06	0
1.06385e+06	0
1.06395e+06	0
1.06405e+06	0
1.06415e+06	0
1.06425e+06	0
1.06435e+06	0
1.06445e+06	0
1.06455e+06	0
1.06465e+06	0
1.06475e+06	0
1.06485e+06	0
1.06495e+06	0
1.06505e+06	0
1.06515e+06	0
1.06525e+06	0
1.06535e+06	0
1.06545e+06	0
1.06555e+06	0
1.06565e+06	0
1.06575e+06	0
1.06585e+06	0
1.06595e+06	0
1.06605e+06	0
1.06615e+06	0
1.06625e+06	0
1.06635e+06	0
1.06645e+06	0
1.06655e+06	0
1.06665e+06	0
1.06675e+06	0
1.06685e+06	0
1.06695e+06	0
1.06705e+06	0
1.06715e+06	0
1.06725e+06	0
1.06735e+06	0
1.06745e+06	0
1.06755e+06	0
1.06765e+06	0
1.06775e+06	0
1.06785e+06	0
1.06795e+06	0
1.06805e+06	0
1.06815e+06	0
1.06825e+06	0
1.06835e+06	0
1.06845e+06	0
1.06855e+06	0
1.06865e+06	0
1.06875e+06	0
1.06885e+06	0
1.06895e+06	0
1.06905e+06	0
1.06915e+06	0
1.06925e+06	0
1.06935e+06	0
1.06945e+06	0
1.06955e+06	0
1.06965e+06	0
1.06975e+06	0
1.06985e+06	0
1.06995e+06	0
1.07005e+06	0
1.07015e+06	0
1.07025e+06	0
1.07035e+06	0
1.07045e+06	0
1.07055e+06	0
1.07065e+06	0
1.07075e+06	0
1.07085e+06	0
1.07095e+06	0
1.07105e+06	0
1.07115e+06	0
1.07125e+06	0
1.07135e+06	0
1.07145e+06	0
1.07155e+06	0
1.07165e+06	0
1.07175e+06	0
1.07185e+06	0
1.07195e+06	0
1.07205e+06	0
1.07215e+06	0
1.07225e+06	0
1.07235e+06	0
1.07245e+06	0
1.07255e+06	0
1.07265e+06	0
1.07275e+06	0
1.07285e+06	0
1.07295e+06	0
1.07305e+06	0
1.07315e+06	0
1.07325e+06	0
1.07335e+06	0
1.07345e+06	0
1.07355e+06	0
1.07365e+06	0
1.07375e+06	0
1.07385e+06	0
1.07395e+06	0
1.07405e+06	0
1.07415e+06	0
1.07425e+06	0
1.07435e+06	0
1.07445e+06	0
1.07455e+06	0
1.07465e+06	0
1.07475e+06	0
1.07485e+06	0
1.07495e+06	0
1.07505e+06	0
1.07515e+06	0
1.07525e+06	0
1.07535e+06	0
1.07545e+06	0
1.07555e+06	0
1.07565e+06	0
1.07575e+06	0
1.07585e+06	0
1.07595e+06	0
1.07605e+06	0
1.07615e+06	0
1.07625e+06	0
1.07635e+06	0
1.07645e+06	0
1.07655e+06	0
1.07665e+06	0
1.07675e+06	0
1.07685e+06	0
1.07695e+06	0
1.07705e+06	0
1.07715e+06	0
1.07725e+06	0
1.07735e+06	0
1.07745e+06	0
1.07755e+06	0
1.07765e+06	0
1.07775e+06	0
1.07785e+06	0
1.07795e+06	0
1.07805e+06	0
1.07815e+06	0
1.07825e+06	0
1.07835e+06	0
1.07845e+06	0
1.07855e+06	0
1.07865e+06	0
1.07875e+06	0
1.07885e+06	0
1.07895e+06	0
1.07905e+06	0
1.07915e+06	0
1.07925e+06	0
1.07935e+06	0
1.07945e+06	0
1.07955e+06	0
1.07965e+06	0
1.07975e+06	0
1.07985e+06	0
1.07995e+06	0
1.08005e+06	0
1.08015e+06	0
1.08025e+06	0
1.08035e+06	0
1.08045e+06	0
1.08055e+06	0
1.08065e+06	0
1.08075e+06	0
1.08085e+06	0
1.08095e+06	0
1.08105e+06	0
1.08115e+06	0
1.08125e+06	0
1.08135e+06	0
1.08145e+06	0
1.08155e+06	0
1.08165e+06	0
1.08175e+06	0
1.08185e+06	0
1.08195e+06	0
1.08205e+06	0
1.08215e+06	0
1.08225e+06	0
1.08235e+06	0
1.08245e+06	0
1.08255e+06	0
1.08265e+06	0
1.08275e+06	0
1.08285e+06	0
1.08295e+06	0
1.08305e+06	0
1.08315e+06	0
1.08325e+06	0
1.08335e+06	0
1.08345e+06	0
1.08355e+06	0
1.08365e+06	0
1.08375e+06	0
1.08385e+06	0
1.08395e+06	0
1.08405e+06	0
1.08415e+06	0
1.08425e+06	0
1.08435e+06	0
1.08445e+06	0
1.08455e+06	0
1.08465e+06	0
1.08475e+06	0
1.08485e+06	0
1.08495e+06	0
1.08505e+06	0
1.08515e+06	0
1.08525e+06	0
1.08535e+06	0
1.08545e+06	0
1.08555e+06	0
1.08565e+06	0
1.08575e+06	0
1.08585e+06	0
1.08595e+06	0
1.08605e+06	0
1.08615e+06	0
1.08625e+06	0
1.08635e+06	0
1.08645e+06	0
1.08655e+06	0
1.08665e+06	0
1.08675e+06	0
1.08685e+06	0
1.08695e+06	0
1.08705e+06	0
1.08715e+06	0
1.08725e+06	0
1.08735e+06	0
1.08745e+06	0
1.08755e+06	0
1.08765e+06	0
1.08775e+06	0
1.08785e+06	0
1.08795e+06	0
1.08805e+06	0
1.08815e+06	0
1.08825e+06	0
1.08835e+06	0
1.08845e+06	0
1.08855e+06	0
1.08865e+06	0
1.08875e+06	0
1.08885e+06	0
1.08895e+06	0
1.08905e+06	0
1.08915e+06	0
1.08925e+06	0
1.08935e+06	0
1.08945e+06	0
1.08955e+06	0
1.08965e+06	0
1.08975e+06	0
1.08985e+06	0
1.08995e+06	0
1.09005e+06	0
1.09015e+06	0
1.09025e+06	0
1.09035e+06	0
1.09045e+06	0
1.09055e+06	0
1.09065e+06	0
1.09075e+06	0
1.09085e+06	0
1.09095e+06	0
1.09105e+06	0
1.09115e+06	0
1.09125e+06	0
1.09135e+06	0
1.09145e+06	0
1.09155e+06	0
1.09165e+06	0
1.09175e+06	0
1.09185e+06	0
1.09195e+06	0
1.09205e+06	0
1.09215e+06	0
1.09225e+06	0
1.09235e+06	0
1.09245e+06	0
1.09255e+06	0
1.09265e+06	0
1.09275e+06	0
1.09285e+06	0
1.09295e+06	0
1.09305e+06	0
1.09315e+06	0
1.09325e+06	0
1.09335e+06	0
1.09345e+06	0
1.09355e+06	0
1.09365e+06	0
1.09375e+06	0
1.09385e+06	0
1.09395e+06	0
1.09405e+06	0
1.09415e+06	0
1.09425e+06	0
1.09435e+06	0
1.09445e+06	0
1.09455e+06	0
1.09465e+06	0
1.09475e+06	0
1.09485e+06	0
1.09495e+06	0
1.09505e+06	0
1.09515e+06	0
1.09525e+06	0
1.09535e+06	0
1.09545e+06	0
1.09555e+06	0
1.09565e+06	0
1.09575e+06	0
1.09585e+06	0
1.09595e+06	0
1.09605e+06	0
1.09615e+06	0
1.09625e+06	0
1.09635e+06	0
1.09645e+06	0
1.09655e+06	0
1.09665e+06	0
1.09675e+06	0
1.09685e+06	0
1.09695e+06	0
1.09705e+06	0
1.09715e+06	0
1.09725e+06	0
1.09735e+06	0
1.09745e+06	0
1.09755e+06	0
1.09765e+06	0
1.09775e+06	0
1.09785e+06	0
1.09795e+06	0
1.09805e+06	0
1.09815e+06	0
1.09825e+06	0
1.09835e+06	0
1.09845e+06	0
1.09855e+06	0
1.09865e+06	0
1.09875e+06	0
1.09885e+06	0
1.09895e+06	0
1.09905e+06	0
1.09915e+06	0
1.09925e+06	0
1.09935e+06	0
1.09945e+06	0
1.09955e+06	0
1.09965e+06	0
1.09975e+06	0
1.09985e+06	0
1.09995e+06	0
1.10005e+06	0
1.10015e+06	0
1.10025e+06	0
1.10035e+06	0
1.10045e+06	0
1.10055e+06	0
1.10065e+06	0
1.10075e+06	0
1.10085e+06	0
1.10095e+06	0
1.10105e+06	0
1.10115e+06	0
1.10125e+06	0
1.10135e+06	0
1.10145e+06	0
1.10155e+06	0
1.10165e+06	0
1.10175e+06	0
1.10185e+06	0
1.10195e+06	0
1.10205e+06	0
1.10215e+06	0
1.10225e+06	0
1.10235e+06	0
1.10245e+06	0
1.10255e+06	0
1.10265e+06	0
1.10275e+06	0
1.10285e+06	0
1.10295e+06	0
1.10305e+06	0
1.10315e+06	0
1.10325e+06	0
1.10335e+06	0
1.10345e+06	0
1.10355e+06	0
1.10365e+06	0
1.10375e+06	0
1.10385e+06	0
1.10395e+06	0
1.10405e+06	0
1.10415e+06	0
1.10425e+06	0
1.10435e+06	0
1.10445e+06	0
1.10455e+06	0
1.10465e+06	0
1.10475e+06	0
1.10485e+06	0
1.10495e+06	0
1.10505e+06	0
1.10515e+06	0
1.10525e+06	0
1.10535e+06	0
1.10545e+06	0
1.10555e+06	0
1.10565e+06	0
1.10575e+06	0
1.10585e+06	0
1.10595e+06	0
1.10605e+06	0
1.10615e+06	0
1.10625e+06	0
1.10635e+06	0
1.10645e+06	0
1.10655e+06	0
1.10665e+06	0
1.10675e+06	0
1.10685e+06	0
1.10695e+06	0
1.10705e+06	0
1.10715e+06	0
1.10725e+06	0
1.10735e+06	0
1.10745e+06	0
1.10755e+06	0
1.10765e+06	0
1.10775e+06	0
1.10785e+06	0
1.10795e+06	0
1.10805e+06	0
1.10815e+06	0
1.10825e+06	0
1.10835e+06	0
1.10845e+06	0
1.10855e+06	0
1.10865e+06	0
1.10875e+06	0
1.10885e+06	0
1.10895e+06	0
1.10905e+06	0
1.10915e+06	0
1.10925e+06	0
1.10935e+06	0
1.10945e+06	0
1.10955e+06	0
1.10965e+06	0
1.10975e+06	0
1.10985e+06	0
1.10995e+06	0
1.11005e+06	0
1.11015e+06	0
1.11025e+06	0
1.11035e+06	0
1.11045e+06	0
1.11055e+06	0
1.11065e+06	0
1.11075e+06	0
1.11085e+06	0
1.11095e+06	0
1.11105e+06	0
1.11115e+06	0
1.11125e+06	0
1.11135e+06	0
1.11145e+06	0
1.11155e+06	0
1.11165e+06	0
1.11175e+06	0
1.11185e+06	0
1.11195e+06	0
1.11205e+06	0
1.11215e+06	0
1.11225e+06	0
1.11235e+06	0
1.11245e+06	0
1.11255e+06	0
1.11265e+06	0
1.11275e+06	0
1.11285e+06	0
1.11295e+06	0
1.11305e+06	0
1.11315e+06	0
1.11325e+06	0
1.11335e+06	0
1.11345e+06	0
1.11355e+06	0
1.11365e+06	0
1.11375e+06	0
1.11385e+06	0
1.11395e+06	0
1.11405e+06	0
1.11415e+06	0
1.11425e+06	0
1.11435e+06	0
1.11445e+06	0
1.11455e+06	0
1.11465e+06	0
1.11475e+06	0
1.11485e+06	0
1.11495e+06	0
1.11505e+06	0
1.11515e+06	0
1.11525e+06	0
1.11535e+06	0
1.11545e+06	0
1.11555e+06	0
1.11565e+06	0
1.11575e+06	0
1.11585e+06	0
1.11595e+06	0
1.11605e+06	0
1.11615e+06	0
1.11625e+06	0
1.11635e+06	0
1.11645e+06	0
1.11655e+06	0
1.11665e+06	0
1.11675e+06	0
1.11685e+06	0
1.11695e+06	0
1.11705e+06	0
1.11715e+06	0
1.11725e+06	0
1.11735e+06	0
1.11745e+06	0
1.11755e+06	0
1.11765e+06	0
1.11775e+06	0
1.11785e+06	0
1.11795e+06	0
1.11805e+06	0
1.11815e+06	0
1.11825e+06	0
1.11835e+06	0
1.11845e+06	0
1.11855e+06	0
1.11865e+06	0
1.11875e+06	0
1.11885e+06	0
1.11895e+06	0
1.11905e+06	0
1.11915e+06	0
1.11925e+06	0
1.11935e+06	0
1.11945e+06	0
1.11955e+06	0
1.11965e+06	0
1.11975e+06	0
1.11985e+06	0
1.11995e+06	0
1.12005e+06	0
1.12015e+06	0
1.12025e+06	0
1.12035e+06	0
1.12045e+06	0
1.12055e+06	0
1.12065e+06	0
1.12075e+06	0
1.12085e+06	0
1.12095e+06	0
1.12105e+06	0
1.12115e+06	0
1.12125e+06	0
1.12135e+06	0
1.12145e+06	0
1.12155e+06	0
1.12165e+06	0
1.12175e+06	0
1.12185e+06	0
1.12195e+06	0
1.12205e+06	0
1.12215e+06	0
1.12225e+06	0
1.12235e+06	0
1.12245e+06	0
1.12255e+06	0
1.12265e+06	0
1.12275e+06	0
1.12285e+06	0
1.12295e+06	0
1.12305e+06	0
1.12315e+06	0
1.12325e+06	0
1.12335e+06	0
1.12345e+06	0
1.12355e+06	0
1.12365e+06	0
1.12375e+06	0
1.12385e+06	0
1.12395e+06	0
1.12405e+06	0
1.12415e+06	0
1.12425e+06	0
1.12435e+06	0
1.12445e+06	0
1.12455e+06	0
1.12465e+06	0
1.12475e+06	0
1.12485e+06	0
1.12495e+06	0
1.12505e+06	0
1.12515e+06	0
1.12525e+06	0
1.12535e+06	0
1.12545e+06	0
1.12555e+06	0
1.12565e+06	0
1.12575e+06	0
1.12585e+06	0
1.12595e+06	0
1.12605e+06	0
1.12615e+06	0
1.12625e+06	0
1.12635e+06	0
1.12645e+06	0
1.12655e+06	0
1.12665e+06	0
1.12675e+06	0
1.12685e+06	0
1.12695e+06	0
1.12705e+06	0
1.12715e+06	0
1.12725e+06	0
1.12735e+06	0
1.12745e+06	0
1.12755e+06	0
1.12765e+06	0
1.12775e+06	0
1.12785e+06	0
1.12795e+06	0
1.12805e+06	0
1.12815e+06	0
1.12825e+06	0
1.12835e+06	0
1.12845e+06	0
1.12855e+06	0
1.12865e+06	0
1.12875e+06	0
1.12885e+06	0
1.12895e+06	0
1.12905e+06	0
1.12915e+06	0
1.12925e+06	0
1.12935e+06	0
1.12945e+06	0
1.12955e+06	0
1.12965e+06	0
1.12975e+06	0
1.12985e+06	0
1.12995e+06	0
1.13005e+06	0
1.13015e+06	0
1.13025e+06	0
1.13035e+06	0
1.13045e+06	0
1.13055e+06	0
1.13065e+06	0
1.13075e+06	0
1.13085e+06	0
1.13095e+06	0
1.13105e+06	0
1.13115e+06	0
1.13125e+06	0
1.13135e+06	0
1.13145e+06	0
1.13155e+06	0
1.13165e+06	0
1.13175e+06	0
1.13185e+06	0
1.13195e+06	0
1.13205e+06	0
1.13215e+06	0
1.13225e+06	0
1.13235e+06	0
1.13245e+06	0
1.13255e+06	0
1.13265e+06	0
1.13275e+06	0
1.13285e+06	0
1.13295e+06	0
1.13305e+06	0
1.13315e+06	0
1.13325e+06	0
1.13335e+06	0
1.13345e+06	0
1.13355e+06	0
1.13365e+06	0
1.13375e+06	0
1.13385e+06	0
1.13395e+06	0
1.13405e+06	0
1.13415e+06	0
1.13425e+06	0
1.13435e+06	0
1.13445e+06	0
1.13455e+06	0
1.13465e+06	0
1.13475e+06	0
1.13485e+06	0
1.13495e+06	0
1.13505e+06	0
1.13515e+06	0
1.13525e+06	0
1.13535e+06	0
1.13545e+06	0
1.13555e+06	0
1.13565e+06	0
1.13575e+06	0
1.13585e+06	0
1.13595e+06	0
1.13605e+06	0
1.13615e+06	0
1.13625e+06	0
1.13635e+06	0
1.13645e+06	0
1.13655e+06	0
1.13665e+06	0
1.13675e+06	0
1.13685e+06	0
1.13695e+06	0
1.13705e+06	0
1.13715e+06	0
1.13725e+06	0
1.13735e+06	0
1.13745e+06	0
1.13755e+06	0
1.13765e+06	0
1.13775e+06	0
1.13785e+06	0
1.13795e+06	0
1.13805e+06	0
1.13815e+06	0
1.13825e+06	0
1.13835e+06	0
1.13845e+06	0
1.13855e+06	0
1.13865e+06	0
1.13875e+06	0
1.13885e+06	0
1.13895e+06	0
1.13905e+06	0
1.13915e+06	0
1.13925e+06	0
1.13935e+06	0
1.13945e+06	0
1.13955e+06	0
1.13965e+06	0
1.13975e+06	0
1.13985e+06	0
1.13995e+06	0
1.14005e+06	0
1.14015e+06	0
1.14025e+06	0
1.14035e+06	0
1.14045e+06	0
1.14055e+06	0
1.14065e+06	0
1.14075e+06	0
1.14085e+06	0
1.14095e+06	0
1.14105e+06	0
1.14115e+06	0
1.14125e+06	0
1.14135e+06	0
1.14145e+06	0
1.14155e+06	0
1.14165e+06	0
1.14175e+06	0
1.14185e+06	0
1.14195e+06	0
1.14205e+06	0
1.14215e+06	0
1.14225e+06	0
1.14235e+06	0
1.14245e+06	0
1.14255e+06	0
1.14265e+06	0
1.14275e+06	0
1.14285e+06	0
1.14295e+06	0
1.14305e+06	0
1.14315e+06	0
1.14325e+06	0
1.14335e+06	0
1.14345e+06	0
1.14355e+06	0
1.14365e+06	0
1.14375e+06	0
1.14385e+06	0
1.14395e+06	0
1.14405e+06	0
1.14415e+06	0
1.14425e+06	0
1.14435e+06	0
1.14445e+06	0
1.14455e+06	0
1.14465e+06	0
1.14475e+06	0
1.14485e+06	0
1.14495e+06	0
1.14505e+06	0
1.14515e+06	0
1.14525e+06	0
1.14535e+06	0
1.14545e+06	0
1.14555e+06	0
1.14565e+06	0
1.14575e+06	0
1.14585e+06	0
1.14595e+06	0
1.14605e+06	0
1.14615e+06	0
1.14625e+06	0
1.14635e+06	0
1.14645e+06	0
1.14655e+06	0
1.14665e+06	0
1.14675e+06	0
1.14685e+06	0
1.14695e+06	0
1.14705e+06	0
1.14715e+06	0
1.14725e+06	0
1.14735e+06	0
1.14745e+06	0
1.14755e+06	0
1.14765e+06	0
1.14775e+06	0
1.14785e+06	0
1.14795e+06	0
1.14805e+06	0
1.14815e+06	0
1.14825e+06	0
1.14835e+06	0
1.14845e+06	0
1.14855e+06	0
1.14865e+06	0
1.14875e+06	0
1.14885e+06	0
1.14895e+06	0
1.14905e+06	0
1.14915e+06	0
1.14925e+06	0
1.14935e+06	0
1.14945e+06	0
1.14955e+06	0
1.14965e+06	0
1.14975e+06	0
1.14985e+06	0
1.14995e+06	0
1.15005e+06	0
1.15015e+06	0
1.15025e+06	0
1.15035e+06	0
1.15045e+06	0
1.15055e+06	0
1.15065e+06	0
1.15075e+06	0
1.15085e+06	0
1.15095e+06	0
1.15105e+06	0
1.15115e+06	0
1.15125e+06	0
1.15135e+06	0
1.15145e+06	0
1.15155e+06	0
1.15165e+06	0
1.15175e+06	0
1.15185e+06	0
1.15195e+06	0
1.15205e+06	0
1.15215e+06	0
1.15225e+06	0
1.15235e+06	0
1.15245e+06	0
1.15255e+06	0
1.15265e+06	0
1.15275e+06	0
1.15285e+06	0
1.15295e+06	0
1.15305e+06	0
1.15315e+06	0
1.15325e+06	0
1.15335e+06	0
1.15345e+06	0
1.15355e+06	0
1.15365e+06	0
1.15375e+06	0
1.15385e+06	0
1.15395e+06	0
1.15405e+06	0
1.15415e+06	0
1.15425e+06	0
1.15435e+06	0
1.15445e+06	0
1.15455e+06	0
1.15465e+06	0
1.15475e+06	0
1.15485e+06	0
1.15495e+06	0
1.15505e+06	0
1.15515e+06	0
1.15525e+06	0
1.15535e+06	0
1.15545e+06	0
1.15555e+06	0
1.15565e+06	0
1.15575e+06	0
1.15585e+06	0
1.15595e+06	0
1.15605e+06	0
1.15615e+06	0
1.15625e+06	0
1.15635e+06	0
1.15645e+06	0
1.15655e+06	0
1.15665e+06	0
1.15675e+06	0
1.15685e+06	0
1.15695e+06	0
1.15705e+06	0
1.15715e+06	0
1.15725e+06	0
1.15735e+06	0
1.15745e+06	0
1.15755e+06	0
1.15765e+06	0
1.15775e+06	0
1.15785e+06	0
1.15795e+06	0
1.15805e+06	0
1.15815e+06	0
1.15825e+06	0
1.15835e+06	0
1.15845e+06	0
1.15855e+06	0
1.15865e+06	0
1.15875e+06	0
1.15885e+06	0
1.15895e+06	0
1.15905e+06	0
1.15915e+06	0
1.15925e+06	0
1.15935e+06	0
1.15945e+06	0
1.15955e+06	0
1.15965e+06	0
1.15975e+06	0
1.15985e+06	0
1.15995e+06	0
1.16005e+06	0
1.16015e+06	0
1.16025e+06	0
1.16035e+06	0
1.16045e+06	0
1.16055e+06	0
1.16065e+06	0
1.16075e+06	0
1.16085e+06	0
1.16095e+06	0
1.16105e+06	0
1.16115e+06	0
1.16125e+06	0
1.16135e+06	0
1.16145e+06	0
1.16155e+06	0
1.16165e+06	0
1.16175e+06	0
1.16185e+06	0
1.16195e+06	0
1.16205e+06	0
1.16215e+06	0
1.16225e+06	0
1.16235e+06	0
1.16245e+06	0
1.16255e+06	0
1.16265e+06	0
1.16275e+06	0
1.16285e+06	0
1.16295e+06	0
1.16305e+06	0
1.16315e+06	0
1.16325e+06	0
1.16335e+06	0
1.16345e+06	0
1.16355e+06	0
1.16365e+06	0
1.16375e+06	0
1.16385e+06	0
1.16395e+06	0
1.16405e+06	0
1.16415e+06	0
1.16425e+06	0
1.16435e+06	0
1.16445e+06	0
1.16455e+06	0
1.16465e+06	0
1.16475e+06	0
1.16485e+06	0
1.16495e+06	0
1.16505e+06	0
1.16515e+06	0
1.16525e+06	0
1.16535e+06	0
1.16545e+06	0
1.16555e+06	0
1.16565e+06	0
1.16575e+06	0
1.16585e+06	0
1.16595e+06	0
1.16605e+06	0
1.16615e+06	0
1.16625e+06	0
1.16635e+06	0
1.16645e+06	0
1.16655e+06	0
1.16665e+06	0
1.16675e+06	0
1.16685e+06	0
1.16695e+06	0
1.16705e+06	0
1.16715e+06	0
1.16725e+06	0
1.16735e+06	0
1.16745e+06	0
1.16755e+06	0
1.16765e+06	0
1.16775e+06	0
1.16785e+06	0
1.16795e+06	0
1.16805e+06	0
1.16815e+06	0
1.16825e+06	0
1.16835e+06	0
1.16845e+06	0
1.16855e+06	0
1.16865e+06	0
1.16875e+06	0
1.16885e+06	0
1.16895e+06	0
1.16905e+06	0
1.16915e+06	0
1.16925e+06	0
1.16935e+06	0
1.16945e+06	0
1.16955e+06	0
1.16965e+06	0
1.16975e+06	0
1.16985e+06	0
1.16995e+06	0
1.17005e+06	0
1.17015e+06	0
1.17025e+06	0
1.17035e+06	0
1.17045e+06	0
1.17055e+06	0
1.17065e+06	0
1.17075e+06	0
1.17085e+06	0
1.17095e+06	0
1.17105e+06	0
1.17115e+06	0
1.17125e+06	0
1.17135e+06	0
1.17145e+06	0
1.17155e+06	0
1.17165e+06	0
1.17175e+06	0
1.17185e+06	0
1.17195e+06	0
1.17205e+06	0
1.17215e+06	0
1.17225e+06	0
1.17235e+06	0
1.17245e+06	0
1.17255e+06	0
1.17265e+06	0
1.17275e+06	0
1.17285e+06	0
1.17295e+06	0
1.17305e+06	0
1.17315e+06	0
1.17325e+06	0
1.17335e+06	0
1.17345e+06	0
1.17355e+06	0
1.17365e+06	0
1.17375e+06	0
1.17385e+06	0
1.17395e+06	0
1.17405e+06	0
1.17415e+06	0
1.17425e+06	0
1.17435e+06	0
1.17445e+06	0
1.17455e+06	0
1.17465e+06	0
1.17475e+06	0
1.17485e+06	0
1.17495e+06	0
1.17505e+06	0
1.17515e+06	0
1.17525e+06	0
1.17535e+06	0
1.17545e+06	0
1.17555e+06	0
1.17565e+06	0
1.17575e+06	0
1.17585e+06	0
1.17595e+06	0
1.17605e+06	0
1.17615e+06	0
1.17625e+06	0
1.17635e+06	0
1.17645e+06	0
1.17655e+06	0
1.17665e+06	0
1.17675e+06	0
1.17685e+06	0
1.17695e+06	0
1.17705e+06	0
1.17715e+06	0
1.17725e+06	0
1.17735e+06	0
1.17745e+06	0
1.17755e+06	0
1.17765e+06	0
1.17775e+06	0
1.17785e+06	0
1.17795e+06	0
1.17805e+06	0
1.17815e+06	0
1.17825e+06	0
1.17835e+06	0
1.17845e+06	0
1.17855e+06	0
1.17865e+06	0
1.17875e+06	0
1.17885e+06	0
1.17895e+06	0
1.17905e+06	0
1.17915e+06	0
1.17925e+06	0
1.17935e+06	0
1.17945e+06	0
1.17955e+06	0
1.17965e+06	0
1.17975e+06	0
1.17985e+06	0
1.17995e+06	0
1.18005e+06	0
1.18015e+06	0
1.18025e+06	0
1.18035e+06	0
1.18045e+06	0
1.18055e+06	0
1.18065e+06	0
1.18075e+06	0
1.18085e+06	0
1.18095e+06	0
1.18105e+06	0
1.18115e+06	0
1.18125e+06	0
1.18135e+06	0
1.18145e+06	0
1.18155e+06	0
1.18165e+06	0
1.18175e+06	0
1.18185e+06	0
1.18195e+06	0
1.18205e+06	0
1.18215e+06	0
1.18225e+06	0
1.18235e+06	0
1.18245e+06	0
1.18255e+06	0
1.18265e+06	0
1.18275e+06	0
1.18285e+06	0
1.18295e+06	0
1.18305e+06	0
1.18315e+06	0
1.18325e+06	0
1.18335e+06	0
1.18345e+06	0
1.18355e+06	0
1.18365e+06	0
1.18375e+06	0
1.18385e+06	0
1.18395e+06	0
1.18405e+06	0
1.18415e+06	0
1.18425e+06	0
1.18435e+06	0
1.18445e+06	0
1.18455e+06	0
1.18465e+06	0
1.18475e+06	0
1.18485e+06	0
1.18495e+06	0
1.18505e+06	0
1.18515e+06	0
1.18525e+06	0
1.18535e+06	0
1.18545e+06	0
1.18555e+06	0
1.18565e+06	0
1.18575e+06	0
1.18585e+06	0
1.18595e+06	0
1.18605e+06	0
1.18615e+06	0
1.18625e+06	0
1.18635e+06	0
1.18645e+06	0
1.18655e+06	0
1.18665e+06	0
1.18675e+06	0
1.18685e+06	0
1.18695e+06	0
1.18705e+06	0
1.18715e+06	0
1.18725e+06	0
1.18735e+06	0
1.18745e+06	0
1.18755e+06	0
1.18765e+06	0
1.18775e+06	0
1.18785e+06	0
1.18795e+06	0
1.18805e+06	0
1.18815e+06	0
1.18825e+06	0
1.18835e+06	0
1.18845e+06	0
1.18855e+06	0
1.18865e+06	0
1.18875e+06	0
1.18885e+06	0
1.18895e+06	0
1.18905e+06	0
1.18915e+06	0
1.18925e+06	0
1.18935e+06	0
1.18945e+06	0
1.18955e+06	0
1.18965e+06	0
1.18975e+06	0
1.18985e+06	0
1.18995e+06	0
1.19005e+06	0
1.19015e+06	0
1.19025e+06	0
1.19035e+06	0
1.19045e+06	0
1.19055e+06	0
1.19065e+06	0
1.19075e+06	0
1.19085e+06	0
1.19095e+06	0
1.19105e+06	0
1.19115e+06	0
1.19125e+06	0
1.19135e+06	0
1.19145e+06	0
1.19155e+06	0
1.19165e+06	0
1.19175e+06	0
1.19185e+06	0
1.19195e+06	0
1.19205e+06	0
1.19215e+06	0
1.19225e+06	0
1.19235e+06	0
1.19245e+06	0
1.19255e+06	0
1.19265e+06	0
1.19275e+06	0
1.19285e+06	0
1.19295e+06	0
1.19305e+06	0
1.19315e+06	0
1.19325e+06	0
1.19335e+06	0
1.19345e+06	0
1.19355e+06	0
1.19365e+06	0
1.19375e+06	0
1.19385e+06	0
1.19395e+06	0
1.19405e+06	0
1.19415e+06	0
1.19425e+06	0
1.19435e+06	0
1.19445e+06	0
1.19455e+06	0
1.19465e+06	0
1.19475e+06	0
1.19485e+06	0
1.19495e+06	0
1.19505e+06	0
1.19515e+06	0
1.19525e+06	0
1.19535e+06	0
1.19545e+06	0
1.19555e+06	0
1.19565e+06	0
1.19575e+06	0
1.19585e+06	0
1.19595e+06	0
1.19605e+06	0
1.19615e+06	0
1.19625e+06	0
1.19635e+06	0
1.19645e+06	0
1.19655e+06	0
1.19665e+06	0
1.19675e+06	0
1.19685e+06	0
1.19695e+06	0
1.19705e+06	0
1.19715e+06	0
1.19725e+06	0
1.19735e+06	0
1.19745e+06	0
1.19755e+06	0
1.19765e+06	0
1.19775e+06	0
1.19785e+06	0
1.19795e+06	0
1.19805e+06	0
1.19815e+06	0
1.19825e+06	0
1.19835e+06	0
1.19845e+06	0
1.19855e+06	0
1.19865e+06	0
1.19875e+06	0
1.19885e+06	0
1.19895e+06	0
1.19905e+06	0
1.19915e+06	0
1.19925e+06	0
1.19935e+06	0
1.19945e+06	0
1.19955e+06	0
1.19965e+06	0
1.19975e+06	0
1.19985e+06	0
1.19995e+06	0
1.20005e+06	0
1.20015e+06	0
1.20025e+06	0
1.20035e+06	0
1.20045e+06	0
1.20055e+06	0
1.20065e+06	0
1.20075e+06	0
1.20085e+06	0
1.20095e+06	0
1.20105e+06	0
1.20115e+06	0
1.20125e+06	0
1.20135e+06	0
1.20145e+06	0
1.20155e+06	0
1.20165e+06	0
1.20175e+06	0
1.20185e+06	0
1.20195e+06	0
1.20205e+06	0
1.20215e+06	0
1.20225e+06	0
1.20235e+06	0
1.20245e+06	0
1.20255e+06	0
1.20265e+06	0
1.20275e+06	0
1.20285e+06	0
1.20295e+06	0
1.20305e+06	0
1.20315e+06	0
1.20325e+06	0
1.20335e+06	0
1.20345e+06	0
1.20355e+06	0
1.20365e+06	0
1.20375e+06	0
1.20385e+06	0
1.20395e+06	0
1.20405e+06	0
1.20415e+06	0
1.20425e+06	0
1.20435e+06	0
1.20445e+06	0
1.20455e+06	0
1.20465e+06	0
1.20475e+06	0
1.20485e+06	0
1.20495e+06	0
1.20505e+06	0
1.20515e+06	0
1.20525e+06	0
1.20535e+06	0
1.20545e+06	0
1.20555e+06	0
1.20565e+06	0
1.20575e+06	0
1.20585e+06	0
1.20595e+06	0
1.20605e+06	0
1.20615e+06	0
1.20625e+06	0
1.20635e+06	0
1.20645e+06	0
1.20655e+06	0
1.20665e+06	0
1.20675e+06	0
1.20685e+06	0
1.20695e+06	0
1.20705e+06	0
1.20715e+06	0
1.20725e+06	0
1.20735e+06	0
1.20745e+06	0
1.20755e+06	0
1.20765e+06	0
1.20775e+06	0
1.20785e+06	0
1.20795e+06	0
1.20805e+06	0
1.20815e+06	0
1.20825e+06	0
1.20835e+06	0
1.20845e+06	0
1.20855e+06	0
1.20865e+06	0
1.20875e+06	0
1.20885e+06	0
1.20895e+06	0
1.20905e+06	0
1.20915e+06	0
1.20925e+06	0
1.20935e+06	0
1.20945e+06	0
1.20955e+06	0
1.20965e+06	0
1.20975e+06	0
1.20985e+06	0
1.20995e+06	0
1.21005e+06	0
1.21015e+06	0
1.21025e+06	0
1.21035e+06	0
1.21045e+06	0
1.21055e+06	0
1.21065e+06	0
1.21075e+06	0
1.21085e+06	0
1.21095e+06	0
1.21105e+06	0
1.21115e+06	0
1.21125e+06	0
1.21135e+06	0
1.21145e+06	0
1.21155e+06	0
1.21165e+06	0
1.21175e+06	0
1.21185e+06	0
1.21195e+06	0
1.21205e+06	0
1.21215e+06	0
1.21225e+06	0
1.21235e+06	0
1.21245e+06	0
1.21255e+06	0
1.21265e+06	0
1.21275e+06	0
1.21285e+06	0
1.21295e+06	0
1.21305e+06	0
1.21315e+06	0
1.21325e+06	0
1.21335e+06	0
1.21345e+06	0
1.21355e+06	0
1.21365e+06	0
1.21375e+06	0
1.21385e+06	0
1.21395e+06	0
1.21405e+06	0
1.21415e+06	0
1.21425e+06	0
1.21435e+06	0
1.21445e+06	0
1.21455e+06	0
1.21465e+06	0
1.21475e+06	0
1.21485e+06	0
1.21495e+06	0
1.21505e+06	0
1.21515e+06	0
1.21525e+06	0
1.21535e+06	0
1.21545e+06	0
1.21555e+06	0
1.21565e+06	0
1.21575e+06	0
1.21585e+06	0
1.21595e+06	0
1.21605e+06	0
1.21615e+06	0
1.21625e+06	0
1.21635e+06	0
1.21645e+06	0
1.21655e+06	0
1.21665e+06	0
1.21675e+06	0
1.21685e+06	0
1.21695e+06	0
1.21705e+06	0
1.21715e+06	0
1.21725e+06	0
1.21735e+06	0
1.21745e+06	0
1.21755e+06	0
1.21765e+06	0
1.21775e+06	0
1.21785e+06	0
1.21795e+06	0
1.21805e+06	0
1.21815e+06	0
1.21825e+06	0
1.21835e+06	0
1.21845e+06	0
1.21855e+06	0
1.21865e+06	0
1.21875e+06	0
1.21885e+06	0
1.21895e+06	0
1.21905e+06	0
1.21915e+06	0
1.21925e+06	0
1.21935e+06	0
1.21945e+06	0
1.21955e+06	0
1.21965e+06	0
1.21975e+06	0
1.21985e+06	0
1.21995e+06	0
1.22005e+06	0
1.22015e+06	0
1.22025e+06	0
1.22035e+06	0
1.22045e+06	0
1.22055e+06	0
1.22065e+06	0
1.22075e+06	0
1.22085e+06	0
1.22095e+06	0
1.22105e+06	0
1.22115e+06	0
1.22125e+06	0
1.22135e+06	0
1.22145e+06	0
1.22155e+06	0
1.22165e+06	0
1.22175e+06	0
1.22185e+06	0
1.22195e+06	0
1.22205e+06	0
1.22215e+06	0
1.22225e+06	0
1.22235e+06	0
1.22245e+06	0
1.22255e+06	0
1.22265e+06	0
1.22275e+06	0
1.22285e+06	0
1.22295e+06	0
1.22305e+06	0
1.22315e+06	0
1.22325e+06	0
1.22335e+06	0
1.22345e+06	0
1.22355e+06	0
1.22365e+06	0
1.22375e+06	0
1.22385e+06	0
1.22395e+06	0
1.22405e+06	0
1.22415e+06	0
1.22425e+06	0
1.22435e+06	0
1.22445e+06	0
1.22455e+06	0
1.22465e+06	0
1.22475e+06	0
1.22485e+06	0
1.22495e+06	0
1.22505e+06	0
1.22515e+06	0
1.22525e+06	0
1.22535e+06	0
1.22545e+06	0
1.22555e+06	0
1.22565e+06	0
1.22575e+06	0
1.22585e+06	0
1.22595e+06	0
1.22605e+06	0
1.22615e+06	0
1.22625e+06	0
1.22635e+06	0
1.22645e+06	0
1.22655e+06	0
1.22665e+06	0
1.22675e+06	0
1.22685e+06	0
1.22695e+06	0
1.22705e+06	0
1.22715e+06	0
1.22725e+06	0
1.22735e+06	0
1.22745e+06	0
1.22755e+06	0
1.22765e+06	0
1.22775e+06	0
1.22785e+06	0
1.22795e+06	0
1.22805e+06	0
1.22815e+06	0
1.22825e+06	0
1.22835e+06	0
1.22845e+06	0
1.22855e+06	0
1.22865e+06	0
1.22875e+06	0
1.22885e+06	0
1.22895e+06	0
1.22905e+06	0
1.22915e+06	0
1.22925e+06	0
1.22935e+06	0
1.22945e+06	0
1.22955e+06	0
1.22965e+06	0
1.22975e+06	0
1.22985e+06	0
1.22995e+06	0
1.23005e+06	0
1.23015e+06	0
1.23025e+06	0
1.23035e+06	0
1.23045e+06	0
1.23055e+06	0
1.23065e+06	0
1.23075e+06	0
1.23085e+06	0
1.23095e+06	0
1.23105e+06	0
1.23115e+06	0
1.23125e+06	0
1.23135e+06	0
1.23145e+06	0
1.23155e+06	0
1.23165e+06	0
1.23175e+06	0
1.23185e+06	0
1.23195e+06	0
1.23205e+06	0
1.23215e+06	0
1.23225e+06	0
1.23235e+06	0
1.23245e+06	0
1.23255e+06	0
1.23265e+06	0
1.23275e+06	0
1.23285e+06	0
1.23295e+06	0
1.23305e+06	0
1.23315e+06	0
1.23325e+06	0
1.23335e+06	0
1.23345e+06	0
1.23355e+06	0
1.23365e+06	0
1.23375e+06	0
1.23385e+06	0
1.23395e+06	0
1.23405e+06	0
1.23415e+06	0
1.23425e+06	0
1.23435e+06	0
1.23445e+06	0
1.23455e+06	0
1.23465e+06	0
1.23475e+06	0
1.23485e+06	0
1.23495e+06	0
1.23505e+06	0
1.23515e+06	0
1.23525e+06	0
1.23535e+06	0
1.23545e+06	0
1.23555e+06	0
1.23565e+06	0
1.23575e+06	0
1.23585e+06	0
1.23595e+06	0
1.23605e+06	0
1.23615e+06	0
1.23625e+06	0
1.23635e+06	0
1.23645e+06	0
1.23655e+06	0
1.23665e+06	0
1.23675e+06	0
1.23685e+06	0
1.23695e+06	0
1.23705e+06	0
1.23715e+06	0
1.23725e+06	0
1.23735e+06	0
1.23745e+06	0
1.23755e+06	0
1.23765e+06	0
1.23775e+06	0
1.23785e+06	0
1.23795e+06	0
1.23805e+06	0
1.23815e+06	0
1.23825e+06	0
1.23835e+06	0
1.23845e+06	0
1.23855e+06	0
1.23865e+06	0
1.23875e+06	0
1.23885e+06	0
1.23895e+06	0
1.23905e+06	0
1.23915e+06	0
1.23925e+06	0
1.23935e+06	0
1.23945e+06	0
1.23955e+06	0
1.23965e+06	0
1.23975e+06	0
1.23985e+06	0
1.23995e+06	0
1.24005e+06	0
1.24015e+06	0
1.24025e+06	0
1.24035e+06	0
1.24045e+06	0
1.24055e+06	0
1.24065e+06	0
1.24075e+06	0
1.24085e+06	0
1.24095e+06	0
1.24105e+06	0
1.24115e+06	0
1.24125e+06	0
1.24135e+06	0
1.24145e+06	0
1.24155e+06	0
1.24165e+06	0
1.24175e+06	0
1.24185e+06	0
1.24195e+06	0
1.24205e+06	0
1.24215e+06	0
1.24225e+06	0
1.24235e+06	0
1.24245e+06	0
1.24255e+06	0
1.24265e+06	0
1.24275e+06	0
1.24285e+06	0
1.24295e+06	0
1.24305e+06	0
1.24315e+06	0
1.24325e+06	0
1.24335e+06	0
1.24345e+06	0
1.24355e+06	0
1.24365e+06	0
1.24375e+06	0
1.24385e+06	0
1.24395e+06	0
1.24405e+06	0
1.24415e+06	0
1.24425e+06	0
1.24435e+06	0
1.24445e+06	0
1.24455e+06	0
1.24465e+06	0
1.24475e+06	0
1.24485e+06	0
1.24495e+06	0
1.24505e+06	0
1.24515e+06	0
1.24525e+06	0
1.24535e+06	0
1.24545e+06	0
1.24555e+06	0
1.24565e+06	0
1.24575e+06	0
1.24585e+06	0
1.24595e+06	0
1.24605e+06	0
1.24615e+06	0
1.24625e+06	0
1.24635e+06	0
1.24645e+06	0
1.24655e+06	0
1.24665e+06	0
1.24675e+06	0
1.24685e+06	0
1.24695e+06	0
1.24705e+06	0
1.24715e+06	0
1.24725e+06	0
1.24735e+06	0
1.24745e+06	0
1.24755e+06	0
1.24765e+06	0
1.24775e+06	0
1.24785e+06	0
1.24795e+06	0
1.24805e+06	0
1.24815e+06	0
1.24825e+06	0
1.24835e+06	0
1.24845e+06	0
1.24855e+06	0
1.24865e+06	0
1.24875e+06	0
1.24885e+06	0
1.24895e+06	0
1.24905e+06	0
1.24915e+06	0
1.24925e+06	0
1.24935e+06	0
1.24945e+06	0
1.24955e+06	0
1.24965e+06	0
1.24975e+06	0
1.24985e+06	0
1.24995e+06	0
1.25005e+06	0
1.25015e+06	0
1.25025e+06	0
1.25035e+06	0
1.25045e+06	0
1.25055e+06	0
1.25065e+06	0
1.25075e+06	0
1.25085e+06	0
1.25095e+06	0
1.25105e+06	0
1.25115e+06	0
1.25125e+06	0
1.25135e+06	0
1.25145e+06	0
1.25155e+06	0
1.25165e+06	0
1.25175e+06	0
1.25185e+06	0
1.25195e+06	0
1.25205e+06	0
1.25215e+06	0
1.25225e+06	0
1.25235e+06	0
1.25245e+06	0
1.25255e+06	0
1.25265e+06	0
1.25275e+06	0
1.25285e+06	0
1.25295e+06	0
1.25305e+06	0
1.25315e+06	0
1.25325e+06	0
1.25335e+06	0
1.25345e+06	0
1.25355e+06	0
1.25365e+06	0
1.25375e+06	0
1.25385e+06	0
1.25395e+06	0
1.25405e+06	0
1.25415e+06	0
1.25425e+06	0
1.25435e+06	0
1.25445e+06	0
1.25455e+06	0
1.25465e+06	0
1.25475e+06	0
1.25485e+06	0
1.25495e+06	0
1.25505e+06	0
1.25515e+06	0
1.25525e+06	0
1.25535e+06	0
1.25545e+06	0
1.25555e+06	0
1.25565e+06	0
1.25575e+06	0
1.25585e+06	0
1.25595e+06	0
1.25605e+06	0
1.25615e+06	0
1.25625e+06	0
1.25635e+06	0
1.25645e+06	0
1.25655e+06	0
1.25665e+06	0
1.25675e+06	0
1.25685e+06	0
1.25695e+06	0
1.25705e+06	0
1.25715e+06	0
1.25725e+06	0
1.25735e+06	0
1.25745e+06	0
1.25755e+06	0
1.25765e+06	0
1.25775e+06	0
1.25785e+06	0
1.25795e+06	0
1.25805e+06	0
1.25815e+06	0
1.25825e+06	0
1.25835e+06	0
1.25845e+06	0
1.25855e+06	0
1.25865e+06	0
1.25875e+06	0
1.25885e+06	0
1.25895e+06	0
1.25905e+06	0
1.25915e+06	0
1.25925e+06	0
1.25935e+06	0
1.25945e+06	0
1.25955e+06	0
1.25965e+06	0
1.25975e+06	0
1.25985e+06	0
1.25995e+06	0
1.26005e+06	0
1.26015e+06	0
1.26025e+06	0
1.26035e+06	0
1.26045e+06	0
1.26055e+06	0
1.26065e+06	0
1.26075e+06	0
1.26085e+06	0
1.26095e+06	0
1.26105e+06	0
1.26115e+06	0
1.26125e+06	0
1.26135e+06	0
1.26145e+06	0
1.26155e+06	0
1.26165e+06	0
1.26175e+06	0
1.26185e+06	0
1.26195e+06	0
1.26205e+06	0
1.26215e+06	0
1.26225e+06	0
1.26235e+06	0
1.26245e+06	0
1.26255e+06	0
1.26265e+06	0
1.26275e+06	0
1.26285e+06	0
1.26295e+06	0
1.26305e+06	0
1.26315e+06	0
1.26325e+06	0
1.26335e+06	0
1.26345e+06	0
1.26355e+06	0
1.26365e+06	0
1.26375e+06	0
1.26385e+06	0
1.26395e+06	0
1.26405e+06	0
1.26415e+06	0
1.26425e+06	0
1.26435e+06	0
1.26445e+06	0
1.26455e+06	0
1.26465e+06	0
1.26475e+06	0
1.26485e+06	0
1.26495e+06	0
1.26505e+06	0
1.26515e+06	0
1.26525e+06	0
1.26535e+06	0
1.26545e+06	0
1.26555e+06	0
1.26565e+06	0
1.26575e+06	0
1.26585e+06	0
1.26595e+06	0
1.26605e+06	0
1.26615e+06	0
1.26625e+06	0
1.26635e+06	0
1.26645e+06	0
1.26655e+06	0
1.26665e+06	0
1.26675e+06	0
1.26685e+06	0
1.26695e+06	0
1.26705e+06	0
1.26715e+06	0
1.26725e+06	0
1.26735e+06	0
1.26745e+06	0
1.26755e+06	0
1.26765e+06	0
1.26775e+06	0
1.26785e+06	0
1.26795e+06	0
1.26805e+06	0
1.26815e+06	0
1.26825e+06	0
1.26835e+06	0
1.26845e+06	0
1.26855e+06	0
1.26865e+06	0
1.26875e+06	0
1.26885e+06	0
1.26895e+06	0
1.26905e+06	0
1.26915e+06	0
1.26925e+06	0
1.26935e+06	0
1.26945e+06	0
1.26955e+06	0
1.26965e+06	0
1.26975e+06	0
1.26985e+06	0
1.26995e+06	0
1.27005e+06	0
1.27015e+06	0
1.27025e+06	0
1.27035e+06	0
1.27045e+06	0
1.27055e+06	0
1.27065e+06	0
1.27075e+06	0
1.27085e+06	0
1.27095e+06	0
1.27105e+06	0
1.27115e+06	0
1.27125e+06	0
1.27135e+06	0
1.27145e+06	0
1.27155e+06	0
1.27165e+06	0
1.27175e+06	0
1.27185e+06	0
1.27195e+06	0
1.27205e+06	0
1.27215e+06	0
1.27225e+06	0
1.27235e+06	0
1.27245e+06	0
1.27255e+06	0
1.27265e+06	0
1.27275e+06	0
1.27285e+06	0
1.27295e+06	0
1.27305e+06	0
1.27315e+06	0
1.27325e+06	0
1.27335e+06	0
1.27345e+06	0
1.27355e+06	0
1.27365e+06	0
1.27375e+06	0
1.27385e+06	0
1.27395e+06	0
1.27405e+06	0
1.27415e+06	0
1.27425e+06	0
1.27435e+06	0
1.27445e+06	0
1.27455e+06	0
1.27465e+06	0
1.27475e+06	0
1.27485e+06	0
1.27495e+06	0
1.27505e+06	0
1.27515e+06	0
1.27525e+06	0
1.27535e+06	0
1.27545e+06	0
1.27555e+06	0
1.27565e+06	0
1.27575e+06	0
1.27585e+06	0
1.27595e+06	0
1.27605e+06	0
1.27615e+06	0
1.27625e+06	0
1.27635e+06	0
1.27645e+06	0
1.27655e+06	0
1.27665e+06	0
1.27675e+06	0
1.27685e+06	2.47033e-323
1.27695e+06	1.16599e-321
1.27705e+06	5.42089e-320
1.27715e+06	2.49099e-318
1.27725e+06	1.1332e-316
1.27735e+06	5.10389e-315
1.27745e+06	2.2759e-313
1.27755e+06	1.00476e-311
1.27765e+06	4.39162e-310
1.27775e+06	1.90041e-308
1.27785e+06	8.14191e-307
1.27795e+06	3.45352e-305
1.27805e+06	1.45029e-303
1.27815e+06	6.02984e-302
1.27825e+06	2.48207e-300
1.27835e+06	1.01153e-298
1.27845e+06	4.08131e-297
1.27855e+06	1.63034e-295
1.27865e+06	6.44783e-294
1.27875e+06	2.52468e-292
1.27885e+06	9.78714e-291
1.27895e+06	3.75632e-289
1.27905e+06	1.42734e-287
1.27915e+06	5.36966e-286
1.27925e+06	1.99998e-284
1.27935e+06	7.37496e-283
1.27945e+06	2.69248e-281
1.27955e+06	9.73197e-280
1.27965e+06	3.48263e-278
1.27975e+06	1.23387e-276
1.27985e+06	4.32803e-275
1.27995e+06	1.50303e-273
1.28005e+06	5.16776e-272
1.28015e+06	1.75911e-270
1.28025e+06	5.92846e-269
1.28035e+06	1.9781e-267
1.28045e+06	6.53446e-266
1.28055e+06	2.13712e-264
1.28065e+06	6.92e-263
1.28075e+06	2.2184e-261
1.28085e+06	7.04094e-260
1.28095e+06	2.21248e-258
1.28105e+06	6.88309e-257
1.28115e+06	2.12005e-255
1.28125e+06	6.46494e-254
1.28135e+06	1.95182e-252
1.28145e+06	5.8341e-251
1.28155e+06	1.72649e-249
1.28165e+06	5.05837e-248
1.28175e+06	1.46729e-246
1.28185e+06	4.21383e-245
1.28195e+06	1.19811e-243
1.28205e+06	3.37264e-242
1.28215e+06	9.39946e-241
1.28225e+06	2.59354e-239
1.28235e+06	7.08499e-238
1.28245e+06	1.91621e-236
1.28255e+06	5.13102e-235
1.28265e+06	1.36026e-233
1.28275e+06	3.57023e-232
1.28285e+06	9.27744e-231
1.28295e+06	2.3868e-229
1.28305e+06	6.07943e-228
1.28315e+06	1.53308e-226
1.28325e+06	3.8276e-225
1.28335e+06	9.46113e-224
1.28345e+06	2.31535e-222
1.28355e+06	5.60982e-221
1.28365e+06	1.34567e-219
1.28375e+06	3.19582e-218
1.28385e+06	7.51424e-217
1.28395e+06	1.74922e-215
1.28405e+06	4.03145e-214
1.28415e+06	9.19887e-213
1.28425e+06	2.07809e-211
1.28435e+06	4.64786e-210
1.28445e+06	1.02919e-208
1.28455e+06	2.25631e-207
1.28465e+06	4.89732e-206
1.28475e+06	1.05238e-204
1.28485e+06	2.23896e-203
1.28495e+06	4.71604e-202
1.28505e+06	9.83477e-201
1.28515e+06	2.03053e-199
1.28525e+06	4.15059e-198
1.28535e+06	8.39978e-197
1.28545e+06	1.683e-195
1.28555e+06	3.33853e-194
1.28565e+06	6.5567e-193
1.28575e+06	1.27489e-191
1.28585e+06	2.45423e-190
1.28595e+06	4.67752e-189
1.28605e+06	8.82619e-188
1.28615e+06	1.64888e-186
1.28625e+06	3.04972e-185
1.28635e+06	5.58456e-184
1.28645e+06	1.01245e-182
1.28655e+06	1.81726e-181
1.28665e+06	3.22937e-180
1.28675e+06	5.68165e-179
1.28685e+06	9.89666e-178
1.28695e+06	1.70671e-176
1.28705e+06	2.91399e-175
1.28715e+06	4.92576e-174
1.28725e+06	8.24357e-173
1.28735e+06	1.36589e-171
1.28745e+06	2.24064e-170
1.28755e+06	3.63902e-169
1.28765e+06	5.85134e-168
1.28775e+06	9.315e-167
1.28785e+06	1.46814e-165
1.28795e+06	2.29092e-164
1.28805e+06	3.53922e-163
1.28815e+06	5.41332e-162
1.28825e+06	8.19741e-161
1.28835e+06	1.22898e-159
1.28845e+06	1.8242e-158
1.28855e+06	2.68076e-157
1.28865e+06	3.90031e-156
1.28875e+06	5.61819e-155
1.28885e+06	8.0122e-154
1.28895e+06	1.13126e-152
1.28905e+06	1.58137e-151
1.28915e+06	2.18857e-150
1.28925e+06	2.99877e-149
1.28935e+06	4.06803e-148
1.28945e+06	5.46363e-147
1.28955e+06	7.265e-146
1.28965e+06	9.56417e-145
1.28975e+06	1.24657e-143
1.28985e+06	1.60858e-142
1.28995e+06	2.05506e-141
1.29005e+06	2.59935e-140
1.29015e+06	3.25508e-139
1.29025e+06	4.03567e-138
1.29035e+06	4.95366e-137
1.29045e+06	6.01997e-136
1.29055e+06	7.24302e-135
1.29065e+06	8.62784e-134
1.29075e+06	1.01752e-132
1.29085e+06	1.18806e-131
1.29095e+06	1.37338e-130
1.29105e+06	1.57181e-129
1.29115e+06	1.78102e-128
1.29125e+06	1.99799e-127
1.29135e+06	2.21909e-126
1.29145e+06	2.44013e-125
1.29155e+06	2.6565e-124
1.29165e+06	2.86327e-123
1.29175e+06	3.05542e-122
1.29185e+06	3.22804e-121
1.29195e+06	3.37647e-120
1.29205e+06	3.49658e-119
1.29215e+06	3.58493e-118
1.29225e+06	3.63895e-117
1.29235e+06	3.65703e-116
1.29245e+06	3.63863e-115
1.29255e+06	3.5843e-114
1.29265e+06	3.49564e-113
1.29275e+06	3.37526e-112
1.29285e+06	3.2266e-111
1.29295e+06	3.05379e-110
1.29305e+06	2.86148e-109
1.29315e+06	2.6546e-108
1.29325e+06	2.43818e-107
1.29335e+06	2.21711e-106
1.29345e+06	1.99603e-105
1.29355e+06	1.77912e-104
1.29365e+06	1.56999e-103
1.29375e+06	1.37167e-102
1.29385e+06	1.18647e-101
1.29395e+06	1.01607e-100
1.29405e+06	8.61478e-100
1.29415e+06	7.23141e-99
1.29425e+06	6.00979e-98
1.29435e+06	4.94484e-97
1.29445e+06	4.02812e-96
1.29455e+06	3.2487e-95
1.29465e+06	2.59403e-94
1.29475e+06	2.05067e-93
1.29485e+06	1.605e-92
1.29495e+06	1.24368e-91
1.29505e+06	9.54119e-91
1.29515e+06	7.2469e-90
1.29525e+06	5.44953e-89
1.29535e+06	4.05717e-88
1.29545e+06	2.9905e-87
1.29555e+06	2.18234e-86
1.29565e+06	1.57673e-85
1.29575e+06	1.12784e-84
1.29585e+06	7.98726e-84
1.29595e+06	5.6002e-83
1.29605e+06	3.88747e-82
1.29615e+06	2.6717e-81
1.29625e+06	1.81788e-80
1.29635e+06	1.22461e-79
1.29645e+06	8.16752e-79
1.29655e+06	5.3931e-78
1.29665e+06	3.52569e-77
1.29675e+06	2.28195e-76
1.29685e+06	1.46227e-75
1.29695e+06	9.2769e-75
1.29705e+06	5.82689e-74
1.29715e+06	3.62349e-73
1.29725e+06	2.23087e-72
1.29735e+06	1.35982e-71
1.29745e+06	8.2062e-71
1.29755e+06	4.90299e-70
1.29765e+06	2.90026e-69
1.29775e+06	1.69852e-68
1.29785e+06	9.84828e-68
1.29795e+06	5.65337e-67
1.29805e+06	3.21301e-66
1.29815e+06	1.80789e-65
1.29825e+06	1.00714e-64
1.29835e+06	5.55478e-64
1.29845e+06	3.03319e-63
1.29855e+06	1.63979e-62
1.29865e+06	8.77679e-62
1.29875e+06	4.65092e-61
1.29885e+06	2.44006e-60
1.29895e+06	1.26741e-59
1.29905e+06	6.51767e-59
1.29915e+06	3.31837e-58
1.29925e+06	1.67268e-57
1.29935e+06	8.34756e-57
1.29945e+06	4.12442e-56
1.29955e+06	2.01754e-55
1.29965e+06	9.77101e-55
1.29975e+06	4.68505e-54
1.29985e+06	2.22405e-53
1.29995e+06	1.04528e-52
1.30005e+06	4.86383e-52
1.30015e+06	2.24069e-51
1.30025e+06	1.02198e-50
1.30035e+06	4.61485e-50
1.30045e+06	2.06315e-49
1.30055e+06	9.13191e-49
1.30065e+06	4.00174e-48
1.30075e+06	1.73618e-47
1.30085e+06	7.45754e-47
1.30095e+06	3.17143e-46
1.30105e+06	1.33527e-45
1.30115e+06	5.566e-45
1.30125e+06	2.29707e-44
1.30135e+06	9.38557e-44
1.30145e+06	3.79669e-43
1.30155e+06	1.52057e-42
1.30165e+06	6.02926e-42
1.30175e+06	2.3669e-41
1.30185e+06	9.19924e-41
1.30195e+06	3.53982e-40
1.30205e+06	1.34855e-39
1.30215e+06	5.08641e-39
1.30225e+06	1.89938e-38
1.30235e+06	7.02214e-38
1.30245e+06	2.5703e-37
1.30255e+06	9.31443e-37
1.30265e+06	3.34183e-36
1.30275e+06	1.18705e-35
1.30285e+06	4.17459e-35
1.30295e+06	1.4535e-34
1.30305e+06	5.01038e-34
1.30315e+06	1.70996e-33
1.30325e+06	5.77771e-33
1.30335e+06	1.93279e-32
1.30345e+06	6.40132e-32
1.30355e+06	2.099e-31
1.30365e+06	6.81414e-31
1.30375e+06	2.19012e-30
1.30385e+06	6.96917e-30
1.30395e+06	2.19559e-29
1.30405e+06	6.84824e-29
1.30415e+06	2.11477e-28
1.30425e+06	6.46555e-28
1.30435e+06	1.95706e-27
1.30445e+06	5.86489e-27
1.30455e+06	1.74009e-26
1.30465e+06	5.11143e-26
1.30475e+06	1.48652e-25
1.30485e+06	4.2801e-25
1.30495e+06	1.2201e-24
1.30505e+06	3.44344e-24
1.30515e+06	9.62162e-24
1.30525e+06	2.66171e-23
1.30535e+06	7.29003e-23
1.30545e+06	1.97677e-22
1.30555e+06	5.30688e-22
1.30565e+06	1.41052e-21
1.30575e+06	3.71174e-21
1.30585e+06	9.67012e-21
1.30595e+06	2.49427e-20
1.30605e+06	6.3696e-20
1.30615e+06	1.61042e-19
1.30625e+06	4.03107e-19
1.30635e+06	9.98989e-19
1.30645e+06	2.45108e-18
1.30655e+06	5.95404e-18
1.30665e+06	1.43193e-17
1.30675e+06	3.4095e-17
1.30685e+06	8.0374e-17
1.30695e+06	1.87585e-16
1.30705e+06	4.33448e-16
1.30715e+06	9.91593e-16
1.30725e+06	2.24588e-15
1.30735e+06	5.03613e-15
1.30745e+06	1.11806e-14
1.30755e+06	2.45748e-14
1.30765e+06	5.34775e-14
1.30775e+06	1.15215e-13
1.30785e+06	2.45756e-13
1.30795e+06	5.18988e-13
1.30805e+06	1.08509e-12
1.30815e+06	2.24613e-12
1.30825e+06	4.60318e-12
1.30835e+06	9.33984e-12
1.30845e+06	1.87619e-11
1.30855e+06	3.7314e-11
1.30865e+06	7.34724e-11
1.30875e+06	1.4323e-10
1.30885e+06	2.76439e-10
1.30895e+06	5.2823e-10
1.30905e+06	9.99317e-10
1.30915e+06	1.87172e-09
1.30925e+06	3.47085e-09
1.30935e+06	6.37216e-09
1.30945e+06	1.15823e-08
1.30955e+06	2.0843e-08
1.30965e+06	3.7135e-08
1.30975e+06	6.55033e-08
1.30985e+06	1.14393e-07
1.30995e+06	1.97785e-07
1.31005e+06	3.38567e-07
1.31015e+06	5.7379e-07
1.31025e+06	9.6276e-07
1.31035e+06	1.59934e-06
1.31045e+06	2.63038e-06
1.31055e+06	4.28307e-06
1.31065e+06	6.90476e-06
1.31075e+06	1.10204e-05
1.31085e+06	1.74143e-05
1.31095e+06	2.7244e-05
1.31105e+06	4.2198e-05
1.31115e+06	6.47098e-05
1.31125e+06	9.8244e-05
1.31135e+06	0.000147672
1.31145e+06	0.00021976
1.31155e+06	0.000323784
1.31165e+06	0.000472301
1.31175e+06	0.000682087
1.31185e+06	0.000975253
1.31195e+06	0.00138055
1.31205e+06	0.00193484
1.31215e+06	0.00268469
1.31225e+06	0.00368807
1.31235e+06	0.00501606
1.31245e+06	0.00675434
1.31255e+06	0.00900451
1.31265e+06	0.0118849
1.31275e+06	0.0155305
1.31285e+06	0.0200925
1.31295e+06	0.0257359
1.31305e+06	0.0326364
1.31315e+06	0.0409753
1.31325e+06	0.0509329
1.31335e+06	0.0626805
1.31345e+06	0.07637
1.31355e+06	0.0921236
1.31365e+06	0.110021
1.31375e+06	0.130088
1.31385e+06	0.152285
1.31395e+06	0.176495
1.31405e+06	0.202519
1.31415e+06	0.230068
1.31425e+06	0.258764
1.31435e+06	0.288143
1.31445e+06	0.317665
1.31455e+06	0.346727
1.31465e+06	0.374682
1.31475e+06	0.400862
1.31485e+06	0.424605
1.31495e+06	0.445278
1.31505e+06	0.462312
1.31515e+06	0.475221
1.31525e+06	0.48363
1.31535e+06	0.487291
1.31545e+06	0.486094
1.31555e+06	0.480075
1.31565e+06	0.469413
1.31575e+06	0.454421
1.31585e+06	0.43553
1.31595e+06	0.413271
1.31605e+06	0.388248
1.31615e+06	0.361111
1.31625e+06	0.332529
1.31635e+06	0.303162
1.31645e+06	0.273638
1.31655e+06	0.244532
1.31665e+06	0.216348
1.31675e+06	0.189507
1.31685e+06	0.164345
1.31695e+06	0.141106
1.31705e+06	0.119947
1.31715e+06	0.100946
1.31725e+06	0.0841105
1.31735e+06	0.0693851
1.31745e+06	0.0566681
1.31755e+06	0.0458215
1.31765e+06	0.0366823
1.31775e+06	0.0290737
1.31785e+06	0.022814
1.31795e+06	0.0177239
1.31805e+06	0.0136325
1.31815e+06	0.0103812
1.31825e+06	0.0078267
1.31835e+06	0.00584209
1.31845e+06	0.00431737
1.31855e+06	0.00315891
1.31865e+06	0.00228843
1.31875e+06	0.00164156
1.31885e+06	0.00116624
1.31895e+06	0.000821008
1.31905e+06	0.000573432
1.31915e+06	0.000398569
1.31925e+06	0.00027768
1.31935e+06	0.000197133
1.31945e+06	0.000147561
1.31955e+06	0.000123278
1.31965e+06	0.00012198
1.31975e+06	0.000144761
1.31985e+06	0.000196488
1.31995e+06	0.000286587
1.32005e+06	0.000430338
1.32015e+06	0.000650778
1.32025e+06	0.000981345
1.32035e+06	0.00146943
1.32045e+06	0.00218101
1.32055e+06	0.00320655
1.32065e+06	0.00466834
1.32075e+06	0.00672945
1.32085e+06	0.00960436
1.32095e+06	0.0135713
1.32105e+06	0.0189859
1.32115e+06	0.0262966
1.32125e+06	0.0360601
1.32135e+06	0.0489565
1.32145e+06	0.0658038
1.32155e+06	0.0875687
1.32165e+06	0.115373
1.32175e+06	0.150493
1.32185e+06	0.19435
1.32195e+06	0.248491
1.32205e+06	0.314553
1.32215e+06	0.394216
1.32225e+06	0.489139
1.32235e+06	0.600878
1.32245e+06	0.730799
1.32255e+06	0.879967
1.32265e+06	1.04904
1.32275e+06	1.23815
1.32285e+06	1.44682
1.32295e+06	1.67383
1.32305e+06	1.91719
1.32315e+06	2.17408
1.32325e+06	2.44086
1.32335e+06	2.71311
1.32345e+06	2.98573
1.32355e+06	3.25304
1.32365e+06	3.50901
1.32375e+06	3.74747
1.32385e+06	3.96231
1.32395e+06	4.14778
1.32405e+06	4.29873
1.32415e+06	4.41084
1.32425e+06	4.48084
1.32435e+06	4.50667
1.32445e+06	4.48754
1.32455e+06	4.42402
1.32465e+06	4.31801
1.32475e+06	4.17261
1.32485e+06	3.99198
1.32495e+06	3.78117
1.32505e+06	3.54586
1.32515e+06	3.2921
1.32525e+06	3.02609
1.32535e+06	2.7539
1.32545e+06	2.48125
1.32555e+06	2.21336
1.32565e+06	1.95474
1.32575e+06	1.70916
1.32585e+06	1.47957
1.32595e+06	1.26807
1.32605e+06	1.07599
1.32615e+06	0.903921
1.32625e+06	0.751813
1.32635e+06	0.61908
1.32645e+06	0.504708
1.32655e+06	0.407372
1.32665e+06	0.325536
1.32675e+06	0.257551
1.32685e+06	0.201737
1.32695e+06	0.156446
1.32705e+06	0.120116
1.32715e+06	0.0913047
1.32725e+06	0.0687137
1.32735e+06	0.0511977
1.32745e+06	0.0377672
1.32755e+06	0.0275826
1.32765e+06	0.0199441
1.32775e+06	0.0142774
1.32785e+06	0.0101191
1.32795e+06	0.00710054
1.32805e+06	0.00493285
1.32815e+06	0.00339282
1.32825e+06	0.00231037
1.32835e+06	0.00155761
1.32845e+06	0.00103967
1.32855e+06	0.000687047
1.32865e+06	0.000449506
1.32875e+06	0.000291166
1.32885e+06	0.000186726
1.32895e+06	0.000118556
1.32905e+06	7.45248e-05
1.32915e+06	4.63805e-05
1.32925e+06	2.85776e-05
1.32935e+06	1.74331e-05
1.32945e+06	1.05288e-05
1.32955e+06	6.29567e-06
1.32965e+06	3.72702e-06
1.32975e+06	2.18443e-06
1.32985e+06	1.26757e-06
1.32995e+06	7.28219e-07
1.33005e+06	4.142e-07
1.33015e+06	2.33246e-07
1.33025e+06	1.3004e-07
1.33035e+06	7.17786e-08
1.33045e+06	3.92257e-08
1.33055e+06	2.12229e-08
1.33065e+06	1.13683e-08
1.33075e+06	6.02894e-09
1.33085e+06	3.16552e-09
1.33095e+06	1.64553e-09
1.33105e+06	8.46884e-10
1.33115e+06	4.31518e-10
1.33125e+06	2.17687e-10
1.33135e+06	1.08723e-10
1.33145e+06	5.3761e-11
1.33155e+06	2.63191e-11
1.33165e+06	1.27565e-11
1.33175e+06	6.12137e-12
1.33185e+06	2.90819e-12
1.33195e+06	1.3679e-12
1.33205e+06	6.37006e-13
1.33215e+06	2.9369e-13
1.33225e+06	1.34058e-13
1.33235e+06	6.05832e-14
1.33245e+06	2.71062e-14
1.33255e+06	1.20072e-14
1.33265e+06	5.26592e-15
1.33275e+06	2.28645e-15
1.33285e+06	9.82896e-16
1.33295e+06	4.18321e-16
1.33305e+06	1.76266e-16
1.33315e+06	7.35335e-17
1.33325e+06	3.0371e-17
1.33335e+06	1.24191e-17
1.33345e+06	5.02779e-18
1.33355e+06	2.01521e-18
1.33365e+06	7.99692e-19
1.33375e+06	3.14182e-19
1.33385e+06	1.22207e-19
1.33395e+06	4.7062e-20
1.33405e+06	1.79432e-20
1.33415e+06	6.77309e-21
1.33425e+06	2.53123e-21
1.33435e+06	9.36552e-22
1.33445e+06	3.43076e-22
1.33455e+06	1.24424e-22
1.33465e+06	4.46763e-23
1.33475e+06	1.5882e-23
1.33485e+06	5.58975e-24
1.33495e+06	1.94776e-24
1.33505e+06	6.71949e-25
1.33515e+06	2.29506e-25
1.33525e+06	7.76083e-26
1.33535e+06	2.59824e-26
1.33545e+06	8.61209e-27
1.33555e+06	2.82614e-27
1.33565e+06	9.18199e-28
1.33575e+06	2.9535e-28
1.33585e+06	9.40575e-29
1.33595e+06	2.96556e-29
1.33605e+06	9.25717e-30
1.33615e+06	2.86092e-30
1.33625e+06	8.75369e-31
1.33635e+06	2.65175e-31
1.33645e+06	7.95303e-32
1.33655e+06	2.3615e-32
1.33665e+06	6.94228e-33
1.33675e+06	2.02056e-33
1.33685e+06	5.82237e-34
1.33695e+06	1.66106e-34
1.33705e+06	4.69165e-35
1.33715e+06	1.31197e-35
1.33725e+06	3.63228e-36
1.33735e+06	9.95617e-37
1.33745e+06	2.70185e-37
1.33755e+06	7.2592e-38
1.33765e+06	1.93096e-38
1.33775e+06	5.08526e-39
1.33785e+06	1.3259e-39
1.33795e+06	3.42268e-40
1.33805e+06	8.74739e-41
1.33815e+06	2.21334e-41
1.33825e+06	5.54464e-42
1.33835e+06	1.37517e-42
1.33845e+06	3.37674e-43
1.33855e+06	8.20908e-44
1.33865e+06	1.97583e-44
1.33875e+06	4.70826e-45
1.33885e+06	1.11078e-45
1.33895e+06	2.5945e-46
1.33905e+06	5.9998e-47
1.33915e+06	1.37365e-47
1.33925e+06	3.11367e-48
1.33935e+06	6.98758e-49
1.33945e+06	1.55252e-49
1.33955e+06	3.41512e-50
1.33965e+06	7.43756e-51
1.33975e+06	1.60366e-51
1.33985e+06	3.42335e-52
1.33995e+06	7.23515e-53
1.34005e+06	1.51391e-53
1.34015e+06	3.13625e-54
1.34025e+06	6.43248e-55
1.34035e+06	1.30618e-55
1.34045e+06	2.62593e-56
1.34055e+06	5.22664e-57
1.34065e+06	1.02995e-57
1.34075e+06	2.00942e-58
1.34085e+06	3.88132e-59
1.34095e+06	7.42244e-60
1.34105e+06	1.4053e-60
1.34115e+06	2.63421e-61
1.34125e+06	4.88865e-62
1.34135e+06	8.98222e-63
1.34145e+06	1.63394e-63
1.34155e+06	2.94269e-64
1.34165e+06	5.24699e-65
1.34175e+06	9.26261e-66
1.34185e+06	1.61888e-66
1.34195e+06	2.80124e-67
1.34205e+06	4.79894e-68
1.34215e+06	8.13948e-69
1.34225e+06	1.3668e-69
1.34235e+06	2.27232e-70
1.34245e+06	3.74018e-71
1.34255e+06	6.09498e-72
1.34265e+06	9.83352e-73
1.34275e+06	1.57073e-73
1.34285e+06	2.48406e-74
1.34295e+06	3.89273e-75
1.34305e+06	6.25951e-76
1.34315e+06	2.42055e-76
1.34325e+06	9.73289e-76
1.34335e+06	6.09421e-75
1.34345e+06	3.83063e-74
1.34355e+06	2.38465e-73
1.34365e+06	1.46973e-72
1.34375e+06	8.96831e-72
1.34385e+06	5.418e-71
1.34395e+06	3.2406e-70
1.34405e+06	1.91897e-69
1.34415e+06	1.12504e-68
1.34425e+06	6.53017e-68
1.34435e+06	3.75265e-67
1.34445e+06	2.13506e-66
1.34455e+06	1.20264e-65
1.34465e+06	6.70691e-65
1.34475e+06	3.70309e-64
1.34485e+06	2.02425e-63
1.34495e+06	1.09552e-62
1.34505e+06	5.86994e-62
1.34515e+06	3.11389e-61
1.34525e+06	1.63543e-60
1.34535e+06	8.50385e-60
1.34545e+06	4.37781e-59
1.34555e+06	2.23129e-58
1.34565e+06	1.12593e-57
1.34575e+06	5.62502e-57
1.34585e+06	2.78224e-56
1.34595e+06	1.36245e-55
1.34605e+06	6.60548e-55
1.34615e+06	3.17063e-54
1.34625e+06	1.50676e-53
1.34635e+06	7.08922e-53
1.34645e+06	3.30225e-52
1.34655e+06	1.52293e-51
1.34665e+06	6.95354e-51
1.34675e+06	3.14332e-50
1.34685e+06	1.40679e-49
1.34695e+06	6.23343e-49
1.34705e+06	2.73452e-48
1.34715e+06	1.18766e-47
1.34725e+06	5.10694e-47
1.34735e+06	2.17414e-46
1.34745e+06	9.16367e-46
1.34755e+06	3.82392e-45
1.34765e+06	1.57981e-44
1.34775e+06	6.46189e-44
1.34785e+06	2.6168e-43
1.34795e+06	1.04915e-42
1.34805e+06	4.1645e-42
1.34815e+06	1.63661e-41
1.34825e+06	6.36773e-41
1.34835e+06	2.4529e-40
1.34845e+06	9.35478e-40
1.34855e+06	3.53219e-39
1.34865e+06	1.32042e-38
1.34875e+06	4.88693e-38
1.34885e+06	1.79068e-37
1.34895e+06	6.49614e-37
1.34905e+06	2.3332e-36
1.34915e+06	8.29667e-36
1.34925e+06	2.92088e-35
1.34935e+06	1.01808e-34
1.34945e+06	3.51321e-34
1.34955e+06	1.20029e-33
1.34965e+06	4.05997e-33
1.34975e+06	1.35962e-32
1.34985e+06	4.50785e-32
1.34995e+06	1.47972e-31
1.35005e+06	4.80889e-31
1.35015e+06	1.54728e-30
1.35025e+06	4.92888e-30
1.35035e+06	1.55448e-29
1.35045e+06	4.85377e-29
1.35055e+06	1.50048e-28
1.35065e+06	4.5924e-28
1.35075e+06	1.39157e-27
1.35085e+06	4.17472e-27
1.35095e+06	1.23996e-26
1.35105e+06	3.64623e-26
1.35115e+06	1.06154e-25
1.35125e+06	3.05977e-25
1.35135e+06	8.73166e-25
1.35145e+06	2.46696e-24
1.35155e+06	6.90055e-24
1.35165e+06	1.91101e-23
1.35175e+06	5.23961e-23
1.35185e+06	1.4223e-22
1.35195e+06	3.82246e-22
1.35205e+06	1.01707e-21
1.35215e+06	2.67926e-21
1.35225e+06	6.98775e-21
1.35235e+06	1.80433e-20
1.35245e+06	4.61267e-20
1.35255e+06	1.16747e-19
1.35265e+06	2.92547e-19
1.35275e+06	7.25778e-19
1.35285e+06	1.78266e-18
1.35295e+06	4.33502e-18
1.35305e+06	1.04369e-17
1.35315e+06	2.48775e-17
1.35325e+06	5.87084e-17
1.35335e+06	1.37168e-16
1.35345e+06	3.17293e-16
1.35355e+06	7.26652e-16
1.35365e+06	1.64759e-15
1.35375e+06	3.69855e-15
1.35385e+06	8.21997e-15
1.35395e+06	1.8087e-14
1.35405e+06	3.94022e-14
1.35415e+06	8.49831e-14
1.35425e+06	1.81469e-13
1.35435e+06	3.83646e-13
1.35445e+06	8.03004e-13
1.35455e+06	1.66404e-12
1.35465e+06	3.41402e-12
1.35475e+06	6.93472e-12
1.35485e+06	1.3946e-11
1.35495e+06	2.77672e-11
1.35505e+06	5.47359e-11
1.35515e+06	1.06825e-10
1.35525e+06	2.06412e-10
1.35535e+06	3.94873e-10
1.35545e+06	7.47897e-10
1.35555e+06	1.40245e-09
1.35565e+06	2.60374e-09
1.35575e+06	4.78598e-09
1.35585e+06	8.70982e-09
1.35595e+06	1.56933e-08
1.35605e+06	2.79952e-08
1.35615e+06	4.94451e-08
1.35625e+06	8.64636e-08
1.35635e+06	1.49697e-07
1.35645e+06	2.56608e-07
1.35655e+06	4.35514e-07
1.35665e+06	7.31834e-07
1.35675e+06	1.2176e-06
1.35685e+06	2.00578e-06
1.35695e+06	3.27153e-06
1.35705e+06	5.28339e-06
1.35715e+06	8.44838e-06
1.35725e+06	1.33764e-05
1.35735e+06	2.09709e-05
1.35745e+06	3.25546e-05
1.35755e+06	5.00422e-05
1.35765e+06	7.61724e-05
1.35775e+06	0.000114817
1.35785e+06	0.000171386
1.35795e+06	0.00025335
1.35805e+06	0.000370899
1.35815e+06	0.000537773
1.35825e+06	0.000772273
1.35835e+06	0.00109848
1.35845e+06	0.00154772
1.35855e+06	0.00216023
1.35865e+06	0.00298705
1.35875e+06	0.00409223
1.35885e+06	0.00555508
1.35895e+06	0.00747271
1.35905e+06	0.00996261
1.35915e+06	0.0131652
1.35925e+06	0.0172466
1.35935e+06	0.0224007
1.35945e+06	0.0288519
1.35955e+06	0.0368566
1.35965e+06	0.0467051
1.35975e+06	0.0587227
1.35985e+06	0.0732704
1.35995e+06	0.0907453
1.36005e+06	0.11158
1.36015e+06	0.136241
1.36025e+06	0.165228
1.36035e+06	0.199069
1.36045e+06	0.238314
1.36055e+06	0.283533
1.36065e+06	0.335299
1.36075e+06	0.394178
1.36085e+06	0.460714
1.36095e+06	0.535398
1.36105e+06	0.618648
1.36115e+06	0.710775
1.36125e+06	0.81194
1.36135e+06	0.922121
1.36145e+06	1.04106
1.36155e+06	1.16824
1.36165e+06	1.30282
1.36175e+06	1.44363
1.36185e+06	1.58913
1.36195e+06	1.73744
1.36205e+06	1.88632
1.36215e+06	2.03323
1.36225e+06	2.17536
1.36235e+06	2.30979
1.36245e+06	2.43348
1.36255e+06	2.54351
1.36265e+06	2.63711
1.36275e+06	2.71188
1.36285e+06	2.76589
1.36295e+06	2.79781
1.36305e+06	2.80702
1.36315e+06	2.79372
1.36325e+06	2.75897
1.36335e+06	2.70471
1.36345e+06	2.63377
1.36355e+06	2.54982
1.36365e+06	2.45729
1.36375e+06	2.36127
1.36385e+06	2.26739
1.36395e+06	2.18165
1.36405e+06	2.11027
1.36415e+06	2.05952
1.36425e+06	2.03549
1.36435e+06	2.04393
1.36445e+06	2.09006
1.36455e+06	2.17833
1.36465e+06	2.31226
1.36475e+06	2.49422
1.36485e+06	2.72528
1.36495e+06	3.00503
1.36505e+06	3.33147
1.36515e+06	3.70091
1.36525e+06	4.10798
1.36535e+06	4.54561
1.36545e+06	5.00517
1.36555e+06	5.47665
1.36565e+06	5.94891
1.36575e+06	6.41005
1.36585e+06	6.84777
1.36595e+06	7.24985
1.36605e+06	7.60461
1.36615e+06	7.9014
1.36625e+06	8.13104
1.36635e+06	8.28627
1.36645e+06	8.36198
1.36655e+06	8.35553
1.36665e+06	8.26678
1.36675e+06	8.09814
1.36685e+06	7.85438
1.36695e+06	7.54242
1.36705e+06	7.17095
1.36715e+06	6.75006
1.36725e+06	6.29073
1.36735e+06	5.80438
1.36745e+06	5.30238
1.36755e+06	4.79563
1.36765e+06	4.29418
1.36775e+06	3.80694
1.36785e+06	3.34143
1.36795e+06	2.90371
1.36805e+06	2.49829
1.36815e+06	2.12817
1.36825e+06	1.79496
1.36835e+06	1.49901
1.36845e+06	1.23961
1.36855e+06	1.01517
1.36865e+06	0.823448
1.36875e+06	0.661757
1.36885e+06	0.527122
1.36895e+06	0.416461
1.36905e+06	0.326714
1.36915e+06	0.254946
1.36925e+06	0.198421
1.36935e+06	0.154653
1.36945e+06	0.121434
1.36955e+06	0.0968347
1.36965e+06	0.0792035
1.36975e+06	0.0671442
1.36985e+06	0.0594914
1.36995e+06	0.0552818
1.37005e+06	0.0537238
1.37015e+06	0.0541681
1.37025e+06	0.0560816
1.37035e+06	0.0590236
1.37045e+06	0.0626267
1.37055e+06	0.0665817
1.37065e+06	0.0706257
1.37075e+06	0.0745344
1.37085e+06	0.0781169
1.37095e+06	0.0812127
1.37105e+06	0.083691
1.37115e+06	0.0854499
1.37125e+06	0.0864173
1.37135e+06	0.0865504
1.37145e+06	0.0858363
1.37155e+06	0.0842902
1.37165e+06	0.0819537
1.37175e+06	0.0788924
1.37185e+06	0.0751917
1.37195e+06	0.0709527
1.37205e+06	0.0662871
1.37215e+06	0.0613124
1.37225e+06	0.056147
1.37235e+06	0.0509053
1.37245e+06	0.0456938
1.37255e+06	0.0406077
1.37265e+06	0.0357287
1.37275e+06	0.0311231
1.37285e+06	0.0268414
1.37295e+06	0.0229185
1.37305e+06	0.0193742
1.37315e+06	0.016215
1.37325e+06	0.013436
1.37335e+06	0.0110224
1.37345e+06	0.00895247
1.37355e+06	0.00719889
1.37365e+06	0.00573119
1.37375e+06	0.00451733
1.37385e+06	0.00352513
1.37395e+06	0.00272349
1.37405e+06	0.00208321
1.37415e+06	0.00157761
1.37425e+06	0.00118283
1.37435e+06	0.000878011
1.37445e+06	0.000645262
1.37455e+06	0.000469493
1.37465e+06	0.000338204
1.37475e+06	0.000241205
1.37485e+06	0.000170314
1.37495e+06	0.000119062
1.37505e+06	8.24044e-05
1.37515e+06	5.64658e-05
1.37525e+06	3.8307e-05
1.37535e+06	2.57293e-05
1.37545e+06	1.71094e-05
1.37555e+06	1.12641e-05
1.37565e+06	7.34207e-06
1.37575e+06	4.73802e-06
1.37585e+06	3.02713e-06
1.37595e+06	1.9148e-06
1.37605e+06	1.19915e-06
1.37615e+06	7.43495e-07
1.37625e+06	4.56395e-07
1.37635e+06	2.77371e-07
1.37645e+06	1.66893e-07
1.37655e+06	9.94197e-08
1.37665e+06	5.86359e-08
1.37675e+06	3.42383e-08
1.37685e+06	1.97933e-08
1.37695e+06	1.13287e-08
1.37705e+06	6.41947e-09
1.37715e+06	3.60144e-09
1.37725e+06	2.00037e-09
1.37735e+06	1.10002e-09
1.37745e+06	5.98891e-10
1.37755e+06	3.22814e-10
1.37765e+06	1.72272e-10
1.37775e+06	9.10193e-11
1.37785e+06	4.76112e-11
1.37795e+06	2.46571e-11
1.37805e+06	1.26425e-11
1.37815e+06	6.4177e-12
1.37825e+06	3.2254e-12
1.37835e+06	1.60489e-12
1.37845e+06	7.90611e-13
1.37855e+06	3.85601e-13
1.37865e+06	1.86196e-13
1.37875e+06	8.90144e-14
1.37885e+06	4.21315e-14
1.37895e+06	1.97429e-14
1.37905e+06	9.15948e-15
1.37915e+06	4.20715e-15
1.37925e+06	1.91321e-15
1.37935e+06	8.6138e-16
1.37945e+06	3.83958e-16
1.37955e+06	1.69445e-16
1.37965e+06	7.40342e-17
1.37975e+06	3.20252e-17
1.37985e+06	1.37154e-17
1.37995e+06	5.81545e-18
1.38005e+06	2.44126e-18
1.38015e+06	1.01462e-18
1.38025e+06	4.17492e-19
1.38035e+06	1.70079e-19
1.38045e+06	6.85977e-20
1.38055e+06	2.73922e-20
1.38065e+06	1.08293e-20
1.38075e+06	4.23868e-21
1.38085e+06	1.64255e-21
1.38095e+06	6.30177e-22
1.38105e+06	2.39367e-22
1.38115e+06	9.00166e-23
1.38125e+06	3.3515e-23
1.38135e+06	1.23541e-23
1.38145e+06	4.5086e-24
1.38155e+06	1.62903e-24
1.38165e+06	5.82737e-25
1.38175e+06	2.06383e-25
1.38185e+06	7.23655e-26
1.38195e+06	2.51216e-26
1.38205e+06	8.63414e-27
1.38215e+06	2.93798e-27
1.38225e+06	9.89771e-28
1.38235e+06	3.30125e-28
1.38245e+06	1.09013e-28
1.38255e+06	3.56399e-29
1.38265e+06	1.15359e-29
1.38275e+06	3.69677e-30
1.38285e+06	1.17287e-30
1.38295e+06	3.68415e-31
1.38305e+06	1.14572e-31
1.38315e+06	3.5276e-32
1.38325e+06	1.07532e-32
1.38335e+06	3.24527e-33
1.38345e+06	9.69664e-34
1.38355e+06	2.86846e-34
1.38365e+06	8.40107e-35
1.38375e+06	2.436e-35
1.38385e+06	6.9932e-36
1.38395e+06	1.98761e-36
1.38405e+06	5.59301e-37
1.38415e+06	1.55817e-37
1.38425e+06	4.29777e-38
1.38435e+06	1.17362e-38
1.38445e+06	3.173e-39
1.38455e+06	8.49314e-40
1.38465e+06	2.25073e-40
1.38475e+06	5.90523e-41
1.38485e+06	1.53393e-41
1.38495e+06	3.94487e-42
1.38505e+06	1.00442e-42
1.38515e+06	2.53197e-43
1.38525e+06	6.31911e-44
1.38535e+06	1.56139e-44
1.38545e+06	3.81965e-45
1.38555e+06	9.25108e-46
1.38565e+06	2.21829e-46
1.38575e+06	5.26625e-47
1.38585e+06	1.23778e-47
1.38595e+06	2.88031e-48
1.38605e+06	6.63581e-49
1.38615e+06	1.51358e-49
1.38625e+06	3.41802e-50
1.38635e+06	7.64187e-51
1.38645e+06	1.69154e-51
1.38655e+06	3.707e-52
1.38665e+06	8.04302e-53
1.38675e+06	1.72772e-53
1.38685e+06	3.67438e-54
1.38695e+06	7.73663e-55
1.38705e+06	1.61279e-55
1.38715e+06	3.32858e-56
1.38725e+06	6.80139e-57
1.38735e+06	1.37592e-57
1.38745e+06	2.75582e-58
1.38755e+06	5.46573e-59
1.38765e+06	1.07902e-59
1.38775e+06	2.41972e-60
1.38785e+06	2.18683e-60
1.38795e+06	9.51256e-60
1.38805e+06	4.9385e-59
1.38815e+06	2.55743e-58
1.38825e+06	1.31156e-57
1.38835e+06	6.65938e-57
1.38845e+06	3.34763e-56
1.38855e+06	1.66608e-55
1.38865e+06	8.20944e-55
1.38875e+06	4.00486e-54
1.38885e+06	1.93428e-53
1.38895e+06	9.24926e-53
1.38905e+06	4.37877e-52
1.38915e+06	2.05236e-51
1.38925e+06	9.52388e-51
1.38935e+06	4.37552e-50
1.38945e+06	1.99023e-49
1.38955e+06	8.9626e-49
1.38965e+06	3.99596e-48
1.38975e+06	1.76387e-47
1.38985e+06	7.70846e-47
1.38995e+06	3.33524e-46
1.39005e+06	1.4287e-45
1.39015e+06	6.0592e-45
1.39025e+06	2.54416e-44
1.39035e+06	1.05763e-43
1.39045e+06	4.35287e-43
1.39055e+06	1.77369e-42
1.39065e+06	7.15542e-42
1.39075e+06	2.85792e-41
1.39085e+06	1.13011e-40
1.39095e+06	4.42437e-40
1.39105e+06	1.7149e-39
1.39115e+06	6.58084e-39
1.39125e+06	2.50024e-38
1.39135e+06	9.40458e-38
1.39145e+06	3.50231e-37
1.39155e+06	1.2913e-36
1.39165e+06	4.71362e-36
1.39175e+06	1.70349e-35
1.39185e+06	6.09513e-35
1.39195e+06	2.15915e-34
1.39205e+06	7.57251e-34
1.39215e+06	2.62938e-33
1.39225e+06	9.03909e-33
1.39235e+06	3.07647e-32
1.39245e+06	1.03666e-31
1.39255e+06	3.45844e-31
1.39265e+06	1.1423e-30
1.39275e+06	3.73539e-30
1.39285e+06	1.20934e-29
1.39295e+06	3.87632e-29
1.39305e+06	1.23012e-28
1.39315e+06	3.86484e-28
1.39325e+06	1.20219e-27
1.39335e+06	3.7023e-27
1.39345e+06	1.12883e-26
1.39355e+06	3.40753e-26
1.39365e+06	1.01838e-25
1.39375e+06	3.01326e-25
1.39385e+06	8.82715e-25
1.39395e+06	2.56013e-24
1.39405e+06	7.35122e-24
1.39415e+06	2.08985e-23
1.39425e+06	5.88203e-23
1.39435e+06	1.63907e-22
1.39445e+06	4.52192e-22
1.39455e+06	1.23511e-21
1.39465e+06	3.34e-21
1.39475e+06	8.94218e-21
1.39485e+06	2.37027e-20
1.39495e+06	6.22028e-20
1.39505e+06	1.61614e-19
1.39515e+06	4.15723e-19
1.39525e+06	1.05873e-18
1.39535e+06	2.66948e-18
1.39545e+06	6.66382e-18
1.39555e+06	1.64694e-17
1.39565e+06	4.02984e-17
1.39575e+06	9.76239e-17
1.39585e+06	2.34143e-16
1.39595e+06	5.55985e-16
1.39605e+06	1.30708e-15
1.39615e+06	3.04228e-15
1.39625e+06	7.01055e-15
1.39635e+06	1.59942e-14
1.39645e+06	3.61268e-14
1.39655e+06	8.07894e-14
1.39665e+06	1.78869e-13
1.39675e+06	3.9208e-13
1.39685e+06	8.50884e-13
1.39695e+06	1.8282e-12
1.39705e+06	3.88895e-12
1.39715e+06	8.19029e-12
1.39725e+06	1.70775e-11
1.39735e+06	3.52537e-11
1.39745e+06	7.20514e-11
1.39755e+06	1.45793e-10
1.39765e+06	2.92072e-10
1.39775e+06	5.79293e-10
1.39785e+06	1.13753e-09
1.39795e+06	2.21151e-09
1.39805e+06	4.25665e-09
1.39815e+06	8.11158e-09
1.39825e+06	1.53038e-08
1.39835e+06	2.85859e-08
1.39845e+06	5.2864e-08
1.39855e+06	9.6789e-08
1.39865e+06	1.75448e-07
1.39875e+06	3.14868e-07
1.39885e+06	5.59455e-07
1.39895e+06	9.84144e-07
1.39905e+06	1.714e-06
1.39915e+06	2.95541e-06
1.39925e+06	5.04525e-06
1.39935e+06	8.52717e-06
1.39945e+06	1.42687e-05
1.39955e+06	2.36385e-05
1.39965e+06	3.87716e-05
1.39975e+06	6.29598e-05
1.39985e+06	0.000101221
1.39995e+06	0.000161115
1.40005e+06	0.000253897
1.40015e+06	0.000396128
1.40025e+06	0.000611887
1.40035e+06	0.000935758
1.40045e+06	0.00141682
1.40055e+06	0.00212383
1.40065e+06	0.00315198
1.40075e+06	0.00463132
1.40085e+06	0.00673725
1.40095e+06	0.00970326
1.40105e+06	0.013836
1.40115e+06	0.0195325
1.40125e+06	0.0273001
1.40135e+06	0.0377771
1.40145e+06	0.0517545
1.40155e+06	0.0701982
1.40165e+06	0.0942671
1.40175e+06	0.125329
1.40185e+06	0.164968
1.40195e+06	0.214984
1.40205e+06	0.277376
1.40215e+06	0.354314
1.40225e+06	0.448089
1.40235e+06	0.561046
1.40245e+06	0.695487
1.40255e+06	0.853566
1.40265e+06	1.03715
1.40275e+06	1.24768
1.40285e+06	1.48601
1.40295e+06	1.75226
1.40305e+06	2.04566
1.40315e+06	2.36441
1.40325e+06	2.70564
1.40335e+06	3.06531
1.40345e+06	3.43824
1.40355e+06	3.81816
1.40365e+06	4.19788
1.40375e+06	4.56943
1.40385e+06	4.92439
1.40395e+06	5.25411
1.40405e+06	5.55013
1.40415e+06	5.80449
1.40425e+06	6.0101
1.40435e+06	6.16108
1.40445e+06	6.25302
1.40455e+06	6.28317
1.40465e+06	6.25066
1.40475e+06	6.15645
1.40485e+06	6.00333
1.40495e+06	5.79578
1.40505e+06	5.53974
1.40515e+06	5.24234
1.40525e+06	4.91156
1.40535e+06	4.5559
1.40545e+06	4.18397
1.40555e+06	3.80422
1.40565e+06	3.42457
1.40575e+06	3.0522
1.40585e+06	2.69333
1.40595e+06	2.35312
1.40605e+06	2.03554
1.40615e+06	1.74345
1.40625e+06	1.47859
1.40635e+06	1.24169
1.40645e+06	1.0326
1.40655e+06	0.850457
1.40665e+06	0.693779
1.40675e+06	0.560683
1.40685e+06	0.449001
1.40695e+06	0.356417
1.40705e+06	0.280577
1.40715e+06	0.219183
1.40725e+06	0.170059
1.40735e+06	0.131201
1.40745e+06	0.100807
1.40755e+06	0.07729
1.40765e+06	0.0592819
1.40775e+06	0.0456241
1.40785e+06	0.0353529
1.40795e+06	0.0276808
1.40805e+06	0.0219745
1.40815e+06	0.0177339
1.40825e+06	0.0145701
1.40835e+06	0.0121865
1.40845e+06	0.0103607
1.40855e+06	0.0089293
1.40865e+06	0.00777476
1.40875e+06	0.00681454
1.40885e+06	0.00599221
1.40895e+06	0.00527038
1.40905e+06	0.00462517
1.40915e+06	0.00404193
1.40925e+06	0.0035121
1.40935e+06	0.00303084
1.40945e+06	0.00259543
1.40955e+06	0.00220412
1.40965e+06	0.00185546
1.40975e+06	0.00154784
1.40985e+06	0.00127934
1.40995e+06	0.00104762
1.41005e+06	0.000850002
1.41015e+06	0.000683556
1.41025e+06	0.000545206
1.41035e+06	0.000431869
1.41045e+06	0.000340573
1.41055e+06	0.000268557
1.41065e+06	0.000213362
1.41075e+06	0.000172894
1.41085e+06	0.00014547
1.41095e+06	0.000129853
1.41105e+06	0.000125264
1.41115e+06	0.000131389
1.41125e+06	0.000148372
1.41135e+06	0.000176799
1.41145e+06	0.000217668
1.41155e+06	0.000272354
1.41165e+06	0.000342555
1.41175e+06	0.000430221
1.41185e+06	0.000537471
1.41195e+06	0.000666488
1.41205e+06	0.000819395
1.41215e+06	0.000998111
1.41225e+06	0.0012042
1.41235e+06	0.00143871
1.41245e+06	0.00170198
1.41255e+06	0.00199352
1.41265e+06	0.00231185
1.41275e+06	0.00265438
1.41285e+06	0.00301737
1.41295e+06	0.00339589
1.41305e+06	0.00378387
1.41315e+06	0.00417424
1.41325e+06	0.00455907
1.41335e+06	0.00492982
1.41345e+06	0.00527769
1.41355e+06	0.00559389
1.41365e+06	0.00587004
1.41375e+06	0.00609852
1.41385e+06	0.00627286
1.41395e+06	0.00638799
1.41405e+06	0.00644049
1.41415e+06	0.00642882
1.41425e+06	0.00635332
1.41435e+06	0.00621623
1.41445e+06	0.00602158
1.41455e+06	0.00577498
1.41465e+06	0.00548338
1.41475e+06	0.00515469
1.41485e+06	0.00479749
1.41495e+06	0.00442062
1.41505e+06	0.00403282
1.41515e+06	0.00364243
1.41525e+06	0.0032571
1.41535e+06	0.00288355
1.41545e+06	0.00252745
1.41555e+06	0.00219327
1.41565e+06	0.00188435
1.41575e+06	0.00160282
1.41585e+06	0.0013498
1.41595e+06	0.0011254
1.41605e+06	0.000928974
1.41615e+06	0.000759201
1.41625e+06	0.000614281
1.41635e+06	0.000492079
1.41645e+06	0.000390265
1.41655e+06	0.000306437
1.41665e+06	0.000238221
1.41675e+06	0.000183347
1.41685e+06	0.00013971
1.41695e+06	0.000105399
1.41705e+06	7.87235e-05
1.41715e+06	5.82141e-05
1.41725e+06	4.26196e-05
1.41735e+06	3.08921e-05
1.41745e+06	2.21688e-05
1.41755e+06	1.57505e-05
1.41765e+06	1.10791e-05
1.41775e+06	7.71559e-06
1.41785e+06	5.31977e-06
1.41795e+06	3.63139e-06
1.41805e+06	2.4542e-06
1.41815e+06	1.64212e-06
1.41825e+06	1.08782e-06
1.41835e+06	7.13452e-07
1.41845e+06	4.63266e-07
1.41855e+06	2.97819e-07
1.41865e+06	1.89554e-07
1.41875e+06	1.19445e-07
1.41885e+06	7.45183e-08
1.41895e+06	4.60271e-08
1.41905e+06	2.81463e-08
1.41915e+06	1.70407e-08
1.41925e+06	1.02143e-08
1.41935e+06	6.06161e-09
1.41945e+06	3.56143e-09
1.41955e+06	2.07165e-09
1.41965e+06	1.19307e-09
1.41975e+06	6.8026e-10
1.41985e+06	3.84007e-10
1.41995e+06	2.14615e-10
1.42005e+06	1.18751e-10
1.42015e+06	6.50541e-11
1.42025e+06	3.52831e-11
1.42035e+06	1.8946e-11
1.42045e+06	1.00722e-11
1.42055e+06	5.30136e-12
1.42065e+06	2.76254e-12
1.42075e+06	1.42523e-12
1.42085e+06	7.27982e-13
1.42095e+06	3.6814e-13
1.42105e+06	1.84315e-13
1.42115e+06	9.13624e-14
1.42125e+06	4.48364e-14
1.42135e+06	2.17847e-14
1.42145e+06	1.04792e-14
1.42155e+06	4.99071e-15
1.42165e+06	2.35317e-15
1.42175e+06	1.09851e-15
1.42185e+06	5.077e-16
1.42195e+06	2.32311e-16
1.42205e+06	1.05242e-16
1.42215e+06	4.72026e-17
1.42225e+06	2.09604e-17
1.42235e+06	9.2149e-18
1.42245e+06	4.01087e-18
1.42255e+06	1.7284e-18
1.42265e+06	7.37403e-19
1.42275e+06	3.11476e-19
1.42285e+06	1.30257e-19
1.42295e+06	5.39303e-20
1.42305e+06	2.21067e-20
1.42315e+06	8.97161e-21
1.42325e+06	3.60475e-21
1.42335e+06	1.43396e-21
1.42345e+06	5.64747e-22
1.42355e+06	2.20206e-22
1.42365e+06	8.50085e-23
1.42375e+06	3.24901e-23
1.42385e+06	1.22941e-23
1.42395e+06	4.60577e-24
1.42405e+06	1.70829e-24
1.42415e+06	6.27307e-25
1.42425e+06	2.28063e-25
1.42435e+06	8.20893e-26
1.42445e+06	2.92534e-26
1.42455e+06	1.0321e-26
1.42465e+06	3.60516e-27
1.42475e+06	1.24677e-27
1.42485e+06	4.26876e-28
1.42495e+06	1.44702e-28
1.42505e+06	4.85632e-29
1.42515e+06	1.6136e-29
1.42525e+06	5.30812e-30
1.42535e+06	1.72879e-30
1.42545e+06	5.57446e-31
1.42555e+06	1.77959e-31
1.42565e+06	5.62461e-32
1.42575e+06	1.76004e-32
1.42585e+06	5.45269e-33
1.42595e+06	1.67246e-33
1.42605e+06	5.07876e-34
1.42615e+06	1.52692e-34
1.42625e+06	4.54498e-35
1.42635e+06	1.33938e-35
1.42645e+06	3.90782e-36
1.42655e+06	1.12881e-36
1.42665e+06	3.22824e-37
1.42675e+06	9.14044e-38
1.42685e+06	2.56227e-38
1.42695e+06	7.11117e-39
1.42705e+06	1.95395e-39
1.42715e+06	5.31548e-40
1.42725e+06	1.43162e-40
1.42735e+06	3.81744e-41
1.42745e+06	1.0078e-41
1.42755e+06	2.63409e-42
1.42765e+06	6.81625e-43
1.42775e+06	1.74629e-43
1.42785e+06	4.42941e-44
1.42795e+06	1.11232e-44
1.42805e+06	2.7655e-45
1.42815e+06	6.80729e-46
1.42825e+06	1.65894e-46
1.42835e+06	4.00263e-47
1.42845e+06	9.56129e-48
1.42855e+06	2.26123e-48
1.42865e+06	5.29456e-49
1.42875e+06	1.22736e-49
1.42885e+06	2.8169e-50
1.42895e+06	6.4007e-51
1.42905e+06	1.43993e-51
1.42915e+06	3.20709e-52
1.42925e+06	7.07195e-53
1.42935e+06	1.54392e-53
1.42945e+06	3.33707e-54
1.42955e+06	7.14108e-55
1.42965e+06	1.51293e-55
1.42975e+06	3.17346e-56
1.42985e+06	6.59026e-57
1.42995e+06	1.35497e-57
1.43005e+06	2.75812e-58
1.43015e+06	5.55846e-59
1.43025e+06	1.10905e-59
1.43035e+06	2.19082e-60
1.43045e+06	4.28469e-61
1.43055e+06	8.29639e-62
1.43065e+06	1.59043e-62
1.43075e+06	3.01855e-63
1.43085e+06	5.67204e-64
1.43095e+06	1.0552e-64
1.43105e+06	1.94353e-65
1.43115e+06	3.54407e-66
1.43125e+06	6.3984e-67
1.43135e+06	1.14366e-67
1.43145e+06	2.02386e-68
1.43155e+06	3.54584e-69
1.43165e+06	6.15059e-70
1.43175e+06	1.05626e-70
1.43185e+06	1.7959e-71
1.43195e+06	3.02308e-72
1.43205e+06	5.03819e-73
1.43215e+06	8.31298e-74
1.43225e+06	1.35799e-74
1.43235e+06	2.1963e-75
1.43245e+06	3.51678e-76
1.43255e+06	5.57514e-77
1.43265e+06	8.7503e-78
1.43275e+06	1.35971e-78
1.43285e+06	2.09184e-79
1.43295e+06	3.18616e-80
1.43305e+06	4.80467e-81
1.43315e+06	7.17325e-82
1.43325e+06	1.06029e-82
1.43335e+06	1.55165e-83
1.43345e+06	2.2481e-84
1.43355e+06	3.22476e-85
1.43365e+06	4.57968e-86
1.43375e+06	6.43918e-87
1.43385e+06	8.9636e-88
1.43395e+06	1.23535e-88
1.43405e+06	1.68561e-89
1.43415e+06	2.27709e-90
1.43425e+06	3.04552e-91
1.43435e+06	4.03273e-92
1.43445e+06	5.2868e-93
1.43455e+06	6.86195e-94
1.43465e+06	8.82156e-95
1.43475e+06	1.15348e-95
1.43485e+06	3.95565e-96
1.43495e+06	2.03857e-95
1.43505e+06	1.59053e-94
1.43515e+06	1.23899e-93
1.43525e+06	9.55665e-93
1.43535e+06	7.29799e-92
1.43545e+06	5.51769e-91
1.43555e+06	4.13018e-90
1.43565e+06	3.06082e-89
1.43575e+06	2.24576e-88
1.43585e+06	1.63134e-87
1.43595e+06	1.17324e-86
1.43605e+06	8.35376e-86
1.43615e+06	5.88892e-85
1.43625e+06	4.11005e-84
1.43635e+06	2.83998e-83
1.43645e+06	1.94285e-82
1.43655e+06	1.3159e-81
1.43665e+06	8.8239e-81
1.43675e+06	5.8581e-80
1.43685e+06	3.85044e-79
1.43695e+06	2.50565e-78
1.43705e+06	1.61431e-77
1.43715e+06	1.0297e-76
1.43725e+06	6.50269e-76
1.43735e+06	4.06566e-75
1.43745e+06	2.51667e-74
1.43755e+06	1.54234e-73
1.43765e+06	9.35813e-73
1.43775e+06	5.62155e-72
1.43785e+06	3.34333e-71
1.43795e+06	1.96861e-70
1.43805e+06	1.14762e-69
1.43815e+06	6.62358e-69
1.43825e+06	3.78482e-68
1.43835e+06	2.14118e-67
1.43845e+06	1.19928e-66
1.43855e+06	6.65033e-66
1.43865e+06	3.6511e-65
1.43875e+06	1.98454e-64
1.43885e+06	1.06796e-63
1.43895e+06	5.68992e-63
1.43905e+06	3.00133e-62
1.43915e+06	1.5674e-61
1.43925e+06	8.10406e-61
1.43935e+06	4.14841e-60
1.43945e+06	2.10242e-59
1.43955e+06	1.0549e-58
1.43965e+06	5.24038e-58
1.43975e+06	2.57733e-57
1.43985e+06	1.25498e-56
1.43995e+06	6.05003e-56
1.44005e+06	2.8876e-55
1.44015e+06	1.3645e-54
1.44025e+06	6.38359e-54
1.44035e+06	2.95676e-53
1.44045e+06	1.35588e-52
1.44055e+06	6.15583e-52
1.44065e+06	2.76699e-51
1.44075e+06	1.23136e-50
1.44085e+06	5.42527e-50
1.44095e+06	2.36654e-49
1.44105e+06	1.02203e-48
1.44115e+06	4.36989e-48
1.44125e+06	1.84984e-47
1.44135e+06	7.75273e-47
1.44145e+06	3.21686e-46
1.44155e+06	1.3215e-45
1.44165e+06	5.37476e-45
1.44175e+06	2.16425e-44
1.44185e+06	8.62807e-44
1.44195e+06	3.40547e-43
1.44205e+06	1.33075e-42
1.44215e+06	5.14842e-42
1.44225e+06	1.972e-41
1.44235e+06	7.47823e-41
1.44245e+06	2.80768e-40
1.44255e+06	1.04364e-39
1.44265e+06	3.84074e-39
1.44275e+06	1.39938e-38
1.44285e+06	5.0479e-38
1.44295e+06	1.80279e-37
1.44305e+06	6.37433e-37
1.44315e+06	2.23143e-36
1.44325e+06	7.7337e-36
1.44335e+06	2.65368e-35
1.44345e+06	9.01504e-35
1.44355e+06	3.0321e-34
1.44365e+06	1.00966e-33
1.44375e+06	3.32864e-33
1.44385e+06	1.08646e-32
1.44395e+06	3.51089e-32
1.44405e+06	1.12326e-31
1.44415e+06	3.55793e-31
1.44425e+06	1.11576e-30
1.44435e+06	3.46421e-30
1.44445e+06	1.06486e-29
1.44455e+06	3.24071e-29
1.44465e+06	9.76436e-29
1.44475e+06	2.91276e-28
1.44485e+06	8.60244e-28
1.44495e+06	2.51534e-27
1.44505e+06	7.28162e-27
1.44515e+06	2.08697e-26
1.44525e+06	5.92192e-26
1.44535e+06	1.66366e-25
1.44545e+06	4.62728e-25
1.44555e+06	1.27421e-24
1.44565e+06	3.47389e-24
1.44575e+06	9.37665e-24
1.44585e+06	2.50574e-23
1.44595e+06	6.6295e-23
1.44605e+06	1.73653e-22
1.44615e+06	4.50342e-22
1.44625e+06	1.15627e-21
1.44635e+06	2.93922e-21
1.44645e+06	7.39712e-21
1.44655e+06	1.84311e-20
1.44665e+06	4.54668e-20
1.44675e+06	1.11044e-19
1.44685e+06	2.68507e-19
1.44695e+06	6.42792e-19
1.44705e+06	1.5235e-18
1.44715e+06	3.57498e-18
1.44725e+06	8.30539e-18
1.44735e+06	1.91031e-17
1.44745e+06	4.35016e-17
1.44755e+06	9.80761e-17
1.44765e+06	2.18916e-16
1.44775e+06	4.83783e-16
1.44785e+06	1.05847e-15
1.44795e+06	2.2928e-15
1.44805e+06	4.91711e-15
1.44815e+06	1.04402e-14
1.44825e+06	2.19466e-14
1.44835e+06	4.56753e-14
1.44845e+06	9.41138e-14
1.44855e+06	1.91992e-13
1.44865e+06	3.87764e-13
1.44875e+06	7.75373e-13
1.44885e+06	1.53501e-12
1.44895e+06	3.00862e-12
1.44905e+06	5.83823e-12
1.44915e+06	1.12164e-11
1.44925e+06	2.13344e-11
1.44935e+06	4.01758e-11
1.44945e+06	7.49044e-11
1.44955e+06	1.38263e-10
1.44965e+06	2.52675e-10
1.44975e+06	4.57168e-10
1.44985e+06	8.18929e-10
1.44995e+06	1.45236e-09
1.45005e+06	2.5501e-09
1.45015e+06	4.43302e-09
1.45025e+06	7.62953e-09
1.45035e+06	1.30003e-08
1.45045e+06	2.19314e-08
1.45055e+06	3.66299e-08
1.45065e+06	6.05707e-08
1.45075e+06	9.91623e-08
1.45085e+06	1.60727e-07
1.45095e+06	2.5792e-07
1.45105e+06	4.0977e-07
1.45115e+06	6.44544e-07
1.45125e+06	1.00374e-06
1.45135e+06	1.54756e-06
1.45145e+06	2.36228e-06
1.45155e+06	3.57003e-06
1.45165e+06	5.34157e-06
1.45175e+06	7.91267e-06
1.45185e+06	1.16047e-05
1.45195e+06	1.68501e-05
1.45205e+06	2.4223e-05
1.45215e+06	3.44755e-05
1.45225e+06	4.85793e-05
1.45235e+06	6.77716e-05
1.45245e+06	9.36055e-05
1.45255e+06	0.000128001
1.45265e+06	0.000173293
1.45275e+06	0.000232276
1.45285e+06	0.000308239
1.45295e+06	0.000404973
1.45305e+06	0.000526771
1.45315e+06	0.000678383
1.45325e+06	0.000864939
1.45335e+06	0.00109182
1.45345e+06	0.00136451
1.45355e+06	0.00168833
1.45365e+06	0.00206822
1.45375e+06	0.00250837
1.45385e+06	0.00301193
1.45395e+06	0.00358059
1.45405e+06	0.00421426
1.45415e+06	0.00491072
1.45425e+06	0.00566534
1.45435e+06	0.00647088
1.45445e+06	0.00731743
1.45455e+06	0.00819238
1.45465e+06	0.0090807
1.45475e+06	0.00996518
1.45485e+06	0.010827
1.45495e+06	0.0116463
1.45505e+06	0.012403
1.45515e+06	0.0130774
1.45525e+06	0.0136512
1.45535e+06	0.0141085
1.45545e+06	0.0144359
1.45555e+06	0.014624
1.45565e+06	0.0146672
1.45575e+06	0.0145641
1.45585e+06	0.0143178
1.45595e+06	0.0139357
1.45605e+06	0.0134288
1.45615e+06	0.0128115
1.45625e+06	0.012101
1.45635e+06	0.0113162
1.45645e+06	0.010477
1.45655e+06	0.00960352
1.45665e+06	0.00871526
1.45675e+06	0.00783047
1.45685e+06	0.00696549
1.45695e+06	0.00613442
1.45705e+06	0.00534874
1.45715e+06	0.00461729
1.45725e+06	0.0039462
1.45735e+06	0.00333909
1.45745e+06	0.00279728
1.45755e+06	0.00232006
1.45765e+06	0.00190511
1.45775e+06	0.00154881
1.45785e+06	0.00124661
1.45795e+06	0.000993399
1.45805e+06	0.000783741
1.45815e+06	0.000612179
1.45825e+06	0.000473414
1.45835e+06	0.000362461
1.45845e+06	0.000274751
1.45855e+06	0.000206192
1.45865e+06	0.000153202
1.45875e+06	0.000112697
1.45885e+06	8.20763e-05
1.45895e+06	5.91807e-05
1.45905e+06	4.22473e-05
1.45915e+06	2.9859e-05
1.45925e+06	2.08934e-05
1.45935e+06	1.44744e-05
1.45945e+06	9.92767e-06
1.45955e+06	6.74143e-06
1.45965e+06	4.53225e-06
1.45975e+06	3.0167e-06
1.45985e+06	1.98796e-06
1.45995e+06	1.297e-06
1.46005e+06	8.37783e-07
1.46015e+06	5.3577e-07
1.46025e+06	3.39221e-07
1.46035e+06	2.12639e-07
1.46045e+06	1.31966e-07
1.46055e+06	8.10844e-08
