1.52262e+06	2.4976e-07
1.52272e+06	4.09751e-07
1.52282e+06	6.65544e-07
1.52292e+06	1.07027e-06
1.52302e+06	1.70402e-06
1.52312e+06	2.68606e-06
1.52322e+06	4.19201e-06
1.52332e+06	6.47728e-06
1.52342e+06	9.90898e-06
1.52352e+06	1.50083e-05
1.52362e+06	2.25064e-05
1.52372e+06	3.34156e-05
1.52382e+06	4.91209e-05
1.52392e+06	7.14924e-05
1.52402e+06	0.000103023
1.52412e+06	0.00014699
1.52422e+06	0.00020765
1.52432e+06	0.000290449
1.52442e+06	0.000402258
1.52452e+06	0.000551626
1.52462e+06	0.000749031
1.52472e+06	0.00100711
1.52482e+06	0.00134088
1.52492e+06	0.00176786
1.52502e+06	0.00230817
1.52512e+06	0.00298447
1.52522e+06	0.00382178
1.52532e+06	0.00484715
1.52542e+06	0.00608915
1.52552e+06	0.00757715
1.52562e+06	0.00934053
1.52572e+06	0.0114076
1.52582e+06	0.0138045
1.52592e+06	0.016554
1.52602e+06	0.0196746
1.52612e+06	0.0231791
1.52622e+06	0.0270742
1.52632e+06	0.0313596
1.52642e+06	0.0360279
1.52652e+06	0.0410648
1.52662e+06	0.0464498
1.52672e+06	0.0521567
1.52682e+06	0.0581552
1.52692e+06	0.064412
1.52702e+06	0.0708921
1.52712e+06	0.0775603
1.52722e+06	0.0843818
1.52732e+06	0.0913228
1.52742e+06	0.0983501
1.52752e+06	0.105431
1.52762e+06	0.112529
1.52772e+06	0.119608
1.52782e+06	0.126623
1.52792e+06	0.133521
1.52802e+06	0.140242
1.52812e+06	0.14671
1.52822e+06	0.152839
1.52832e+06	0.15853
1.52842e+06	0.163674
1.52852e+06	0.168154
1.52862e+06	0.17185
1.52872e+06	0.174644
1.52882e+06	0.176426
1.52892e+06	0.177099
1.52902e+06	0.176589
1.52912e+06	0.174847
1.52922e+06	0.171854
1.52932e+06	0.167624
1.52942e+06	0.162208
1.52952e+06	0.155689
1.52962e+06	0.148182
1.52972e+06	0.139829
1.52982e+06	0.130793
1.52992e+06	0.121252
1.53002e+06	0.111391
1.53012e+06	0.101393
1.53022e+06	0.0914376
1.53032e+06	0.0816873
1.53042e+06	0.0722874
1.53052e+06	0.0633605
1.53062e+06	0.0550042
1.53072e+06	0.0472903
1.53082e+06	0.0402648
1.53092e+06	0.03395
1.53102e+06	0.0283466
1.53112e+06	0.0234367
1.53122e+06	0.0191873
1.53132e+06	0.0155541
1.53142e+06	0.0124848
1.53152e+06	0.00992237
1.53162e+06	0.00780805
1.53172e+06	0.00608355
1.53182e+06	0.00469304
1.53192e+06	0.00358452
1.53202e+06	0.00271072
1.53212e+06	0.0020296
1.53222e+06	0.00150455
1.53232e+06	0.00110427
1.53242e+06	0.000802431
1.53252e+06	0.000577307
1.53262e+06	0.000411217
1.53272e+06	0.00029
1.53282e+06	0.000202483
1.53292e+06	0.000139972
1.53302e+06	9.57972e-05
1.53312e+06	6.49122e-05
1.53322e+06	4.35471e-05
1.53332e+06	2.89236e-05
1.53342e+06	1.90197e-05
1.53352e+06	1.23827e-05
1.53362e+06	7.98151e-06
1.53372e+06	5.09346e-06
1.53382e+06	3.2181e-06
1.53392e+06	2.013e-06
1.53402e+06	1.24665e-06
1.53412e+06	7.64374e-07
1.53422e+06	4.64006e-07
1.53432e+06	2.78868e-07
1.53442e+06	1.65932e-07
1.53452e+06	9.77511e-08
1.53462e+06	5.70124e-08
1.53472e+06	3.29211e-08
1.53482e+06	1.88207e-08
1.53492e+06	1.06526e-08
1.53502e+06	5.96942e-09
1.53512e+06	3.31182e-09
1.53522e+06	1.8191e-09
1.53532e+06	9.89249e-10
1.53542e+06	5.32612e-10
1.53552e+06	2.83905e-10
1.53562e+06	1.49828e-10
1.53572e+06	7.82835e-11
1.53582e+06	4.04952e-11
1.53592e+06	2.07393e-11
1.53602e+06	1.05158e-11
1.53612e+06	5.27896e-12
1.53622e+06	2.62368e-12
1.53632e+06	1.29101e-12
1.53642e+06	6.28935e-13
1.53652e+06	3.03347e-13
1.53662e+06	1.44854e-13
1.53672e+06	6.84822e-14
1.53682e+06	3.2054e-14
1.53692e+06	1.4854e-14
1.53702e+06	6.81495e-15
1.53712e+06	3.09556e-15
1.53722e+06	1.3921e-15
1.53732e+06	6.19815e-16
1.53742e+06	2.73218e-16
1.53752e+06	1.19238e-16
1.53762e+06	5.15198e-17
1.53772e+06	2.2039e-17
1.53782e+06	9.334e-18
1.53792e+06	3.91381e-18
1.53802e+06	1.62476e-18
1.53812e+06	6.67784e-19
1.53822e+06	2.71731e-19
1.53832e+06	1.09471e-19
1.53842e+06	4.36634e-20
1.53852e+06	1.72422e-20
1.53862e+06	6.74099e-21
1.53872e+06	2.60923e-21
1.53882e+06	9.99905e-22
1.53892e+06	3.79369e-22
1.53902e+06	1.42502e-22
1.53912e+06	5.29954e-23
1.53922e+06	1.95125e-23
1.53932e+06	7.11285e-24
1.53942e+06	2.56704e-24
1.53952e+06	9.17227e-25
1.53962e+06	3.24474e-25
1.53972e+06	1.13642e-25
1.53982e+06	3.94053e-26
1.53992e+06	1.35278e-26
1.54002e+06	4.59789e-27
1.54012e+06	1.5472e-27
1.54022e+06	5.15456e-28
1.54032e+06	1.70017e-28
1.54042e+06	5.55203e-29
1.54052e+06	1.79501e-29
1.54062e+06	5.74566e-30
1.54072e+06	1.82083e-30
1.54082e+06	5.71291e-31
1.54092e+06	1.7746e-31
1.54102e+06	5.45761e-32
1.54112e+06	1.66173e-32
1.54122e+06	5.00928e-33
1.54132e+06	1.49502e-33
1.54142e+06	4.4175e-34
1.54152e+06	1.2923e-34
1.54162e+06	3.74289e-35
1.54172e+06	1.07327e-35
1.54182e+06	3.04695e-36
1.54192e+06	8.56405e-37
1.54202e+06	2.38315e-37
1.54212e+06	6.56568e-38
1.54222e+06	1.79087e-38
1.54232e+06	4.83624e-39
1.54242e+06	1.29303e-39
1.54252e+06	3.42267e-40
1.54262e+06	8.96972e-41
1.54272e+06	2.32729e-41
1.54282e+06	5.9783e-42
1.54292e+06	1.52042e-42
1.54302e+06	3.82829e-43
1.54312e+06	9.54342e-44
1.54322e+06	2.35538e-44
1.54332e+06	5.75538e-45
1.54342e+06	1.39234e-45
1.54352e+06	3.33481e-46
1.54362e+06	7.90781e-47
1.54372e+06	1.85651e-47
1.54382e+06	4.31515e-48
1.54392e+06	9.93006e-49
1.54402e+06	2.26238e-49
1.54412e+06	5.1031e-50
1.54422e+06	1.13962e-50
1.54432e+06	2.51968e-51
1.54442e+06	5.51552e-52
1.54452e+06	1.19532e-52
1.54462e+06	2.56472e-53
1.54472e+06	5.44818e-54
1.54482e+06	1.14583e-54
1.54492e+06	2.38587e-55
1.54502e+06	4.91847e-56
1.54512e+06	1.00385e-56
1.54522e+06	2.02847e-57
1.54532e+06	4.05809e-58
1.54542e+06	8.03773e-59
1.54552e+06	1.57617e-59
1.54562e+06	3.06004e-60
1.54572e+06	5.8818e-61
1.54582e+06	1.11931e-61
1.54592e+06	2.10886e-62
1.54602e+06	3.93369e-63
1.54612e+06	7.2646e-64
1.54622e+06	1.32825e-64
1.54632e+06	2.40439e-65
1.54642e+06	4.3091e-66
1.54652e+06	7.64585e-67
1.54662e+06	1.34314e-67
1.54672e+06	2.33601e-68
1.54682e+06	4.0224e-69
1.54692e+06	6.85729e-70
1.54702e+06	1.15738e-70
1.54712e+06	1.93401e-71
1.54722e+06	3.19961e-72
1.54732e+06	5.24074e-73
1.54742e+06	8.49855e-74
1.54752e+06	1.36444e-74
1.54762e+06	2.16881e-75
1.54772e+06	3.41307e-76
1.54782e+06	5.31773e-77
1.54792e+06	8.20283e-78
1.54802e+06	1.25273e-78
1.54812e+06	1.89413e-79
1.54822e+06	2.83544e-80
1.54832e+06	4.20229e-81
1.54842e+06	6.16608e-82
1.54852e+06	8.95755e-83
1.54862e+06	1.28833e-83
1.54872e+06	1.83451e-84
1.54882e+06	2.58626e-85
1.54892e+06	3.60978e-86
1.54902e+06	4.98822e-87
1.54912e+06	6.82446e-88
1.54922e+06	9.24375e-89
1.54932e+06	1.23961e-89
1.54942e+06	1.64581e-90
1.54952e+06	2.16336e-91
1.54962e+06	2.81538e-92
1.54972e+06	3.62745e-93
1.54982e+06	4.62726e-94
1.54992e+06	5.8439e-95
1.55002e+06	7.30699e-96
1.55012e+06	9.04549e-97
1.55022e+06	1.10862e-97
1.55032e+06	1.34521e-98
1.55042e+06	1.61605e-99
1.55052e+06	1.92209e-100
1.55062e+06	2.26336e-101
1.55072e+06	2.63869e-102
1.55082e+06	3.04566e-103
1.55092e+06	3.48041e-104
1.55102e+06	3.93765e-105
1.55112e+06	4.41063e-106
1.55122e+06	4.89127e-107
1.55132e+06	5.37031e-108
1.55142e+06	5.8376e-109
1.55152e+06	6.2824e-110
1.55162e+06	6.69383e-111
1.55172e+06	7.06124e-112
1.55182e+06	7.37469e-113
1.55192e+06	7.62542e-114
1.55202e+06	7.80622e-115
1.55212e+06	7.9118e-116
1.55222e+06	7.93901e-117
1.55232e+06	7.88705e-118
1.55242e+06	7.75747e-119
1.55252e+06	7.5541e-120
1.55262e+06	7.28286e-121
1.55272e+06	6.9515e-122
1.55282e+06	6.56919e-123
1.55292e+06	6.14614e-124
1.55302e+06	5.69312e-125
1.55312e+06	5.22102e-126
1.55322e+06	4.74042e-127
1.55332e+06	4.26124e-128
1.55342e+06	3.79238e-129
1.55352e+06	3.34152e-130
1.55362e+06	2.91497e-131
1.55372e+06	2.51757e-132
1.55382e+06	2.15271e-133
1.55392e+06	1.82241e-134
1.55402e+06	1.52744e-135
1.55412e+06	1.26748e-136
1.55422e+06	1.04129e-137
1.55432e+06	8.46959e-139
1.55442e+06	6.82038e-140
1.55452e+06	5.43766e-141
1.55462e+06	4.29213e-142
1.55472e+06	3.35421e-143
1.55482e+06	2.59517e-144
1.55492e+06	1.98791e-145
1.55502e+06	1.5076e-146
1.55512e+06	1.13196e-147
1.55522e+06	8.41462e-149
1.55532e+06	6.1929e-150
1.55542e+06	4.51244e-151
1.55552e+06	3.25526e-152
1.55562e+06	2.32497e-153
1.55572e+06	1.64401e-154
1.55582e+06	1.15093e-155
1.55592e+06	7.97723e-157
1.55602e+06	5.47408e-158
1.55612e+06	3.71901e-159
1.55622e+06	2.5015e-160
1.55632e+06	1.66583e-161
1.55642e+06	1.0983e-162
1.55652e+06	7.16909e-164
1.55662e+06	4.63304e-165
1.55672e+06	2.96432e-166
1.55682e+06	1.87776e-167
1.55692e+06	1.17764e-168
1.55702e+06	7.31211e-170
1.55712e+06	4.495e-171
1.55722e+06	2.73573e-172
1.55732e+06	1.64845e-173
1.55742e+06	9.83407e-175
1.55752e+06	5.80829e-176
1.55762e+06	3.39641e-177
1.55772e+06	1.9663e-178
1.55782e+06	1.12703e-179
1.55792e+06	6.39557e-181
1.55802e+06	3.59319e-182
1.55812e+06	1.99865e-183
1.55822e+06	1.10066e-184
1.55832e+06	6.001e-186
1.55842e+06	3.23931e-187
1.55852e+06	1.73116e-188
1.55862e+06	9.15969e-190
1.55872e+06	4.79822e-191
1.55882e+06	2.4885e-192
1.55892e+06	1.27777e-193
1.55902e+06	6.49565e-195
1.55912e+06	3.26927e-196
1.55922e+06	1.62905e-197
1.55932e+06	8.0367e-199
1.55942e+06	3.92534e-200
1.55952e+06	1.89816e-201
1.55962e+06	9.08754e-203
1.55972e+06	4.30742e-204
1.55982e+06	2.02136e-205
1.55992e+06	9.39137e-207
1.56002e+06	4.31987e-208
1.56012e+06	1.96729e-209
1.56022e+06	8.87002e-211
1.56032e+06	3.95947e-212
1.56042e+06	1.74988e-213
1.56052e+06	7.65656e-215
1.56062e+06	3.31679e-216
1.56072e+06	1.42252e-217
1.56082e+06	6.04028e-219
1.56092e+06	2.53929e-220
1.56102e+06	1.05688e-221
1.56112e+06	4.35505e-223
1.56122e+06	1.77672e-224
1.56132e+06	7.17633e-226
1.56142e+06	2.86974e-227
1.56152e+06	1.13616e-228
1.56162e+06	4.45343e-230
1.56172e+06	1.72825e-231
1.56182e+06	6.6401e-233
1.56192e+06	2.52581e-234
1.56202e+06	9.51224e-236
1.56212e+06	3.54668e-237
1.56222e+06	1.30924e-238
1.56232e+06	4.7849e-240
1.56242e+06	1.73135e-241
1.56252e+06	6.20229e-243
1.56262e+06	2.19977e-244
1.56272e+06	7.7243e-246
1.56282e+06	2.68533e-247
1.56292e+06	9.2426e-249
1.56302e+06	3.14954e-250
1.56312e+06	1.06257e-251
1.56322e+06	3.54916e-253
1.56332e+06	1.17368e-254
1.56342e+06	3.84265e-256
1.56352e+06	1.24557e-257
1.56362e+06	3.99728e-259
1.56372e+06	1.27004e-260
1.56382e+06	3.99509e-262
1.56392e+06	1.24421e-263
1.56402e+06	3.83634e-265
1.56412e+06	1.17111e-266
1.56422e+06	3.53945e-268
1.56432e+06	1.05909e-269
1.56442e+06	3.1375e-271
1.56452e+06	9.20221e-273
1.56462e+06	2.67213e-274
1.56472e+06	7.68212e-276
1.56482e+06	2.18656e-277
1.56492e+06	6.16167e-279
1.56502e+06	1.71907e-280
1.56512e+06	4.74837e-282
1.56522e+06	1.29853e-283
1.56532e+06	3.51575e-285
1.56542e+06	9.42412e-287
1.56552e+06	2.50104e-288
1.56562e+06	6.57139e-290
1.56572e+06	1.70943e-291
1.56582e+06	4.40252e-293
1.56592e+06	1.12256e-294
1.56602e+06	2.83383e-296
1.56612e+06	7.08266e-298
1.56622e+06	1.75257e-299
1.56632e+06	4.2935e-301
1.56642e+06	1.04137e-302
1.56652e+06	2.50066e-304
1.56662e+06	5.94513e-306
1.56672e+06	1.39935e-307
1.56682e+06	3.26097e-309
1.56692e+06	7.52359e-311
1.56702e+06	1.71854e-312
1.56712e+06	3.88645e-314
1.56722e+06	8.70167e-316
1.56732e+06	1.9289e-317
1.56742e+06	4.23325e-319
1.56752e+06	9.1995e-321
1.56762e+06	1.97626e-322
1.56772e+06	4.94066e-324
1.56782e+06	0
1.56792e+06	0
1.56802e+06	0
1.56812e+06	0
1.56822e+06	0
1.56832e+06	0
1.56842e+06	0
1.56852e+06	0
1.56862e+06	0
1.56872e+06	0
1.56882e+06	0
1.56892e+06	0
1.56902e+06	0
1.56912e+06	0
1.56922e+06	0
1.56932e+06	0
1.56942e+06	0
1.56952e+06	0
1.56962e+06	0
1.56972e+06	0
1.56982e+06	0
1.56992e+06	0
1.57002e+06	0
1.57012e+06	0
1.57022e+06	0
1.57032e+06	0
1.57042e+06	0
1.57052e+06	0
1.57062e+06	0
1.57072e+06	0
1.57082e+06	0
1.57092e+06	0
1.57102e+06	0
1.57112e+06	0
1.57122e+06	0
1.57132e+06	0
1.57142e+06	0
1.57152e+06	0
1.57162e+06	0
1.57172e+06	0
1.57182e+06	0
1.57192e+06	0
1.57202e+06	0
1.57212e+06	0
1.57222e+06	0
1.57232e+06	0
1.57242e+06	0
1.57252e+06	0
1.57262e+06	0
1.57272e+06	0
1.57282e+06	0
1.57292e+06	0
1.57302e+06	0
1.57312e+06	0
1.57322e+06	0
1.57332e+06	0
1.57342e+06	0
1.57352e+06	0
1.57362e+06	0
1.57372e+06	0
1.57382e+06	0
1.57392e+06	0
1.57402e+06	0
1.57412e+06	0
1.57422e+06	0
1.57432e+06	0
1.57442e+06	0
1.57452e+06	0
1.57462e+06	0
1.57472e+06	0
1.57482e+06	0
1.57492e+06	0
1.57502e+06	0
1.57512e+06	0
1.57522e+06	0
1.57532e+06	0
1.57542e+06	0
1.57552e+06	0
1.57562e+06	0
1.57572e+06	0
1.57582e+06	0
1.57592e+06	0
1.57602e+06	0
1.57612e+06	0
1.57622e+06	0
1.57632e+06	0
1.57642e+06	0
1.57652e+06	0
1.57662e+06	0
1.57672e+06	0
1.57682e+06	0
1.57692e+06	0
1.57702e+06	0
1.57712e+06	0
1.57722e+06	0
1.57732e+06	0
1.57742e+06	0
1.57752e+06	0
1.57762e+06	0
1.57772e+06	0
1.57782e+06	0
1.57792e+06	0
1.57802e+06	0
1.57812e+06	0
1.57822e+06	0
1.57832e+06	0
1.57842e+06	0
1.57852e+06	0
1.57862e+06	0
1.57872e+06	0
1.57882e+06	0
1.57892e+06	0
1.57902e+06	0
1.57912e+06	0
1.57922e+06	0
1.57932e+06	0
1.57942e+06	0
1.57952e+06	0
1.57962e+06	0
1.57972e+06	0
1.57982e+06	0
1.57992e+06	0
1.58002e+06	0
1.58012e+06	0
1.58022e+06	0
1.58032e+06	0
1.58042e+06	0
1.58052e+06	0
1.58062e+06	0
1.58072e+06	0
1.58082e+06	0
1.58092e+06	0
1.58102e+06	0
1.58112e+06	0
1.58122e+06	0
1.58132e+06	0
1.58142e+06	0
1.58152e+06	0
1.58162e+06	0
1.58172e+06	0
1.58182e+06	0
1.58192e+06	0
1.58202e+06	0
1.58212e+06	0
1.58222e+06	0
1.58232e+06	0
1.58242e+06	0
1.58252e+06	0
1.58262e+06	0
1.58272e+06	0
1.58282e+06	0
1.58292e+06	0
1.58302e+06	0
1.58312e+06	0
1.58322e+06	0
1.58332e+06	0
1.58342e+06	0
1.58352e+06	0
1.58362e+06	0
1.58372e+06	0
1.58382e+06	0
1.58392e+06	0
1.58402e+06	0
1.58412e+06	0
1.58422e+06	0
1.58432e+06	0
1.58442e+06	0
1.58452e+06	0
1.58462e+06	0
1.58472e+06	0
1.58482e+06	0
1.58492e+06	0
1.58502e+06	0
1.58512e+06	0
1.58522e+06	0
1.58532e+06	0
1.58542e+06	0
1.58552e+06	0
1.58562e+06	0
1.58572e+06	0
1.58582e+06	0
1.58592e+06	0
1.58602e+06	0
1.58612e+06	0
1.58622e+06	0
1.58632e+06	0
1.58642e+06	0
1.58652e+06	0
1.58662e+06	0
1.58672e+06	0
1.58682e+06	0
1.58692e+06	0
1.58702e+06	0
1.58712e+06	0
1.58722e+06	0
1.58732e+06	0
1.58742e+06	0
1.58752e+06	0
1.58762e+06	0
1.58772e+06	0
1.58782e+06	0
1.58792e+06	0
1.58802e+06	0
1.58812e+06	0
1.58822e+06	0
1.58832e+06	0
1.58842e+06	0
1.58852e+06	0
1.58862e+06	0
1.58872e+06	0
1.58882e+06	0
1.58892e+06	0
1.58902e+06	0
1.58912e+06	0
1.58922e+06	0
1.58932e+06	0
1.58942e+06	0
1.58952e+06	0
1.58962e+06	0
1.58972e+06	0
1.58982e+06	0
1.58992e+06	0
1.59002e+06	0
1.59012e+06	0
1.59022e+06	0
1.59032e+06	0
1.59042e+06	0
1.59052e+06	0
1.59062e+06	0
1.59072e+06	0
1.59082e+06	0
1.59092e+06	0
1.59102e+06	0
1.59112e+06	0
1.59122e+06	0
1.59132e+06	0
1.59142e+06	0
1.59152e+06	0
1.59162e+06	0
1.59172e+06	0
1.59182e+06	0
1.59192e+06	0
1.59202e+06	0
1.59212e+06	0
1.59222e+06	0
1.59232e+06	0
1.59242e+06	0
1.59252e+06	0
1.59262e+06	0
1.59272e+06	0
1.59282e+06	0
1.59292e+06	0
1.59302e+06	0
1.59312e+06	0
1.59322e+06	0
1.59332e+06	0
1.59342e+06	0
1.59352e+06	0
1.59362e+06	0
1.59372e+06	0
1.59382e+06	0
1.59392e+06	0
1.59402e+06	0
1.59412e+06	0
1.59422e+06	0
1.59432e+06	0
1.59442e+06	0
1.59452e+06	0
1.59462e+06	0
1.59472e+06	0
1.59482e+06	0
1.59492e+06	0
1.59502e+06	0
1.59512e+06	0
1.59522e+06	0
1.59532e+06	0
1.59542e+06	0
1.59552e+06	0
1.59562e+06	0
1.59572e+06	0
1.59582e+06	0
1.59592e+06	0
1.59602e+06	0
1.59612e+06	0
1.59622e+06	0
1.59632e+06	0
1.59642e+06	0
1.59652e+06	0
1.59662e+06	0
1.59672e+06	0
1.59682e+06	0
1.59692e+06	0
1.59702e+06	0
1.59712e+06	0
1.59722e+06	0
1.59732e+06	0
1.59742e+06	0
1.59752e+06	0
1.59762e+06	0
1.59772e+06	0
1.59782e+06	0
1.59792e+06	0
1.59802e+06	0
1.59812e+06	0
1.59822e+06	0
1.59832e+06	0
1.59842e+06	0
1.59852e+06	0
1.59862e+06	0
1.59872e+06	0
1.59882e+06	0
1.59892e+06	0
1.59902e+06	0
1.59912e+06	0
1.59922e+06	0
1.59932e+06	0
1.59942e+06	0
1.59952e+06	0
1.59962e+06	0
1.59972e+06	0
1.59982e+06	0
1.59992e+06	0
1.60002e+06	0
1.60012e+06	0
1.60022e+06	0
1.60032e+06	0
1.60042e+06	0
1.60052e+06	0
1.60062e+06	0
1.60072e+06	0
1.60082e+06	0
1.60092e+06	0
1.60102e+06	0
1.60112e+06	0
1.60122e+06	0
1.60132e+06	0
1.60142e+06	0
1.60152e+06	0
1.60162e+06	0
1.60172e+06	0
1.60182e+06	0
1.60192e+06	0
1.60202e+06	0
1.60212e+06	0
1.60222e+06	0
1.60232e+06	0
1.60242e+06	0
1.60252e+06	0
1.60262e+06	0
1.60272e+06	0
1.60282e+06	0
1.60292e+06	0
1.60302e+06	0
1.60312e+06	0
1.60322e+06	0
1.60332e+06	0
1.60342e+06	0
1.60352e+06	0
1.60362e+06	0
1.60372e+06	0
1.60382e+06	0
1.60392e+06	0
1.60402e+06	0
1.60412e+06	0
1.60422e+06	0
1.60432e+06	0
1.60442e+06	0
1.60452e+06	0
1.60462e+06	0
1.60472e+06	0
1.60482e+06	0
1.60492e+06	0
1.60502e+06	0
1.60512e+06	0
1.60522e+06	0
1.60532e+06	0
1.60542e+06	0
1.60552e+06	0
1.60562e+06	0
1.60572e+06	0
1.60582e+06	0
1.60592e+06	0
1.60602e+06	0
1.60612e+06	0
1.60622e+06	0
1.60632e+06	0
1.60642e+06	0
1.60652e+06	0
1.60662e+06	0
1.60672e+06	0
1.60682e+06	0
1.60692e+06	0
1.60702e+06	0
1.60712e+06	0
1.60722e+06	0
1.60732e+06	0
1.60742e+06	0
1.60752e+06	0
1.60762e+06	0
1.60772e+06	0
1.60782e+06	0
1.60792e+06	0
1.60802e+06	0
1.60812e+06	0
1.60822e+06	0
1.60832e+06	0
1.60842e+06	0
1.60852e+06	0
1.60862e+06	0
1.60872e+06	0
1.60882e+06	0
1.60892e+06	0
1.60902e+06	0
1.60912e+06	0
1.60922e+06	0
1.60932e+06	0
1.60942e+06	0
1.60952e+06	0
1.60962e+06	0
1.60972e+06	0
1.60982e+06	0
1.60992e+06	0
1.61002e+06	0
1.61012e+06	0
1.61022e+06	0
1.61032e+06	0
1.61042e+06	0
1.61052e+06	0
1.61062e+06	0
1.61072e+06	0
1.61082e+06	0
1.61092e+06	0
1.61102e+06	0
1.61112e+06	0
1.61122e+06	0
1.61132e+06	0
1.61142e+06	0
1.61152e+06	0
1.61162e+06	0
1.61172e+06	0
1.61182e+06	0
1.61192e+06	0
1.61202e+06	0
1.61212e+06	0
1.61222e+06	0
1.61232e+06	0
1.61242e+06	0
1.61252e+06	0
1.61262e+06	0
1.61272e+06	0
1.61282e+06	0
1.61292e+06	0
1.61302e+06	0
1.61312e+06	0
1.61322e+06	0
1.61332e+06	0
1.61342e+06	0
1.61352e+06	0
1.61362e+06	0
1.61372e+06	0
1.61382e+06	0
1.61392e+06	0
1.61402e+06	0
1.61412e+06	0
1.61422e+06	0
1.61432e+06	0
1.61442e+06	0
1.61452e+06	0
1.61462e+06	0
1.61472e+06	0
1.61482e+06	0
1.61492e+06	0
1.61502e+06	0
1.61512e+06	0
1.61522e+06	0
1.61532e+06	0
1.61542e+06	0
1.61552e+06	0
1.61562e+06	0
1.61572e+06	0
1.61582e+06	0
1.61592e+06	0
1.61602e+06	0
1.61612e+06	0
1.61622e+06	0
1.61632e+06	0
1.61642e+06	0
1.61652e+06	0
1.61662e+06	0
1.61672e+06	0
1.61682e+06	0
1.61692e+06	0
1.61702e+06	0
1.61712e+06	0
1.61722e+06	0
1.61732e+06	0
1.61742e+06	0
1.61752e+06	0
1.61762e+06	0
1.61772e+06	0
1.61782e+06	0
1.61792e+06	0
1.61802e+06	0
1.61812e+06	0
1.61822e+06	0
1.61832e+06	0
1.61842e+06	0
1.61852e+06	0
1.61862e+06	0
1.61872e+06	0
1.61882e+06	0
1.61892e+06	0
1.61902e+06	0
1.61912e+06	0
1.61922e+06	0
1.61932e+06	0
1.61942e+06	0
1.61952e+06	0
1.61962e+06	0
1.61972e+06	0
1.61982e+06	0
1.61992e+06	0
1.62002e+06	0
1.62012e+06	0
1.62022e+06	0
1.62032e+06	0
1.62042e+06	0
1.62052e+06	0
1.62062e+06	0
1.62072e+06	0
1.62082e+06	0
1.62092e+06	0
1.62102e+06	0
1.62112e+06	0
1.62122e+06	0
1.62132e+06	0
1.62142e+06	0
1.62152e+06	0
1.62162e+06	0
1.62172e+06	0
1.62182e+06	0
1.62192e+06	0
1.62202e+06	0
1.62212e+06	0
1.62222e+06	0
1.62232e+06	0
1.62242e+06	0
1.62252e+06	0
1.62262e+06	0
1.62272e+06	0
1.62282e+06	0
1.62292e+06	0
1.62302e+06	0
1.62312e+06	0
1.62322e+06	0
1.62332e+06	0
1.62342e+06	0
1.62352e+06	0
1.62362e+06	0
1.62372e+06	0
1.62382e+06	0
1.62392e+06	0
1.62402e+06	0
1.62412e+06	0
1.62422e+06	0
1.62432e+06	0
1.62442e+06	0
1.62452e+06	0
1.62462e+06	0
1.62472e+06	0
1.62482e+06	0
1.62492e+06	0
1.62502e+06	0
1.62512e+06	0
1.62522e+06	0
1.62532e+06	0
1.62542e+06	0
1.62552e+06	0
1.62562e+06	0
1.62572e+06	0
1.62582e+06	0
1.62592e+06	0
1.62602e+06	0
1.62612e+06	0
1.62622e+06	0
1.62632e+06	0
1.62642e+06	0
1.62652e+06	0
1.62662e+06	0
1.62672e+06	0
1.62682e+06	0
1.62692e+06	0
1.62702e+06	0
1.62712e+06	0
1.62722e+06	0
1.62732e+06	0
1.62742e+06	0
1.62752e+06	0
1.62762e+06	0
1.62772e+06	0
1.62782e+06	0
1.62792e+06	0
1.62802e+06	0
1.62812e+06	0
1.62822e+06	0
1.62832e+06	0
1.62842e+06	0
1.62852e+06	0
1.62862e+06	0
1.62872e+06	0
1.62882e+06	0
1.62892e+06	0
1.62902e+06	0
1.62912e+06	0
1.62922e+06	0
1.62932e+06	0
1.62942e+06	0
1.62952e+06	0
1.62962e+06	0
1.62972e+06	0
1.62982e+06	0
1.62992e+06	0
1.63002e+06	0
1.63012e+06	0
1.63022e+06	0
1.63032e+06	0
1.63042e+06	0
1.63052e+06	0
1.63062e+06	0
1.63072e+06	0
1.63082e+06	0
1.63092e+06	0
1.63102e+06	0
1.63112e+06	0
1.63122e+06	0
1.63132e+06	0
1.63142e+06	0
1.63152e+06	0
1.63162e+06	0
1.63172e+06	0
1.63182e+06	0
1.63192e+06	0
1.63202e+06	0
1.63212e+06	0
1.63222e+06	0
1.63232e+06	0
1.63242e+06	0
1.63252e+06	0
1.63262e+06	0
1.63272e+06	0
1.63282e+06	0
1.63292e+06	0
1.63302e+06	0
1.63312e+06	0
1.63322e+06	0
1.63332e+06	0
1.63342e+06	0
1.63352e+06	0
1.63362e+06	0
1.63372e+06	0
1.63382e+06	0
1.63392e+06	0
1.63402e+06	0
1.63412e+06	0
1.63422e+06	0
1.63432e+06	0
1.63442e+06	0
1.63452e+06	0
1.63462e+06	0
1.63472e+06	0
1.63482e+06	0
1.63492e+06	0
1.63502e+06	0
1.63512e+06	0
1.63522e+06	0
1.63532e+06	0
1.63542e+06	0
1.63552e+06	0
1.63562e+06	0
1.63572e+06	0
1.63582e+06	0
1.63592e+06	0
1.63602e+06	0
1.63612e+06	0
1.63622e+06	0
1.63632e+06	0
1.63642e+06	0
1.63652e+06	0
1.63662e+06	0
1.63672e+06	0
1.63682e+06	0
1.63692e+06	0
1.63702e+06	0
1.63712e+06	0
1.63722e+06	0
1.63732e+06	0
1.63742e+06	0
1.63752e+06	0
1.63762e+06	0
1.63772e+06	0
1.63782e+06	0
1.63792e+06	0
1.63802e+06	0
1.63812e+06	0
1.63822e+06	0
1.63832e+06	0
1.63842e+06	0
1.63852e+06	0
1.63862e+06	0
1.63872e+06	0
1.63882e+06	0
1.63892e+06	0
1.63902e+06	0
1.63912e+06	0
1.63922e+06	0
1.63932e+06	0
1.63942e+06	0
1.63952e+06	0
1.63962e+06	0
1.63972e+06	0
1.63982e+06	0
1.63992e+06	0
1.64002e+06	0
1.64012e+06	0
1.64022e+06	0
1.64032e+06	0
1.64042e+06	0
1.64052e+06	0
1.64062e+06	0
1.64072e+06	0
1.64082e+06	0
1.64092e+06	0
1.64102e+06	0
1.64112e+06	0
1.64122e+06	0
1.64132e+06	0
1.64142e+06	0
1.64152e+06	0
1.64162e+06	0
1.64172e+06	0
1.64182e+06	0
1.64192e+06	0
1.64202e+06	0
1.64212e+06	0
1.64222e+06	0
1.64232e+06	0
1.64242e+06	0
1.64252e+06	0
1.64262e+06	0
1.64272e+06	0
1.64282e+06	0
1.64292e+06	0
1.64302e+06	0
1.64312e+06	0
1.64322e+06	0
1.64332e+06	0
1.64342e+06	0
1.64352e+06	0
1.64362e+06	0
1.64372e+06	0
1.64382e+06	0
1.64392e+06	0
1.64402e+06	0
1.64412e+06	0
1.64422e+06	0
1.64432e+06	0
1.64442e+06	0
1.64452e+06	0
1.64462e+06	0
1.64472e+06	0
1.64482e+06	0
1.64492e+06	0
1.64502e+06	0
1.64512e+06	0
1.64522e+06	0
1.64532e+06	0
1.64542e+06	0
1.64552e+06	0
1.64562e+06	0
1.64572e+06	0
1.64582e+06	0
1.64592e+06	0
1.64602e+06	0
1.64612e+06	0
1.64622e+06	0
1.64632e+06	0
1.64642e+06	0
1.64652e+06	0
1.64662e+06	0
1.64672e+06	0
1.64682e+06	0
1.64692e+06	0
1.64702e+06	0
1.64712e+06	0
1.64722e+06	0
1.64732e+06	0
1.64742e+06	0
1.64752e+06	0
1.64762e+06	0
1.64772e+06	0
1.64782e+06	0
1.64792e+06	0
1.64802e+06	0
1.64812e+06	0
1.64822e+06	0
1.64832e+06	0
1.64842e+06	0
1.64852e+06	0
1.64862e+06	0
1.64872e+06	0
1.64882e+06	0
1.64892e+06	0
1.64902e+06	0
1.64912e+06	0
1.64922e+06	0
1.64932e+06	0
1.64942e+06	0
1.64952e+06	0
1.64962e+06	0
1.64972e+06	0
1.64982e+06	0
1.64992e+06	0
1.65002e+06	0
1.65012e+06	0
1.65022e+06	0
1.65032e+06	0
1.65042e+06	0
1.65052e+06	0
1.65062e+06	0
1.65072e+06	0
1.65082e+06	0
1.65092e+06	0
1.65102e+06	0
1.65112e+06	0
1.65122e+06	0
1.65132e+06	0
1.65142e+06	0
1.65152e+06	0
1.65162e+06	0
1.65172e+06	0
1.65182e+06	0
1.65192e+06	0
1.65202e+06	0
1.65212e+06	0
1.65222e+06	0
1.65232e+06	0
1.65242e+06	0
1.65252e+06	0
1.65262e+06	0
1.65272e+06	0
1.65282e+06	0
1.65292e+06	0
1.65302e+06	0
1.65312e+06	0
1.65322e+06	0
1.65332e+06	0
1.65342e+06	0
1.65352e+06	0
1.65362e+06	0
1.65372e+06	0
1.65382e+06	0
1.65392e+06	0
1.65402e+06	0
1.65412e+06	0
1.65422e+06	0
1.65432e+06	0
1.65442e+06	0
1.65452e+06	0
1.65462e+06	0
1.65472e+06	0
1.65482e+06	0
1.65492e+06	0
1.65502e+06	0
1.65512e+06	0
1.65522e+06	0
1.65532e+06	0
1.65542e+06	0
1.65552e+06	0
1.65562e+06	0
1.65572e+06	0
1.65582e+06	0
1.65592e+06	0
1.65602e+06	0
1.65612e+06	0
1.65622e+06	0
1.65632e+06	0
1.65642e+06	0
1.65652e+06	0
1.65662e+06	0
1.65672e+06	0
1.65682e+06	0
1.65692e+06	0
1.65702e+06	0
1.65712e+06	0
1.65722e+06	0
1.65732e+06	0
1.65742e+06	0
1.65752e+06	0
1.65762e+06	0
1.65772e+06	0
1.65782e+06	0
1.65792e+06	0
1.65802e+06	0
1.65812e+06	0
1.65822e+06	0
1.65832e+06	0
1.65842e+06	0
1.65852e+06	0
1.65862e+06	0
1.65872e+06	0
1.65882e+06	0
1.65892e+06	0
1.65902e+06	0
1.65912e+06	0
1.65922e+06	0
1.65932e+06	0
1.65942e+06	0
1.65952e+06	0
1.65962e+06	0
1.65972e+06	0
1.65982e+06	0
1.65992e+06	0
1.66002e+06	0
1.66012e+06	0
1.66022e+06	0
1.66032e+06	0
1.66042e+06	0
1.66052e+06	0
1.66062e+06	0
1.66072e+06	0
1.66082e+06	0
1.66092e+06	0
1.66102e+06	0
1.66112e+06	0
1.66122e+06	0
1.66132e+06	0
1.66142e+06	0
1.66152e+06	0
1.66162e+06	0
1.66172e+06	0
1.66182e+06	0
1.66192e+06	0
1.66202e+06	0
1.66212e+06	0
1.66222e+06	0
1.66232e+06	0
1.66242e+06	0
1.66252e+06	0
1.66262e+06	0
1.66272e+06	0
1.66282e+06	0
1.66292e+06	0
1.66302e+06	0
1.66312e+06	0
1.66322e+06	0
1.66332e+06	0
1.66342e+06	0
1.66352e+06	0
1.66362e+06	0
1.66372e+06	0
1.66382e+06	0
1.66392e+06	0
1.66402e+06	0
1.66412e+06	0
1.66422e+06	0
1.66432e+06	0
1.66442e+06	0
1.66452e+06	0
1.66462e+06	0
1.66472e+06	0
1.66482e+06	0
1.66492e+06	0
1.66502e+06	0
1.66512e+06	0
1.66522e+06	0
1.66532e+06	0
1.66542e+06	0
1.66552e+06	0
1.66562e+06	0
1.66572e+06	0
1.66582e+06	0
1.66592e+06	0
1.66602e+06	0
1.66612e+06	0
1.66622e+06	0
1.66632e+06	0
1.66642e+06	0
1.66652e+06	0
1.66662e+06	0
1.66672e+06	0
1.66682e+06	0
1.66692e+06	0
1.66702e+06	0
1.66712e+06	0
1.66722e+06	0
1.66732e+06	0
1.66742e+06	0
1.66752e+06	0
1.66762e+06	0
1.66772e+06	0
1.66782e+06	0
1.66792e+06	0
1.66802e+06	0
1.66812e+06	0
1.66822e+06	0
1.66832e+06	0
1.66842e+06	0
1.66852e+06	0
1.66862e+06	0
1.66872e+06	0
1.66882e+06	0
1.66892e+06	0
1.66902e+06	0
1.66912e+06	0
1.66922e+06	0
1.66932e+06	0
1.66942e+06	0
1.66952e+06	0
1.66962e+06	0
1.66972e+06	0
1.66982e+06	0
1.66992e+06	0
1.67002e+06	0
1.67012e+06	0
1.67022e+06	0
1.67032e+06	0
1.67042e+06	0
1.67052e+06	0
1.67062e+06	0
1.67072e+06	0
1.67082e+06	0
1.67092e+06	0
1.67102e+06	0
1.67112e+06	0
1.67122e+06	0
1.67132e+06	0
1.67142e+06	0
1.67152e+06	0
1.67162e+06	0
1.67172e+06	0
1.67182e+06	0
1.67192e+06	0
1.67202e+06	0
1.67212e+06	0
1.67222e+06	0
1.67232e+06	0
1.67242e+06	0
1.67252e+06	0
1.67262e+06	0
1.67272e+06	0
1.67282e+06	0
1.67292e+06	0
1.67302e+06	0
1.67312e+06	0
1.67322e+06	0
1.67332e+06	0
1.67342e+06	0
1.67352e+06	0
1.67362e+06	0
1.67372e+06	0
1.67382e+06	0
1.67392e+06	0
1.67402e+06	0
1.67412e+06	0
1.67422e+06	0
1.67432e+06	0
1.67442e+06	0
1.67452e+06	0
1.67462e+06	0
1.67472e+06	0
1.67482e+06	0
1.67492e+06	0
1.67502e+06	0
1.67512e+06	0
1.67522e+06	0
1.67532e+06	0
1.67542e+06	0
1.67552e+06	0
1.67562e+06	0
1.67572e+06	0
1.67582e+06	0
1.67592e+06	0
1.67602e+06	0
1.67612e+06	0
1.67622e+06	0
1.67632e+06	0
1.67642e+06	0
1.67652e+06	0
1.67662e+06	0
1.67672e+06	0
1.67682e+06	0
1.67692e+06	0
1.67702e+06	0
1.67712e+06	0
1.67722e+06	0
1.67732e+06	0
1.67742e+06	0
1.67752e+06	0
1.67762e+06	0
1.67772e+06	0
1.67782e+06	0
1.67792e+06	0
1.67802e+06	0
1.67812e+06	0
1.67822e+06	0
1.67832e+06	0
1.67842e+06	0
1.67852e+06	0
1.67862e+06	0
1.67872e+06	0
1.67882e+06	0
1.67892e+06	0
1.67902e+06	0
1.67912e+06	0
1.67922e+06	0
1.67932e+06	0
1.67942e+06	0
1.67952e+06	0
1.67962e+06	0
1.67972e+06	0
1.67982e+06	0
1.67992e+06	0
1.68002e+06	0
1.68012e+06	0
1.68022e+06	0
1.68032e+06	0
1.68042e+06	0
1.68052e+06	0
1.68062e+06	0
1.68072e+06	0
1.68082e+06	0
1.68092e+06	0
1.68102e+06	0
1.68112e+06	0
1.68122e+06	0
1.68132e+06	0
1.68142e+06	0
1.68152e+06	0
1.68162e+06	0
1.68172e+06	0
1.68182e+06	0
1.68192e+06	0
1.68202e+06	0
1.68212e+06	0
1.68222e+06	0
1.68232e+06	0
1.68242e+06	0
1.68252e+06	0
1.68262e+06	0
1.68272e+06	0
1.68282e+06	0
1.68292e+06	0
1.68302e+06	0
1.68312e+06	0
1.68322e+06	0
1.68332e+06	0
1.68342e+06	0
1.68352e+06	0
1.68362e+06	0
1.68372e+06	0
1.68382e+06	0
1.68392e+06	0
1.68402e+06	0
1.68412e+06	0
1.68422e+06	0
1.68432e+06	0
1.68442e+06	0
1.68452e+06	0
1.68462e+06	0
1.68472e+06	0
1.68482e+06	0
1.68492e+06	0
1.68502e+06	0
1.68512e+06	0
1.68522e+06	0
1.68532e+06	0
1.68542e+06	0
1.68552e+06	0
1.68562e+06	0
1.68572e+06	0
1.68582e+06	0
1.68592e+06	0
1.68602e+06	0
1.68612e+06	0
1.68622e+06	0
1.68632e+06	0
1.68642e+06	0
1.68652e+06	0
1.68662e+06	0
1.68672e+06	0
1.68682e+06	0
1.68692e+06	0
1.68702e+06	0
1.68712e+06	0
1.68722e+06	0
1.68732e+06	0
1.68742e+06	0
1.68752e+06	0
1.68762e+06	0
1.68772e+06	0
1.68782e+06	0
1.68792e+06	0
1.68802e+06	0
1.68812e+06	0
1.68822e+06	0
1.68832e+06	0
1.68842e+06	0
1.68852e+06	0
1.68862e+06	0
1.68872e+06	0
1.68882e+06	0
1.68892e+06	0
1.68902e+06	0
1.68912e+06	0
1.68922e+06	0
1.68932e+06	0
1.68942e+06	0
1.68952e+06	0
1.68962e+06	0
1.68972e+06	0
1.68982e+06	0
1.68992e+06	0
1.69002e+06	0
1.69012e+06	0
1.69022e+06	0
1.69032e+06	0
1.69042e+06	0
1.69052e+06	0
1.69062e+06	0
1.69072e+06	0
1.69082e+06	0
1.69092e+06	0
1.69102e+06	0
1.69112e+06	0
1.69122e+06	0
1.69132e+06	0
1.69142e+06	0
1.69152e+06	0
1.69162e+06	0
1.69172e+06	0
1.69182e+06	0
1.69192e+06	0
1.69202e+06	0
1.69212e+06	0
1.69222e+06	0
1.69232e+06	0
1.69242e+06	0
1.69252e+06	0
1.69262e+06	0
1.69272e+06	0
1.69282e+06	0
1.69292e+06	0
1.69302e+06	0
1.69312e+06	0
1.69322e+06	0
1.69332e+06	0
1.69342e+06	0
1.69352e+06	0
1.69362e+06	0
1.69372e+06	0
1.69382e+06	0
1.69392e+06	0
1.69402e+06	0
1.69412e+06	0
1.69422e+06	0
1.69432e+06	0
1.69442e+06	0
1.69452e+06	0
1.69462e+06	0
1.69472e+06	0
1.69482e+06	0
1.69492e+06	0
1.69502e+06	0
1.69512e+06	0
1.69522e+06	0
1.69532e+06	0
1.69542e+06	0
1.69552e+06	0
1.69562e+06	0
1.69572e+06	0
1.69582e+06	0
1.69592e+06	0
1.69602e+06	0
1.69612e+06	0
1.69622e+06	0
1.69632e+06	0
1.69642e+06	0
1.69652e+06	0
1.69662e+06	0
1.69672e+06	0
1.69682e+06	0
1.69692e+06	0
1.69702e+06	0
1.69712e+06	0
1.69722e+06	0
1.69732e+06	0
1.69742e+06	0
1.69752e+06	0
1.69762e+06	0
1.69772e+06	0
1.69782e+06	0
1.69792e+06	0
1.69802e+06	0
1.69812e+06	0
1.69822e+06	0
1.69832e+06	0
1.69842e+06	0
1.69852e+06	0
1.69862e+06	0
1.69872e+06	0
1.69882e+06	0
1.69892e+06	0
1.69902e+06	0
1.69912e+06	0
1.69922e+06	0
1.69932e+06	0
1.69942e+06	0
1.69952e+06	0
1.69962e+06	0
1.69972e+06	0
1.69982e+06	0
1.69992e+06	0
1.70002e+06	0
1.70012e+06	0
1.70022e+06	0
1.70032e+06	0
1.70042e+06	0
1.70052e+06	0
1.70062e+06	0
1.70072e+06	0
1.70082e+06	0
1.70092e+06	0
1.70102e+06	0
1.70112e+06	0
1.70122e+06	0
1.70132e+06	0
1.70142e+06	0
1.70152e+06	0
1.70162e+06	0
1.70172e+06	0
1.70182e+06	0
1.70192e+06	0
1.70202e+06	0
1.70212e+06	0
1.70222e+06	0
1.70232e+06	0
1.70242e+06	0
1.70252e+06	0
1.70262e+06	0
1.70272e+06	0
1.70282e+06	0
1.70292e+06	0
1.70302e+06	0
1.70312e+06	0
1.70322e+06	0
1.70332e+06	0
1.70342e+06	0
1.70352e+06	0
1.70362e+06	0
1.70372e+06	0
1.70382e+06	0
1.70392e+06	0
1.70402e+06	0
1.70412e+06	0
1.70422e+06	0
1.70432e+06	0
1.70442e+06	0
1.70452e+06	0
1.70462e+06	0
1.70472e+06	0
1.70482e+06	0
1.70492e+06	0
1.70502e+06	0
1.70512e+06	0
1.70522e+06	0
1.70532e+06	0
1.70542e+06	0
1.70552e+06	0
1.70562e+06	0
1.70572e+06	0
1.70582e+06	0
1.70592e+06	0
1.70602e+06	0
1.70612e+06	0
1.70622e+06	0
1.70632e+06	0
1.70642e+06	0
1.70652e+06	0
1.70662e+06	0
1.70672e+06	0
1.70682e+06	0
1.70692e+06	0
1.70702e+06	0
1.70712e+06	0
1.70722e+06	0
1.70732e+06	0
1.70742e+06	0
1.70752e+06	0
1.70762e+06	0
1.70772e+06	0
1.70782e+06	0
1.70792e+06	0
1.70802e+06	0
1.70812e+06	0
1.70822e+06	0
1.70832e+06	0
1.70842e+06	0
1.70852e+06	0
1.70862e+06	0
1.70872e+06	0
1.70882e+06	0
1.70892e+06	0
1.70902e+06	0
1.70912e+06	0
1.70922e+06	0
1.70932e+06	0
1.70942e+06	0
1.70952e+06	0
1.70962e+06	0
1.70972e+06	0
1.70982e+06	0
1.70992e+06	0
1.71002e+06	0
1.71012e+06	0
1.71022e+06	0
1.71032e+06	0
1.71042e+06	0
1.71052e+06	0
1.71062e+06	0
1.71072e+06	0
1.71082e+06	0
1.71092e+06	0
1.71102e+06	0
1.71112e+06	0
1.71122e+06	0
1.71132e+06	0
1.71142e+06	0
1.71152e+06	0
1.71162e+06	0
1.71172e+06	0
1.71182e+06	0
1.71192e+06	0
1.71202e+06	0
1.71212e+06	0
1.71222e+06	0
1.71232e+06	0
1.71242e+06	0
1.71252e+06	0
1.71262e+06	0
1.71272e+06	0
1.71282e+06	0
1.71292e+06	0
1.71302e+06	0
1.71312e+06	0
1.71322e+06	0
1.71332e+06	0
1.71342e+06	0
1.71352e+06	0
1.71362e+06	0
1.71372e+06	0
1.71382e+06	0
1.71392e+06	0
1.71402e+06	0
1.71412e+06	0
1.71422e+06	0
1.71432e+06	0
1.71442e+06	0
1.71452e+06	0
1.71462e+06	0
1.71472e+06	0
1.71482e+06	0
1.71492e+06	0
1.71502e+06	0
1.71512e+06	0
1.71522e+06	0
1.71532e+06	0
1.71542e+06	0
1.71552e+06	0
1.71562e+06	0
1.71572e+06	0
1.71582e+06	0
1.71592e+06	0
1.71602e+06	0
1.71612e+06	0
1.71622e+06	0
1.71632e+06	0
1.71642e+06	0
1.71652e+06	0
1.71662e+06	0
1.71672e+06	0
1.71682e+06	0
1.71692e+06	0
1.71702e+06	0
1.71712e+06	0
1.71722e+06	0
1.71732e+06	0
1.71742e+06	0
1.71752e+06	0
1.71762e+06	0
1.71772e+06	0
1.71782e+06	0
1.71792e+06	0
1.71802e+06	0
1.71812e+06	0
1.71822e+06	0
1.71832e+06	0
1.71842e+06	0
1.71852e+06	0
1.71862e+06	0
1.71872e+06	0
1.71882e+06	0
1.71892e+06	0
1.71902e+06	0
1.71912e+06	0
1.71922e+06	0
1.71932e+06	0
1.71942e+06	0
1.71952e+06	0
1.71962e+06	0
1.71972e+06	0
1.71982e+06	0
1.71992e+06	0
1.72002e+06	0
1.72012e+06	0
1.72022e+06	0
1.72032e+06	0
1.72042e+06	0
1.72052e+06	0
1.72062e+06	0
1.72072e+06	0
1.72082e+06	0
1.72092e+06	0
1.72102e+06	0
1.72112e+06	0
1.72122e+06	0
1.72132e+06	0
1.72142e+06	0
1.72152e+06	0
1.72162e+06	0
1.72172e+06	0
1.72182e+06	0
1.72192e+06	0
1.72202e+06	0
1.72212e+06	0
1.72222e+06	0
1.72232e+06	0
1.72242e+06	0
1.72252e+06	0
1.72262e+06	0
1.72272e+06	0
1.72282e+06	0
1.72292e+06	0
1.72302e+06	0
1.72312e+06	0
1.72322e+06	0
1.72332e+06	0
1.72342e+06	0
1.72352e+06	0
1.72362e+06	0
1.72372e+06	0
1.72382e+06	0
1.72392e+06	0
1.72402e+06	0
1.72412e+06	0
1.72422e+06	0
1.72432e+06	0
1.72442e+06	0
1.72452e+06	0
1.72462e+06	0
1.72472e+06	0
1.72482e+06	0
1.72492e+06	0
1.72502e+06	0
1.72512e+06	0
1.72522e+06	0
1.72532e+06	0
1.72542e+06	0
1.72552e+06	0
1.72562e+06	0
1.72572e+06	0
1.72582e+06	0
1.72592e+06	0
1.72602e+06	0
1.72612e+06	0
1.72622e+06	0
1.72632e+06	0
1.72642e+06	0
1.72652e+06	0
1.72662e+06	0
1.72672e+06	0
1.72682e+06	0
1.72692e+06	0
1.72702e+06	0
1.72712e+06	0
1.72722e+06	0
1.72732e+06	0
1.72742e+06	0
1.72752e+06	0
1.72762e+06	0
1.72772e+06	0
1.72782e+06	0
1.72792e+06	0
1.72802e+06	0
1.72812e+06	0
1.72822e+06	0
1.72832e+06	0
1.72842e+06	0
1.72852e+06	0
1.72862e+06	0
1.72872e+06	0
1.72882e+06	0
1.72892e+06	0
1.72902e+06	0
1.72912e+06	0
1.72922e+06	0
1.72932e+06	0
1.72942e+06	0
1.72952e+06	0
1.72962e+06	0
1.72972e+06	0
1.72982e+06	0
1.72992e+06	0
1.73002e+06	0
1.73012e+06	0
1.73022e+06	0
1.73032e+06	0
1.73042e+06	0
1.73052e+06	0
1.73062e+06	0
1.73072e+06	0
1.73082e+06	0
1.73092e+06	0
1.73102e+06	0
1.73112e+06	0
1.73122e+06	0
1.73132e+06	0
1.73142e+06	0
1.73152e+06	0
1.73162e+06	0
1.73172e+06	0
1.73182e+06	0
1.73192e+06	0
1.73202e+06	0
1.73212e+06	0
1.73222e+06	0
1.73232e+06	0
1.73242e+06	0
1.73252e+06	0
1.73262e+06	0
1.73272e+06	0
1.73282e+06	0
1.73292e+06	0
1.73302e+06	0
1.73312e+06	0
1.73322e+06	0
1.73332e+06	0
1.73342e+06	0
1.73352e+06	0
1.73362e+06	0
1.73372e+06	0
1.73382e+06	0
1.73392e+06	0
1.73402e+06	0
1.73412e+06	0
1.73422e+06	0
1.73432e+06	0
1.73442e+06	0
1.73452e+06	0
1.73462e+06	0
1.73472e+06	0
1.73482e+06	0
1.73492e+06	0
1.73502e+06	0
1.73512e+06	0
1.73522e+06	0
1.73532e+06	0
1.73542e+06	0
1.73552e+06	0
1.73562e+06	0
1.73572e+06	0
1.73582e+06	0
1.73592e+06	0
1.73602e+06	0
1.73612e+06	0
1.73622e+06	0
1.73632e+06	0
1.73642e+06	0
1.73652e+06	0
1.73662e+06	0
1.73672e+06	0
1.73682e+06	0
1.73692e+06	0
1.73702e+06	0
1.73712e+06	0
1.73722e+06	0
1.73732e+06	0
1.73742e+06	0
1.73752e+06	0
1.73762e+06	0
1.73772e+06	0
1.73782e+06	0
1.73792e+06	0
1.73802e+06	0
1.73812e+06	0
1.73822e+06	0
1.73832e+06	0
1.73842e+06	0
1.73852e+06	0
1.73862e+06	0
1.73872e+06	0
1.73882e+06	0
1.73892e+06	0
1.73902e+06	0
1.73912e+06	0
1.73922e+06	0
1.73932e+06	0
1.73942e+06	0
1.73952e+06	0
1.73962e+06	0
1.73972e+06	0
1.73982e+06	0
1.73992e+06	0
1.74002e+06	0
1.74012e+06	0
1.74022e+06	0
1.74032e+06	0
1.74042e+06	0
1.74052e+06	0
1.74062e+06	0
1.74072e+06	0
1.74082e+06	0
1.74092e+06	0
1.74102e+06	0
1.74112e+06	0
1.74122e+06	0
1.74132e+06	0
1.74142e+06	0
1.74152e+06	0
1.74162e+06	0
1.74172e+06	0
1.74182e+06	0
1.74192e+06	0
1.74202e+06	0
1.74212e+06	0
1.74222e+06	0
1.74232e+06	0
1.74242e+06	0
1.74252e+06	0
1.74262e+06	0
1.74272e+06	0
1.74282e+06	0
1.74292e+06	0
1.74302e+06	0
1.74312e+06	0
1.74322e+06	0
1.74332e+06	0
1.74342e+06	0
1.74352e+06	0
1.74362e+06	0
1.74372e+06	0
1.74382e+06	0
1.74392e+06	0
1.74402e+06	0
1.74412e+06	0
1.74422e+06	0
1.74432e+06	0
1.74442e+06	0
1.74452e+06	0
1.74462e+06	0
1.74472e+06	0
1.74482e+06	0
1.74492e+06	0
1.74502e+06	0
1.74512e+06	0
1.74522e+06	0
1.74532e+06	0
1.74542e+06	0
1.74552e+06	0
1.74562e+06	0
1.74572e+06	0
1.74582e+06	0
1.74592e+06	0
1.74602e+06	0
1.74612e+06	0
1.74622e+06	0
1.74632e+06	0
1.74642e+06	0
1.74652e+06	0
1.74662e+06	0
1.74672e+06	0
1.74682e+06	0
1.74692e+06	0
1.74702e+06	0
1.74712e+06	0
1.74722e+06	0
1.74732e+06	0
1.74742e+06	0
1.74752e+06	0
1.74762e+06	0
1.74772e+06	0
1.74782e+06	0
1.74792e+06	0
1.74802e+06	0
1.74812e+06	0
1.74822e+06	0
1.74832e+06	0
1.74842e+06	0
1.74852e+06	0
1.74862e+06	0
1.74872e+06	0
1.74882e+06	0
1.74892e+06	0
1.74902e+06	0
1.74912e+06	0
1.74922e+06	0
1.74932e+06	0
1.74942e+06	0
1.74952e+06	0
1.74962e+06	0
1.74972e+06	0
1.74982e+06	0
1.74992e+06	0
1.75002e+06	0
1.75012e+06	0
1.75022e+06	0
1.75032e+06	0
1.75042e+06	0
1.75052e+06	0
1.75062e+06	0
1.75072e+06	0
1.75082e+06	0
1.75092e+06	0
1.75102e+06	0
1.75112e+06	0
1.75122e+06	0
1.75132e+06	0
1.75142e+06	0
1.75152e+06	0
1.75162e+06	0
1.75172e+06	0
1.75182e+06	0
1.75192e+06	0
1.75202e+06	0
1.75212e+06	0
1.75222e+06	0
1.75232e+06	0
1.75242e+06	0
1.75252e+06	0
1.75262e+06	0
1.75272e+06	0
1.75282e+06	0
1.75292e+06	0
1.75302e+06	0
1.75312e+06	0
1.75322e+06	0
1.75332e+06	0
1.75342e+06	0
1.75352e+06	0
1.75362e+06	0
1.75372e+06	0
1.75382e+06	0
1.75392e+06	0
1.75402e+06	0
1.75412e+06	0
1.75422e+06	0
1.75432e+06	0
1.75442e+06	0
1.75452e+06	0
1.75462e+06	0
1.75472e+06	0
1.75482e+06	0
1.75492e+06	0
1.75502e+06	0
1.75512e+06	0
1.75522e+06	0
1.75532e+06	0
1.75542e+06	0
1.75552e+06	0
1.75562e+06	0
1.75572e+06	0
1.75582e+06	0
1.75592e+06	0
1.75602e+06	0
1.75612e+06	0
1.75622e+06	0
1.75632e+06	0
1.75642e+06	0
1.75652e+06	0
1.75662e+06	0
1.75672e+06	0
1.75682e+06	0
1.75692e+06	0
1.75702e+06	0
1.75712e+06	0
1.75722e+06	0
1.75732e+06	0
1.75742e+06	0
1.75752e+06	0
1.75762e+06	0
1.75772e+06	0
1.75782e+06	0
1.75792e+06	0
1.75802e+06	0
1.75812e+06	0
1.75822e+06	0
1.75832e+06	0
1.75842e+06	0
1.75852e+06	0
1.75862e+06	0
1.75872e+06	0
1.75882e+06	0
1.75892e+06	0
1.75902e+06	0
1.75912e+06	0
1.75922e+06	0
1.75932e+06	0
1.75942e+06	0
1.75952e+06	0
1.75962e+06	0
1.75972e+06	0
1.75982e+06	0
1.75992e+06	0
1.76002e+06	0
1.76012e+06	0
1.76022e+06	0
1.76032e+06	0
1.76042e+06	0
1.76052e+06	0
1.76062e+06	0
1.76072e+06	0
1.76082e+06	0
1.76092e+06	0
1.76102e+06	0
1.76112e+06	0
1.76122e+06	0
1.76132e+06	0
1.76142e+06	0
1.76152e+06	0
1.76162e+06	0
1.76172e+06	0
1.76182e+06	0
1.76192e+06	0
1.76202e+06	0
1.76212e+06	0
1.76222e+06	0
1.76232e+06	0
1.76242e+06	0
1.76252e+06	0
1.76262e+06	0
1.76272e+06	0
1.76282e+06	0
1.76292e+06	0
1.76302e+06	0
1.76312e+06	0
1.76322e+06	0
1.76332e+06	0
1.76342e+06	0
1.76352e+06	0
1.76362e+06	0
1.76372e+06	0
1.76382e+06	0
1.76392e+06	0
1.76402e+06	0
1.76412e+06	0
1.76422e+06	0
1.76432e+06	0
1.76442e+06	0
1.76452e+06	0
1.76462e+06	0
1.76472e+06	0
1.76482e+06	0
1.76492e+06	0
1.76502e+06	0
1.76512e+06	0
1.76522e+06	0
1.76532e+06	0
1.76542e+06	0
1.76552e+06	0
1.76562e+06	0
1.76572e+06	0
1.76582e+06	0
1.76592e+06	0
1.76602e+06	0
1.76612e+06	0
1.76622e+06	0
1.76632e+06	0
1.76642e+06	0
1.76652e+06	0
1.76662e+06	0
1.76672e+06	0
1.76682e+06	0
1.76692e+06	0
1.76702e+06	0
1.76712e+06	0
1.76722e+06	0
1.76732e+06	0
1.76742e+06	0
1.76752e+06	0
1.76762e+06	0
1.76772e+06	0
1.76782e+06	0
1.76792e+06	0
1.76802e+06	0
1.76812e+06	0
1.76822e+06	0
1.76832e+06	0
1.76842e+06	0
1.76852e+06	0
1.76862e+06	0
1.76872e+06	0
1.76882e+06	0
1.76892e+06	0
1.76902e+06	0
1.76912e+06	0
1.76922e+06	0
1.76932e+06	0
1.76942e+06	0
1.76952e+06	0
1.76962e+06	0
1.76972e+06	0
1.76982e+06	0
1.76992e+06	0
1.77002e+06	0
1.77012e+06	0
1.77022e+06	0
1.77032e+06	0
1.77042e+06	0
1.77052e+06	0
1.77062e+06	0
1.77072e+06	0
1.77082e+06	0
1.77092e+06	0
1.77102e+06	0
1.77112e+06	0
1.77122e+06	0
1.77132e+06	0
1.77142e+06	0
1.77152e+06	0
1.77162e+06	0
1.77172e+06	0
1.77182e+06	0
1.77192e+06	0
1.77202e+06	0
1.77212e+06	0
1.77222e+06	0
1.77232e+06	0
1.77242e+06	0
1.77252e+06	0
1.77262e+06	0
1.77272e+06	0
1.77282e+06	0
1.77292e+06	0
1.77302e+06	0
1.77312e+06	0
1.77322e+06	0
1.77332e+06	0
1.77342e+06	0
1.77352e+06	0
1.77362e+06	0
1.77372e+06	0
1.77382e+06	0
1.77392e+06	0
1.77402e+06	0
1.77412e+06	0
1.77422e+06	0
1.77432e+06	0
1.77442e+06	0
1.77452e+06	0
1.77462e+06	0
1.77472e+06	0
1.77482e+06	0
1.77492e+06	0
1.77502e+06	0
1.77512e+06	0
1.77522e+06	0
1.77532e+06	0
1.77542e+06	0
1.77552e+06	0
1.77562e+06	0
1.77572e+06	0
1.77582e+06	0
1.77592e+06	0
1.77602e+06	0
1.77612e+06	0
1.77622e+06	0
1.77632e+06	0
1.77642e+06	0
1.77652e+06	0
1.77662e+06	0
1.77672e+06	0
1.77682e+06	0
1.77692e+06	0
1.77702e+06	0
1.77712e+06	0
1.77722e+06	0
1.77732e+06	0
1.77742e+06	0
1.77752e+06	0
1.77762e+06	0
1.77772e+06	0
1.77782e+06	0
1.77792e+06	0
1.77802e+06	0
1.77812e+06	0
1.77822e+06	0
1.77832e+06	0
1.77842e+06	0
1.77852e+06	0
1.77862e+06	0
1.77872e+06	0
1.77882e+06	0
1.77892e+06	0
1.77902e+06	0
1.77912e+06	0
1.77922e+06	0
1.77932e+06	0
1.77942e+06	0
1.77952e+06	0
1.77962e+06	0
1.77972e+06	0
1.77982e+06	0
1.77992e+06	0
1.78002e+06	0
1.78012e+06	0
1.78022e+06	0
1.78032e+06	0
1.78042e+06	0
1.78052e+06	0
1.78062e+06	0
1.78072e+06	0
1.78082e+06	0
1.78092e+06	0
1.78102e+06	0
1.78112e+06	0
1.78122e+06	0
1.78132e+06	0
1.78142e+06	0
1.78152e+06	0
1.78162e+06	0
1.78172e+06	0
1.78182e+06	0
1.78192e+06	0
1.78202e+06	0
1.78212e+06	0
1.78222e+06	0
1.78232e+06	0
1.78242e+06	0
1.78252e+06	0
1.78262e+06	0
1.78272e+06	0
1.78282e+06	0
1.78292e+06	0
1.78302e+06	0
1.78312e+06	0
1.78322e+06	0
1.78332e+06	0
1.78342e+06	0
1.78352e+06	0
1.78362e+06	0
1.78372e+06	0
1.78382e+06	0
1.78392e+06	0
1.78402e+06	0
1.78412e+06	0
1.78422e+06	0
1.78432e+06	0
1.78442e+06	0
1.78452e+06	0
1.78462e+06	0
1.78472e+06	0
1.78482e+06	0
1.78492e+06	0
1.78502e+06	0
1.78512e+06	0
1.78522e+06	0
1.78532e+06	0
1.78542e+06	0
1.78552e+06	0
1.78562e+06	0
1.78572e+06	0
1.78582e+06	0
1.78592e+06	0
1.78602e+06	0
1.78612e+06	0
1.78622e+06	0
1.78632e+06	0
1.78642e+06	0
1.78652e+06	0
1.78662e+06	0
1.78672e+06	0
1.78682e+06	0
1.78692e+06	0
1.78702e+06	0
1.78712e+06	0
1.78722e+06	0
1.78732e+06	0
1.78742e+06	0
1.78752e+06	0
1.78762e+06	0
1.78772e+06	0
1.78782e+06	0
1.78792e+06	0
1.78802e+06	0
1.78812e+06	0
1.78822e+06	0
1.78832e+06	0
1.78842e+06	0
1.78852e+06	0
1.78862e+06	0
1.78872e+06	0
1.78882e+06	0
1.78892e+06	0
1.78902e+06	0
1.78912e+06	0
1.78922e+06	0
1.78932e+06	0
1.78942e+06	0
1.78952e+06	0
1.78962e+06	0
1.78972e+06	0
1.78982e+06	0
1.78992e+06	0
1.79002e+06	0
1.79012e+06	0
1.79022e+06	0
1.79032e+06	0
1.79042e+06	0
1.79052e+06	0
1.79062e+06	0
1.79072e+06	0
1.79082e+06	0
1.79092e+06	0
1.79102e+06	0
1.79112e+06	0
1.79122e+06	0
1.79132e+06	0
1.79142e+06	0
1.79152e+06	0
1.79162e+06	0
1.79172e+06	0
1.79182e+06	0
1.79192e+06	0
1.79202e+06	0
1.79212e+06	0
1.79222e+06	0
1.79232e+06	0
1.79242e+06	0
1.79252e+06	0
1.79262e+06	0
1.79272e+06	0
1.79282e+06	0
1.79292e+06	0
1.79302e+06	0
1.79312e+06	0
1.79322e+06	0
1.79332e+06	0
1.79342e+06	0
1.79352e+06	0
1.79362e+06	0
1.79372e+06	0
1.79382e+06	0
1.79392e+06	0
1.79402e+06	0
1.79412e+06	0
1.79422e+06	0
1.79432e+06	0
1.79442e+06	0
1.79452e+06	0
1.79462e+06	0
1.79472e+06	0
1.79482e+06	0
1.79492e+06	0
1.79502e+06	0
1.79512e+06	0
1.79522e+06	0
1.79532e+06	0
1.79542e+06	0
1.79552e+06	0
1.79562e+06	0
1.79572e+06	0
1.79582e+06	0
1.79592e+06	0
1.79602e+06	0
1.79612e+06	0
1.79622e+06	0
1.79632e+06	0
1.79642e+06	0
1.79652e+06	0
1.79662e+06	0
1.79672e+06	0
1.79682e+06	0
1.79692e+06	0
1.79702e+06	0
1.79712e+06	0
1.79722e+06	0
1.79732e+06	0
1.79742e+06	0
1.79752e+06	0
1.79762e+06	0
1.79772e+06	0
1.79782e+06	0
1.79792e+06	0
1.79802e+06	0
1.79812e+06	0
1.79822e+06	0
1.79832e+06	0
1.79842e+06	0
1.79852e+06	0
1.79862e+06	0
1.79872e+06	0
1.79882e+06	0
1.79892e+06	0
1.79902e+06	0
1.79912e+06	0
1.79922e+06	0
1.79932e+06	0
1.79942e+06	0
1.79952e+06	0
1.79962e+06	0
1.79972e+06	0
1.79982e+06	0
1.79992e+06	0
1.80002e+06	0
1.80012e+06	0
1.80022e+06	0
1.80032e+06	0
1.80042e+06	0
1.80052e+06	0
1.80062e+06	0
1.80072e+06	0
1.80082e+06	0
1.80092e+06	0
1.80102e+06	0
1.80112e+06	0
1.80122e+06	0
1.80132e+06	0
1.80142e+06	0
1.80152e+06	0
1.80162e+06	0
1.80172e+06	0
1.80182e+06	0
1.80192e+06	0
1.80202e+06	0
1.80212e+06	0
1.80222e+06	0
1.80232e+06	0
1.80242e+06	0
1.80252e+06	0
1.80262e+06	0
1.80272e+06	0
1.80282e+06	0
1.80292e+06	0
1.80302e+06	0
1.80312e+06	0
1.80322e+06	0
1.80332e+06	0
1.80342e+06	0
1.80352e+06	0
1.80362e+06	0
1.80372e+06	0
1.80382e+06	0
1.80392e+06	0
1.80402e+06	0
1.80412e+06	0
1.80422e+06	0
1.80432e+06	0
1.80442e+06	0
1.80452e+06	0
1.80462e+06	0
1.80472e+06	0
1.80482e+06	0
1.80492e+06	0
1.80502e+06	0
1.80512e+06	0
1.80522e+06	0
1.80532e+06	0
1.80542e+06	0
1.80552e+06	0
1.80562e+06	0
1.80572e+06	0
1.80582e+06	0
1.80592e+06	0
1.80602e+06	0
1.80612e+06	0
1.80622e+06	0
1.80632e+06	0
1.80642e+06	0
1.80652e+06	0
1.80662e+06	0
1.80672e+06	0
1.80682e+06	0
1.80692e+06	0
1.80702e+06	0
1.80712e+06	0
1.80722e+06	0
1.80732e+06	0
1.80742e+06	0
1.80752e+06	0
1.80762e+06	0
1.80772e+06	0
1.80782e+06	0
1.80792e+06	0
1.80802e+06	0
1.80812e+06	0
1.80822e+06	0
1.80832e+06	0
1.80842e+06	0
1.80852e+06	0
1.80862e+06	0
1.80872e+06	0
1.80882e+06	0
1.80892e+06	0
1.80902e+06	0
1.80912e+06	0
1.80922e+06	0
1.80932e+06	0
1.80942e+06	0
1.80952e+06	0
1.80962e+06	0
1.80972e+06	0
1.80982e+06	0
1.80992e+06	0
1.81002e+06	0
1.81012e+06	0
1.81022e+06	0
1.81032e+06	0
1.81042e+06	0
1.81052e+06	0
1.81062e+06	0
1.81072e+06	0
1.81082e+06	0
1.81092e+06	0
1.81102e+06	0
1.81112e+06	0
1.81122e+06	0
1.81132e+06	0
1.81142e+06	0
1.81152e+06	0
1.81162e+06	0
1.81172e+06	0
1.81182e+06	0
1.81192e+06	0
1.81202e+06	0
1.81212e+06	0
1.81222e+06	0
1.81232e+06	0
1.81242e+06	0
1.81252e+06	0
1.81262e+06	0
1.81272e+06	0
1.81282e+06	0
1.81292e+06	0
1.81302e+06	0
1.81312e+06	0
1.81322e+06	0
1.81332e+06	0
1.81342e+06	0
1.81352e+06	0
1.81362e+06	0
1.81372e+06	0
1.81382e+06	0
1.81392e+06	0
1.81402e+06	0
1.81412e+06	0
1.81422e+06	0
1.81432e+06	0
1.81442e+06	0
1.81452e+06	0
1.81462e+06	1.97626e-323
1.81472e+06	9.68369e-322
1.81482e+06	4.47673e-320
1.81492e+06	2.04751e-318
1.81502e+06	9.27104e-317
1.81512e+06	4.15613e-315
1.81522e+06	1.84462e-313
1.81532e+06	8.10552e-312
1.81542e+06	3.52624e-310
1.81552e+06	1.5188e-308
1.81562e+06	6.47659e-307
1.81572e+06	2.73432e-305
1.81582e+06	1.1429e-303
1.81592e+06	4.72962e-302
1.81602e+06	1.93776e-300
1.81612e+06	7.86015e-299
1.81622e+06	3.1566e-297
1.81632e+06	1.25506e-295
1.81642e+06	4.94045e-294
1.81652e+06	1.92542e-292
1.81662e+06	7.42919e-291
1.81672e+06	2.83802e-289
1.81682e+06	1.07336e-287
1.81692e+06	4.01913e-286
1.81702e+06	1.48997e-284
1.81712e+06	5.46863e-283
1.81722e+06	1.98718e-281
1.81732e+06	7.14912e-280
1.81742e+06	2.54639e-278
1.81752e+06	8.97956e-277
1.81762e+06	3.13503e-275
1.81772e+06	1.08364e-273
1.81782e+06	3.7084e-272
1.81792e+06	1.25645e-270
1.81802e+06	4.21463e-269
1.81812e+06	1.39969e-267
1.81822e+06	4.60215e-266
1.81832e+06	1.49812e-264
1.81842e+06	4.82825e-263
1.81852e+06	1.5406e-261
1.81862e+06	4.86685e-260
1.81872e+06	1.52217e-258
1.81882e+06	4.71339e-257
1.81892e+06	1.44498e-255
1.81902e+06	4.38579e-254
1.81912e+06	1.31792e-252
1.81922e+06	3.92094e-251
1.81932e+06	1.15491e-249
1.81942e+06	3.36791e-248
1.81952e+06	9.72369e-247
1.81962e+06	2.77945e-245
1.81972e+06	7.86582e-244
1.81982e+06	2.20387e-242
1.81992e+06	6.11343e-241
1.82002e+06	1.67896e-239
1.82012e+06	4.56514e-238
1.82022e+06	1.22892e-236
1.82032e+06	3.27531e-235
1.82042e+06	8.64244e-234
1.82052e+06	2.25776e-232
1.82062e+06	5.8395e-231
1.82072e+06	1.49531e-229
1.82082e+06	3.79092e-228
1.82092e+06	9.51511e-227
1.82102e+06	2.36451e-225
1.82112e+06	5.81733e-224
1.82122e+06	1.41698e-222
1.82132e+06	3.41714e-221
1.82142e+06	8.15864e-220
1.82152e+06	1.92854e-218
1.82162e+06	4.51334e-217
1.82172e+06	1.04574e-215
1.82182e+06	2.39887e-214
1.82192e+06	5.44813e-213
1.82202e+06	1.22502e-211
1.82212e+06	2.72709e-210
1.82222e+06	6.0105e-209
1.82232e+06	1.31153e-207
1.82242e+06	2.83338e-206
1.82252e+06	6.0602e-205
1.82262e+06	1.28329e-203
1.82272e+06	2.69044e-202
1.82282e+06	5.5844e-201
1.82292e+06	1.14759e-199
1.82302e+06	2.33483e-198
1.82312e+06	4.70305e-197
1.82322e+06	9.37911e-196
1.82332e+06	1.85183e-194
1.82342e+06	3.6199e-193
1.82352e+06	7.00567e-192
1.82362e+06	1.34233e-190
1.82372e+06	2.5464e-189
1.82382e+06	4.78246e-188
1.82392e+06	8.89268e-187
1.82402e+06	1.63708e-185
1.82412e+06	2.98378e-184
1.82422e+06	5.38417e-183
1.82432e+06	9.61896e-182
1.82442e+06	1.70135e-180
1.82452e+06	2.97933e-179
1.82462e+06	5.16534e-178
1.82472e+06	8.86618e-177
1.82482e+06	1.50672e-175
1.82492e+06	2.53503e-174
1.82502e+06	4.22272e-173
1.82512e+06	6.96399e-172
1.82522e+06	1.13705e-170
1.82532e+06	1.83806e-169
1.82542e+06	2.9417e-168
1.82552e+06	4.66114e-167
1.82562e+06	7.31212e-166
1.82572e+06	1.13567e-164
1.82582e+06	1.74629e-163
1.82592e+06	2.65852e-162
1.82602e+06	4.00699e-161
1.82612e+06	5.97937e-160
1.82622e+06	8.83382e-159
1.82632e+06	1.29211e-157
1.82642e+06	1.87114e-156
1.82652e+06	2.6827e-155
1.82662e+06	3.80797e-154
1.82672e+06	5.35146e-153
1.82682e+06	7.44574e-152
1.82692e+06	1.02565e-150
1.82702e+06	1.39878e-149
1.82712e+06	1.88868e-148
1.82722e+06	2.52477e-147
1.82732e+06	3.34151e-146
1.82742e+06	4.37846e-145
1.82752e+06	5.68011e-144
1.82762e+06	7.2954e-143
1.82772e+06	9.2768e-142
1.82782e+06	1.1679e-140
1.82792e+06	1.45569e-139
1.82802e+06	1.79634e-138
1.82812e+06	2.19465e-137
1.82822e+06	2.65461e-136
1.82832e+06	3.17901e-135
1.82842e+06	3.76913e-134
1.82852e+06	4.42432e-133
1.82862e+06	5.14174e-132
1.82872e+06	5.91602e-131
1.82882e+06	6.73917e-130
1.82892e+06	7.60048e-129
1.82902e+06	8.48656e-128
1.82912e+06	9.38167e-127
1.82922e+06	1.0268e-125
1.82932e+06	1.11262e-124
1.82942e+06	1.19362e-123
1.82952e+06	1.26778e-122
1.82962e+06	1.33314e-121
1.82972e+06	1.38793e-120
1.82982e+06	1.43059e-119
1.82992e+06	1.45989e-118
1.83002e+06	1.47496e-117
1.83012e+06	1.47536e-116
1.83022e+06	1.46108e-115
1.83032e+06	1.43254e-114
1.83042e+06	1.39059e-113
1.83052e+06	1.33642e-112
1.83062e+06	1.27159e-111
1.83072e+06	1.19787e-110
1.83082e+06	1.11719e-109
1.83092e+06	1.03158e-108
1.83102e+06	9.4305e-108
1.83112e+06	8.5354e-107
1.83122e+06	7.6484e-106
1.83132e+06	6.78537e-105
1.83142e+06	5.95983e-104
1.83152e+06	5.18265e-103
1.83162e+06	4.46196e-102
1.83172e+06	3.80327e-101
1.83182e+06	3.20957e-100
1.83192e+06	2.68159e-99
1.83202e+06	2.21817e-98
1.83212e+06	1.81658e-97
1.83222e+06	1.47289e-96
1.83232e+06	1.18235e-95
1.83242e+06	9.39672e-95
1.83252e+06	7.39374e-94
1.83262e+06	5.75982e-93
1.83272e+06	4.44234e-92
1.83282e+06	3.39211e-91
1.83292e+06	2.56441e-90
1.83302e+06	1.91938e-89
1.83312e+06	1.4223e-88
1.83322e+06	1.04346e-87
1.83332e+06	7.57918e-87
1.83342e+06	5.45034e-86
1.83352e+06	3.88045e-85
1.83362e+06	2.73526e-84
1.83372e+06	1.90884e-83
1.83382e+06	1.31886e-82
1.83392e+06	9.02167e-82
1.83402e+06	6.10985e-81
1.83412e+06	4.09668e-80
1.83422e+06	2.7195e-79
1.83432e+06	1.78733e-78
1.83442e+06	1.16299e-77
1.83452e+06	7.49214e-77
1.83462e+06	4.7785e-76
1.83472e+06	3.01742e-75
1.83482e+06	1.88641e-74
1.83492e+06	1.1676e-73
1.83502e+06	7.15496e-73
1.83512e+06	4.34089e-72
1.83522e+06	2.6074e-71
1.83532e+06	1.55057e-70
1.83542e+06	9.12925e-70
1.83552e+06	5.32151e-69
1.83562e+06	3.07108e-68
1.83572e+06	1.75471e-67
1.83582e+06	9.92605e-67
1.83592e+06	5.5591e-66
1.83602e+06	3.0824e-65
1.83612e+06	1.69212e-64
1.83622e+06	9.19666e-64
1.83632e+06	4.94864e-63
1.83642e+06	2.63633e-62
1.83652e+06	1.3905e-61
1.83662e+06	7.26101e-61
1.83672e+06	3.75389e-60
1.83682e+06	1.92142e-59
1.83692e+06	9.73691e-59
1.83702e+06	4.88513e-58
1.83712e+06	2.42655e-57
1.83722e+06	1.19332e-56
1.83732e+06	5.81012e-56
1.83742e+06	2.80072e-55
1.83752e+06	1.33663e-54
1.83762e+06	6.3155e-54
1.83772e+06	2.95435e-53
1.83782e+06	1.36828e-52
1.83792e+06	6.27398e-52
1.83802e+06	2.84819e-51
1.83812e+06	1.28013e-50
1.83822e+06	5.6963e-50
1.83832e+06	2.50952e-49
1.83842e+06	1.09457e-48
1.83852e+06	4.72667e-48
1.83862e+06	2.0208e-47
1.83872e+06	8.55361e-47
1.83882e+06	3.58453e-46
1.83892e+06	1.48721e-45
1.83902e+06	6.10897e-45
1.83912e+06	2.4844e-44
1.83922e+06	1.0003e-43
1.83932e+06	3.98749e-43
1.83942e+06	1.57371e-42
1.83952e+06	6.14903e-42
1.83962e+06	2.37873e-41
1.83972e+06	9.11049e-41
1.83982e+06	3.45457e-40
1.83992e+06	1.29689e-39
1.84002e+06	4.82027e-39
1.84012e+06	1.77376e-38
1.84022e+06	6.46215e-38
1.84032e+06	2.33086e-37
1.84042e+06	8.32359e-37
1.84052e+06	2.94282e-36
1.84062e+06	1.03008e-35
1.84072e+06	3.56976e-35
1.84082e+06	1.22479e-34
1.84092e+06	4.16048e-34
1.84102e+06	1.3992e-33
1.84112e+06	4.65882e-33
1.84122e+06	1.53578e-32
1.84132e+06	5.0123e-32
1.84142e+06	1.61958e-31
1.84152e+06	5.18114e-31
1.84162e+06	1.64099e-30
1.84172e+06	5.14568e-30
1.84182e+06	1.59749e-29
1.84192e+06	4.91007e-29
1.84202e+06	1.49416e-28
1.84212e+06	4.50155e-28
1.84222e+06	1.34272e-27
1.84232e+06	3.96518e-27
1.84242e+06	1.15931e-26
1.84252e+06	3.35578e-26
1.84262e+06	9.6171e-26
1.84272e+06	2.72867e-25
1.84282e+06	7.66508e-25
1.84292e+06	2.13176e-24
1.84302e+06	5.86972e-24
1.84312e+06	1.60012e-23
1.84322e+06	4.31863e-23
1.84332e+06	1.15397e-22
1.84342e+06	3.05283e-22
1.84352e+06	7.9959e-22
1.84362e+06	2.07343e-21
1.84372e+06	5.32313e-21
1.84382e+06	1.35301e-20
1.84392e+06	3.40483e-20
1.84402e+06	8.4829e-20
1.84412e+06	2.09243e-19
1.84422e+06	5.10993e-19
1.84432e+06	1.23548e-18
1.84442e+06	2.95743e-18
1.84452e+06	7.00889e-18
1.84462e+06	1.64453e-17
1.84472e+06	3.82024e-17
1.84482e+06	8.78612e-17
1.84492e+06	2.0006e-16
1.84502e+06	4.51006e-16
1.84512e+06	1.00661e-15
1.84522e+06	2.22431e-15
1.84532e+06	4.86618e-15
1.84542e+06	1.05399e-14
1.84552e+06	2.26019e-14
1.84562e+06	4.79856e-14
1.84572e+06	1.00863e-13
1.84582e+06	2.099e-13
1.84592e+06	4.32464e-13
1.84602e+06	8.82157e-13
1.84612e+06	1.78155e-12
1.84622e+06	3.56213e-12
1.84632e+06	7.05146e-12
1.84642e+06	1.38199e-11
1.84652e+06	2.68159e-11
1.84662e+06	5.15153e-11
1.84672e+06	9.79806e-11
1.84682e+06	1.84503e-10
1.84692e+06	3.43973e-10
1.84702e+06	6.34903e-10
1.84712e+06	1.16025e-09
1.84722e+06	2.0992e-09
1.84732e+06	3.76028e-09
1.84742e+06	6.6688e-09
1.84752e+06	1.17095e-08
1.84762e+06	2.03561e-08
1.84772e+06	3.50361e-08
1.84782e+06	5.97041e-08
1.84792e+06	1.0073e-07
1.84802e+06	1.68263e-07
1.84812e+06	2.78283e-07
1.84822e+06	4.55681e-07
1.84832e+06	7.38777e-07
1.84842e+06	1.1859e-06
1.84852e+06	1.8848e-06
1.84862e+06	2.96601e-06
1.84872e+06	4.62141e-06
1.84882e+06	7.12979e-06
1.84892e+06	1.08915e-05
1.84902e+06	1.64746e-05
1.84912e+06	2.46755e-05
1.84922e+06	3.65976e-05
1.84932e+06	5.37512e-05
1.84942e+06	7.81784e-05
1.84952e+06	0.000112607
1.84962e+06	0.000160635
1.84972e+06	0.000226954
1.84982e+06	0.000317601
1.84992e+06	0.000440252
1.85002e+06	0.000604546
1.85012e+06	0.000822439
1.85022e+06	0.00110858
1.85032e+06	0.00148072
1.85042e+06	0.00196009
1.85052e+06	0.00257179
1.85062e+06	0.00334523
1.85072e+06	0.00431445
1.85082e+06	0.00551851
1.85092e+06	0.00700186
1.85102e+06	0.00881466
1.85112e+06	0.0110132
1.85122e+06	0.0136602
1.85132e+06	0.0168257
1.85142e+06	0.0205869
1.85152e+06	0.0250295
1.85162e+06	0.0302481
1.85172e+06	0.0363468
1.85182e+06	0.0434395
1.85192e+06	0.0516508
1.85202e+06	0.0611153
1.85212e+06	0.0719764
1.85222e+06	0.0843848
1.85232e+06	0.0984952
1.85242e+06	0.114461
1.85252e+06	0.132427
1.85262e+06	0.152524
1.85272e+06	0.174855
1.85282e+06	0.199483
1.85292e+06	0.226425
1.85302e+06	0.255628
1.85312e+06	0.286965
1.85322e+06	0.320222
1.85332e+06	0.355086
1.85342e+06	0.391144
1.85352e+06	0.427883
1.85362e+06	0.464693
1.85372e+06	0.500885
1.85382e+06	0.535701
1.85392e+06	0.568348
1.85402e+06	0.598019
1.85412e+06	0.623928
1.85422e+06	0.645347
1.85432e+06	0.661637
1.85442e+06	0.672278
1.85452e+06	0.6769
1.85462e+06	0.675299
1.85472e+06	0.667451
1.85482e+06	0.653516
1.85492e+06	0.633829
1.85502e+06	0.608888
1.85512e+06	0.57933
1.85522e+06	0.545904
1.85532e+06	0.509434
1.85542e+06	0.470787
1.85552e+06	0.430835
1.85562e+06	0.390422
1.85572e+06	0.350336
1.85582e+06	0.31128
1.85592e+06	0.273859
1.85602e+06	0.238563
1.85612e+06	0.205767
1.85622e+06	0.175727
1.85632e+06	0.148589
1.85642e+06	0.124398
1.85652e+06	0.103115
1.85662e+06	0.0846262
1.85672e+06	0.0687638
1.85682e+06	0.0553205
1.85692e+06	0.0440637
1.85702e+06	0.034749
1.85712e+06	0.0271312
1.85722e+06	0.020973
1.85732e+06	0.0160515
1.85742e+06	0.0121628
1.85752e+06	0.0091246
1.85762e+06	0.00677726
1.85772e+06	0.00498374
1.85782e+06	0.00362841
1.85792e+06	0.0026154
1.85802e+06	0.00186646
1.85812e+06	0.00131873
1.85822e+06	0.000922476
1.85832e+06	0.000638869
1.85842e+06	0.000438053
1.85852e+06	0.000297371
1.85862e+06	0.000199862
1.85872e+06	0.00013299
1.85882e+06	8.76123e-05
1.85892e+06	5.71438e-05
1.85902e+06	3.69004e-05
1.85912e+06	2.35912e-05
1.85922e+06	1.49323e-05
1.85932e+06	9.35751e-06
1.85942e+06	5.80566e-06
1.85952e+06	3.56615e-06
1.85962e+06	2.16873e-06
1.85972e+06	1.30578e-06
1.85982e+06	7.78375e-07
1.85992e+06	4.59374e-07
1.86002e+06	2.68411e-07
1.86012e+06	1.55272e-07
1.86022e+06	8.89285e-08
1.86032e+06	5.04251e-08
1.86042e+06	2.83081e-08
1.86052e+06	1.57337e-08
1.86062e+06	8.6578e-09
1.86072e+06	4.71674e-09
1.86082e+06	2.54409e-09
1.86092e+06	1.35857e-09
1.86102e+06	7.1827e-10
1.86112e+06	3.75967e-10
1.86122e+06	1.94836e-10
1.86132e+06	9.99647e-11
1.86142e+06	5.07786e-11
1.86152e+06	2.55372e-11
1.86162e+06	1.27152e-11
1.86172e+06	6.26823e-12
1.86182e+06	3.05966e-12
1.86192e+06	1.4794e-12
1.86202e+06	7.09794e-13
1.86212e+06	3.40466e-13
1.86222e+06	1.68435e-13
1.86232e+06	9.60082e-14
1.86242e+06	7.98807e-14
1.86252e+06	1.07396e-13
1.86262e+06	1.88158e-13
1.86272e+06	3.56176e-13
1.86282e+06	6.82298e-13
1.86292e+06	1.30067e-12
1.86302e+06	2.45769e-12
1.86312e+06	4.59901e-12
1.86322e+06	8.52087e-12
1.86332e+06	1.56303e-11
1.86342e+06	2.83863e-11
1.86352e+06	5.10397e-11
1.86362e+06	9.08582e-11
1.86372e+06	1.60132e-10
1.86382e+06	2.79414e-10
1.86392e+06	4.82698e-10
1.86402e+06	8.25581e-10
1.86412e+06	1.39798e-09
1.86422e+06	2.34369e-09
1.86432e+06	3.89005e-09
1.86442e+06	6.39246e-09
1.86452e+06	1.04001e-08
1.86462e+06	1.67519e-08
1.86472e+06	2.67146e-08
1.86482e+06	4.21783e-08
1.86492e+06	6.59306e-08
1.86502e+06	1.02033e-07
1.86512e+06	1.56334e-07
1.86522e+06	2.3715e-07
1.86532e+06	3.56164e-07
1.86542e+06	5.29581e-07
1.86552e+06	7.79602e-07
1.86562e+06	1.13624e-06
1.86572e+06	1.63955e-06
1.86582e+06	2.34227e-06
1.86592e+06	3.31287e-06
1.86602e+06	4.63906e-06
1.86612e+06	6.43151e-06
1.86622e+06	8.8278e-06
1.86632e+06	1.19964e-05
1.86642e+06	1.614e-05
1.86652e+06	2.14988e-05
1.86662e+06	2.83519e-05
1.86672e+06	3.70175e-05
1.86682e+06	4.78507e-05
1.86692e+06	6.1239e-05
1.86702e+06	7.75932e-05
1.86712e+06	9.73368e-05
1.86722e+06	0.000120889
1.86732e+06	0.000148646
1.86742e+06	0.000180958
1.86752e+06	0.000218102
1.86762e+06	0.000260255
1.86772e+06	0.000307464
1.86782e+06	0.000359622
1.86792e+06	0.000416444
1.86802e+06	0.000477445
1.86812e+06	0.000541934
1.86822e+06	0.000609014
1.86832e+06	0.000677587
1.86842e+06	0.00074638
1.86852e+06	0.000813977
1.86862e+06	0.000878863
1.86872e+06	0.000939479
1.86882e+06	0.000994283
1.86892e+06	0.00104181
1.86902e+06	0.00108076
1.86912e+06	0.00111
1.86922e+06	0.00112869
1.86932e+06	0.00113627
1.86942e+06	0.00113252
1.86952e+06	0.00111756
1.86962e+06	0.00109181
1.86972e+06	0.00105605
1.86982e+06	0.0010113
1.86992e+06	0.000958804
1.87002e+06	0.00089999
1.87012e+06	0.000836378
1.87022e+06	0.000769528
1.87032e+06	0.000700976
1.87042e+06	0.000632178
1.87052e+06	0.000564459
1.87062e+06	0.000498979
1.87072e+06	0.000436706
1.87082e+06	0.000378402
1.87092e+06	0.00032462
1.87102e+06	0.000275711
1.87112e+06	0.00023184
1.87122e+06	0.000193011
1.87132e+06	0.000159086
1.87142e+06	0.000129819
1.87152e+06	0.000104882
1.87162e+06	8.38922e-05
1.87172e+06	6.64353e-05
1.87182e+06	5.20875e-05
1.87192e+06	4.0432e-05
1.87202e+06	3.10724e-05
1.87212e+06	2.36418e-05
1.87222e+06	1.78092e-05
1.87232e+06	1.3282e-05
1.87242e+06	9.8071e-06
1.87252e+06	7.16927e-06
1.87262e+06	5.18879e-06
1.87272e+06	3.71804e-06
1.87282e+06	2.63766e-06
1.87292e+06	1.8526e-06
1.87302e+06	1.28825e-06
1.87312e+06	8.86906e-07
1.87322e+06	6.04521e-07
1.87332e+06	4.07945e-07
1.87342e+06	2.72552e-07
1.87352e+06	1.80283e-07
1.87362e+06	1.18064e-07
1.87372e+06	7.65482e-08
1.87382e+06	4.91372e-08
1.87392e+06	3.1228e-08
1.87402e+06	1.96487e-08
1.87412e+06	1.224e-08
1.87422e+06	7.54892e-09
1.87432e+06	4.60941e-09
1.87442e+06	2.78653e-09
1.87452e+06	1.66778e-09
1.87462e+06	9.8826e-10
1.87472e+06	5.79777e-10
1.87482e+06	3.3675e-10
1.87492e+06	1.93647e-10
1.87502e+06	1.10248e-10
1.87512e+06	6.21425e-11
1.87522e+06	3.46787e-11
1.87532e+06	1.916e-11
1.87542e+06	1.04805e-11
1.87552e+06	5.67583e-12
1.87562e+06	3.04321e-12
1.87572e+06	1.61545e-12
1.87582e+06	8.49003e-13
1.87592e+06	4.41757e-13
1.87602e+06	2.2757e-13
1.87612e+06	1.16065e-13
1.87622e+06	5.86068e-14
1.87632e+06	2.92988e-14
1.87642e+06	1.45014e-14
1.87652e+06	7.10601e-15
1.87662e+06	3.44746e-15
1.87672e+06	1.65588e-15
1.87682e+06	7.87439e-16
1.87692e+06	3.70733e-16
1.87702e+06	1.72808e-16
1.87712e+06	7.97484e-17
1.87722e+06	3.64366e-17
1.87732e+06	1.6482e-17
1.87742e+06	7.38143e-18
1.87752e+06	3.27286e-18
1.87762e+06	1.43672e-18
1.87772e+06	6.24413e-19
1.87782e+06	2.68677e-19
1.87792e+06	1.14458e-19
1.87802e+06	4.82745e-20
1.87812e+06	2.0158e-20
1.87822e+06	8.33361e-21
1.87832e+06	3.41096e-21
1.87842e+06	1.38222e-21
1.87852e+06	5.54542e-22
1.87862e+06	2.20267e-22
1.87872e+06	8.66204e-23
1.87882e+06	3.37248e-23
1.87892e+06	1.29997e-23
1.87902e+06	4.96109e-24
1.87912e+06	1.87446e-24
1.87922e+06	7.01187e-25
1.87932e+06	2.59686e-25
1.87942e+06	9.52179e-26
1.87952e+06	3.45658e-26
1.87962e+06	1.24232e-26
1.87972e+06	4.42053e-27
1.87982e+06	1.5573e-27
1.87992e+06	5.43162e-28
1.88002e+06	1.87561e-28
1.88012e+06	6.41229e-29
1.88022e+06	2.1704e-29
1.88032e+06	7.27319e-30
1.88042e+06	2.41305e-30
1.88052e+06	7.92634e-31
1.88062e+06	2.57812e-31
1.88072e+06	8.3158e-32
1.88082e+06	2.70171e-32
1.88092e+06	1.02282e-32
1.88102e+06	8.82615e-33
1.88112e+06	2.11731e-32
1.88122e+06	6.62952e-32
1.88132e+06	2.12142e-31
1.88142e+06	6.74158e-31
1.88152e+06	2.1217e-30
1.88162e+06	6.6112e-30
1.88172e+06	2.03958e-29
1.88182e+06	6.22963e-29
1.88192e+06	1.88386e-28
1.88202e+06	5.64023e-28
1.88212e+06	1.6719e-27
1.88222e+06	4.90669e-27
1.88232e+06	1.42572e-26
1.88242e+06	4.1015e-26
1.88252e+06	1.16821e-25
1.88262e+06	3.29431e-25
1.88272e+06	9.19767e-25
1.88282e+06	2.5425e-24
1.88292e+06	6.95848e-24
1.88302e+06	1.88556e-23
1.88312e+06	5.05869e-23
1.88322e+06	1.34373e-22
1.88332e+06	3.53394e-22
1.88342e+06	9.20205e-22
1.88352e+06	2.37241e-21
1.88362e+06	6.05583e-21
1.88372e+06	1.53053e-20
1.88382e+06	3.82996e-20
1.88392e+06	9.48928e-20
1.88402e+06	2.32789e-19
1.88412e+06	5.65435e-19
1.88422e+06	1.35987e-18
1.88432e+06	3.23826e-18
1.88442e+06	7.63531e-18
1.88452e+06	1.78257e-17
1.88462e+06	4.12073e-17
1.88472e+06	9.43225e-17
1.88482e+06	2.13783e-16
1.88492e+06	4.79792e-16
1.88502e+06	1.06625e-15
1.88512e+06	2.34639e-15
1.88522e+06	5.11302e-15
1.88532e+06	1.10332e-14
1.88542e+06	2.35763e-14
1.88552e+06	4.98895e-14
1.88562e+06	1.04546e-13
1.88572e+06	2.16963e-13
1.88582e+06	4.45907e-13
1.88592e+06	9.07606e-13
1.88602e+06	1.82959e-12
1.88612e+06	3.65279e-12
1.88622e+06	7.22307e-12
1.88632e+06	1.41468e-11
1.88642e+06	2.74437e-11
1.88652e+06	5.27342e-11
1.88662e+06	1.00374e-10
1.88672e+06	1.89253e-10
1.88682e+06	3.53488e-10
1.88692e+06	6.54082e-10
1.88702e+06	1.19904e-09
1.88712e+06	2.17768e-09
1.88722e+06	3.91865e-09
1.88732e+06	6.98678e-09
1.88742e+06	1.23435e-08
1.88752e+06	2.1609e-08
1.88762e+06	3.74882e-08
1.88772e+06	6.44517e-08
1.88782e+06	1.09819e-07
1.88792e+06	1.85457e-07
1.88802e+06	3.10423e-07
1.88812e+06	5.1503e-07
1.88822e+06	8.47031e-07
1.88832e+06	1.38094e-06
1.88842e+06	2.23191e-06
1.88852e+06	3.57623e-06
1.88862e+06	5.6812e-06
1.88872e+06	8.94822e-06
1.88882e+06	1.39743e-05
1.88892e+06	2.16389e-05
1.88902e+06	3.32249e-05
1.88912e+06	5.05855e-05
1.88922e+06	7.63712e-05
1.88932e+06	0.000114336
1.88942e+06	0.000169741
1.88952e+06	0.000249888
1.88962e+06	0.000364804
1.88972e+06	0.00052811
1.88982e+06	0.000758117
1.88992e+06	0.00107917
1.89002e+06	0.00152325
1.89012e+06	0.00213194
1.89022e+06	0.00295859
1.89032e+06	0.0040709
1.89042e+06	0.00555357
1.89052e+06	0.00751131
1.89062e+06	0.0100717
1.89072e+06	0.0133878
1.89082e+06	0.017641
1.89092e+06	0.0230419
1.89102e+06	0.0298316
1.89112e+06	0.0382803
1.89122e+06	0.0486848
1.89132e+06	0.0613636
1.89142e+06	0.0766489
1.89152e+06	0.0948763
1.89162e+06	0.116371
1.89172e+06	0.141433
1.89182e+06	0.170315
1.89192e+06	0.203206
1.89202e+06	0.240203
1.89212e+06	0.281297
1.89222e+06	0.326346
1.89232e+06	0.375063
1.89242e+06	0.426998
1.89252e+06	0.481539
1.89262e+06	0.537906
1.89272e+06	0.595166
1.89282e+06	0.652252
1.89292e+06	0.70799
1.89302e+06	0.761139
1.89312e+06	0.81043
1.89322e+06	0.854622
1.89332e+06	0.892548
1.89342e+06	0.923168
1.89352e+06	0.945616
1.89362e+06	0.959244
1.89372e+06	0.963646
1.89382e+06	0.958685
1.89392e+06	0.944498
1.89402e+06	0.921487
1.89412e+06	0.890304
1.89422e+06	0.851817
1.89432e+06	0.807071
1.89442e+06	0.757241
1.89452e+06	0.703581
1.89462e+06	0.647368
1.89472e+06	0.589859
1.89482e+06	0.532237
1.89492e+06	0.475583
1.89502e+06	0.420838
1.89512e+06	0.368785
1.89522e+06	0.320043
1.89532e+06	0.275058
1.89542e+06	0.234114
1.89552e+06	0.197345
1.89562e+06	0.164751
1.89572e+06	0.136221
1.89582e+06	0.111554
1.89592e+06	0.0904829
1.89602e+06	0.0726957
1.89612e+06	0.0578551
1.89622e+06	0.0456156
1.89632e+06	0.0356373
1.89642e+06	0.0275971
1.89652e+06	0.0211964
1.89662e+06	0.0161666
1.89672e+06	0.0122718
1.89682e+06	0.00931051
1.89692e+06	0.00711503
1.89702e+06	0.00555061
1.89712e+06	0.00451368
1.89722e+06	0.00392999
1.89732e+06	0.00375269
1.89742e+06	0.00396051
1.89752e+06	0.00455624
1.89762e+06	0.00556529
1.89772e+06	0.00703448
1.89782e+06	0.00903076
1.89792e+06	0.0116398
1.89802e+06	0.0149641
1.89812e+06	0.0191207
1.89822e+06	0.0242377
1.89832e+06	0.0304503
1.89842e+06	0.0378953
1.89852e+06	0.0467044
1.89862e+06	0.0569967
1.89872e+06	0.0688704
1.89882e+06	0.0823928
1.89892e+06	0.0975915
1.89902e+06	0.114445
1.89912e+06	0.132874
1.89922e+06	0.152736
1.89932e+06	0.173821
1.89942e+06	0.195848
1.89952e+06	0.218471
1.89962e+06	0.241282
1.89972e+06	0.263824
1.89982e+06	0.285601
1.89992e+06	0.306099
1.90002e+06	0.324805
1.90012e+06	0.341224
1.90022e+06	0.354906
1.90032e+06	0.365464
1.90042e+06	0.372591
1.90052e+06	0.376078
1.90062e+06	0.37582
1.90072e+06	0.371826
1.90082e+06	0.364213
1.90092e+06	0.353207
1.90102e+06	0.339125
1.90112e+06	0.322365
1.90122e+06	0.303384
1.90132e+06	0.282679
1.90142e+06	0.260767
1.90152e+06	0.23816
1.90162e+06	0.215348
1.90172e+06	0.192784
1.90182e+06	0.170867
1.90192e+06	0.149935
1.90202e+06	0.130258
1.90212e+06	0.112037
1.90222e+06	0.0954061
1.90232e+06	0.0804356
1.90242e+06	0.0671394
1.90252e+06	0.0554835
1.90262e+06	0.0453949
1.90272e+06	0.0367712
1.90282e+06	0.0294894
1.90292e+06	0.0234142
1.90302e+06	0.0184057
1.90312e+06	0.0143245
1.90322e+06	0.0110374
1.90332e+06	0.00841993
1.90342e+06	0.00635928
1.90352e+06	0.00475516
1.90362e+06	0.0035203
1.90372e+06	0.00258018
1.90382e+06	0.00187231
1.90392e+06	0.00134513
1.90402e+06	0.000956765
1.90412e+06	0.000673759
1.90422e+06	0.000469744
1.90432e+06	0.000324246
1.90442e+06	0.000221587
1.90452e+06	0.000149924
1.90462e+06	0.000100428
1.90472e+06	6.66036e-05
1.90482e+06	4.37317e-05
1.90492e+06	2.84284e-05
1.90502e+06	1.82964e-05
1.90512e+06	1.16583e-05
1.90522e+06	7.35464e-06
1.90532e+06	4.59352e-06
1.90542e+06	2.84044e-06
1.90552e+06	1.73894e-06
1.90562e+06	1.054e-06
1.90572e+06	6.32487e-07
1.90582e+06	3.75769e-07
1.90592e+06	2.21028e-07
1.90602e+06	1.28715e-07
1.90612e+06	7.42113e-08
1.90622e+06	4.23611e-08
1.90632e+06	2.39399e-08
1.90642e+06	1.33947e-08
1.90652e+06	7.41997e-09
1.90662e+06	4.06937e-09
1.90672e+06	2.20958e-09
1.90682e+06	1.18782e-09
1.90692e+06	6.32189e-10
1.90702e+06	3.3312e-10
1.90712e+06	1.73785e-10
1.90722e+06	8.97593e-11
1.90732e+06	4.58991e-11
1.90742e+06	2.32373e-11
1.90752e+06	1.16473e-11
1.90762e+06	5.77991e-12
1.90772e+06	2.83971e-12
1.90782e+06	1.38129e-12
1.90792e+06	6.652e-13
1.90802e+06	3.17159e-13
1.90812e+06	1.49713e-13
1.90822e+06	6.99677e-14
1.90832e+06	3.23742e-14
1.90842e+06	1.48313e-14
1.90852e+06	6.72877e-15
1.90862e+06	3.02651e-15
1.90872e+06	1.35706e-15
1.90882e+06	6.23219e-16
1.90892e+06	3.28894e-16
1.90902e+06	2.6734e-16
1.90912e+06	3.85986e-16
1.90922e+06	7.4624e-16
1.90932e+06	1.55057e-15
1.90942e+06	3.24598e-15
1.90952e+06	6.75111e-15
1.90962e+06	1.39111e-14
1.90972e+06	2.83836e-14
1.90982e+06	5.73376e-14
1.90992e+06	1.14676e-13
1.91002e+06	2.2707e-13
1.91012e+06	4.45151e-13
1.91022e+06	8.63994e-13
1.91032e+06	1.66024e-12
1.91042e+06	3.15856e-12
1.91052e+06	5.94928e-12
1.91062e+06	1.10942e-11
1.91072e+06	2.04826e-11
1.91082e+06	3.74396e-11
1.91092e+06	6.77538e-11
1.91102e+06	1.21393e-10
1.91112e+06	2.15333e-10
1.91122e+06	3.78168e-10
1.91132e+06	6.57531e-10
1.91142e+06	1.13189e-09
1.91152e+06	1.92908e-09
1.91162e+06	3.25501e-09
1.91172e+06	5.43766e-09
1.91182e+06	8.99349e-09
1.91192e+06	1.47266e-08
1.91202e+06	2.38744e-08
1.91212e+06	3.83195e-08
1.91222e+06	6.08927e-08
1.91232e+06	9.58003e-08
1.91242e+06	1.4922e-07
1.91252e+06	2.30113e-07
1.91262e+06	3.51329e-07
1.91272e+06	5.31061e-07
1.91282e+06	7.94752e-07
1.91292e+06	1.17754e-06
1.91302e+06	1.72734e-06
1.91312e+06	2.50862e-06
1.91322e+06	3.60704e-06
1.91332e+06	5.13479e-06
1.91342e+06	7.23689e-06
1.91352e+06	1.00981e-05
1.91362e+06	1.39503e-05
1.91372e+06	1.90802e-05
1.91382e+06	2.58369e-05
1.91392e+06	3.46382e-05
1.91402e+06	4.59755e-05
1.91412e+06	6.04165e-05
1.91422e+06	7.86034e-05
1.91432e+06	0.000101248
1.91442e+06	0.000129117
1.91452e+06	0.00016302
1.91462e+06	0.000203777
1.91472e+06	0.000252189
1.91482e+06	0.000308997
1.91492e+06	0.000374835
1.91502e+06	0.000450176
1.91512e+06	0.000535281
1.91522e+06	0.000630141
1.91532e+06	0.000734432
1.91542e+06	0.000847465
1.91552e+06	0.000968165
1.91562e+06	0.00109505
1.91572e+06	0.00122624
1.91582e+06	0.00135948
1.91592e+06	0.00149221
1.91602e+06	0.0016216
1.91612e+06	0.00174467
1.91622e+06	0.0018584
1.91632e+06	0.00195985
1.91642e+06	0.00204628
1.91652e+06	0.00211526
1.91662e+06	0.0021648
1.91672e+06	0.00219346
1.91682e+06	0.00220039
1.91692e+06	0.00218538
1.91702e+06	0.00214887
1.91712e+06	0.00209194
1.91722e+06	0.00201626
1.91732e+06	0.00192399
1.91742e+06	0.00181766
1.91752e+06	0.00170013
1.91762e+06	0.00157437
1.91772e+06	0.00144341
1.91782e+06	0.00131018
1.91792e+06	0.00117741
1.91802e+06	0.00104757
1.91812e+06	0.000922768
1.91822e+06	0.000804749
1.91832e+06	0.000694841
1.91842e+06	0.000593974
1.91852e+06	0.000502698
1.91862e+06	0.000421214
1.91872e+06	0.000349427
1.91882e+06	0.00028699
1.91892e+06	0.000233364
1.91902e+06	0.000187871
1.91912e+06	0.000149741
1.91922e+06	0.000118162
1.91932e+06	9.23155e-05
1.91942e+06	7.14048e-05
1.91952e+06	5.46811e-05
1.91962e+06	4.14576e-05
1.91972e+06	3.11191e-05
1.91982e+06	2.31264e-05
1.91992e+06	1.70156e-05
1.92002e+06	1.23949e-05
1.92012e+06	8.9391e-06
1.92022e+06	6.38268e-06
1.92032e+06	4.512e-06
1.92042e+06	3.15786e-06
1.92052e+06	2.18813e-06
1.92062e+06	1.5011e-06
1.92072e+06	1.01954e-06
1.92082e+06	6.85577e-07
1.92092e+06	4.5642e-07
1.92102e+06	3.00836e-07
1.92112e+06	1.96315e-07
1.92122e+06	1.26833e-07
1.92132e+06	8.11277e-08
1.92142e+06	5.13763e-08
1.92152e+06	3.22117e-08
1.92162e+06	1.9995e-08
1.92172e+06	1.22882e-08
1.92182e+06	7.47668e-09
1.92192e+06	4.50389e-09
1.92202e+06	2.68611e-09
1.92212e+06	1.58605e-09
1.92222e+06	9.27187e-10
1.92232e+06	5.3663e-10
1.92242e+06	3.07496e-10
1.92252e+06	1.74446e-10
1.92262e+06	9.79804e-11
1.92272e+06	5.44847e-11
1.92282e+06	2.99963e-11
1.92292e+06	1.635e-11
1.92302e+06	8.82315e-12
1.92312e+06	4.71398e-12
1.92322e+06	2.49349e-12
1.92332e+06	1.30583e-12
1.92342e+06	6.7705e-13
1.92352e+06	3.47546e-13
1.92362e+06	1.76629e-13
1.92372e+06	8.88726e-14
1.92382e+06	4.42722e-14
1.92392e+06	2.18349e-14
1.92402e+06	1.06618e-14
1.92412e+06	5.15422e-15
1.92422e+06	2.46692e-15
1.92432e+06	1.16897e-15
1.92442e+06	5.48413e-16
1.92452e+06	2.54724e-16
1.92462e+06	1.17136e-16
1.92472e+06	5.33294e-17
1.92482e+06	2.40381e-17
1.92492e+06	1.07273e-17
1.92502e+06	4.73957e-18
1.92512e+06	2.07321e-18
1.92522e+06	8.97856e-19
1.92532e+06	3.84972e-19
1.92542e+06	1.63429e-19
1.92552e+06	6.87108e-20
1.92562e+06	2.86605e-20
1.92572e+06	1.19983e-20
1.92582e+06	5.40883e-21
1.92592e+06	3.55692e-21
1.92602e+06	5.04319e-21
1.92612e+06	1.14528e-20
1.92622e+06	2.89381e-20
1.92632e+06	7.38134e-20
1.92642e+06	1.86965e-19
1.92652e+06	4.6907e-19
1.92662e+06	1.16521e-18
1.92672e+06	2.8657e-18
1.92682e+06	6.97777e-18
1.92692e+06	1.68213e-17
1.92702e+06	4.01476e-17
1.92712e+06	9.48674e-17
1.92722e+06	2.21938e-16
1.92732e+06	5.14048e-16
1.92742e+06	1.17878e-15
1.92752e+06	2.6762e-15
1.92762e+06	6.01538e-15
1.92772e+06	1.33864e-14
1.92782e+06	2.94932e-14
1.92792e+06	6.43336e-14
1.92802e+06	1.38935e-13
1.92812e+06	2.97057e-13
1.92822e+06	6.28822e-13
1.92832e+06	1.31787e-12
1.92842e+06	2.73448e-12
1.92852e+06	5.61738e-12
1.92862e+06	1.14248e-11
1.92872e+06	2.30051e-11
1.92882e+06	4.58622e-11
1.92892e+06	9.05198e-11
1.92902e+06	1.76884e-10
1.92912e+06	3.4221e-10
1.92922e+06	6.5547e-10
1.92932e+06	1.243e-09
1.92942e+06	2.3337e-09
1.92952e+06	4.33789e-09
1.92962e+06	7.98303e-09
1.92972e+06	1.4545e-08
1.92982e+06	2.62373e-08
1.92992e+06	4.68577e-08
1.93002e+06	8.28514e-08
1.93012e+06	1.45036e-07
1.93022e+06	2.51368e-07
1.93032e+06	4.31321e-07
1.93042e+06	7.32739e-07
1.93052e+06	1.23241e-06
1.93062e+06	2.05219e-06
1.93072e+06	3.38329e-06
1.93082e+06	5.52226e-06
1.93092e+06	8.92384e-06
1.93102e+06	1.42772e-05
1.93112e+06	2.26149e-05
1.93122e+06	3.54651e-05
1.93132e+06	5.50638e-05
1.93142e+06	8.46425e-05
1.93152e+06	0.000128815
1.93162e+06	0.000194091
1.93172e+06	0.000289534
1.93182e+06	0.000427613
1.93192e+06	0.000625259
1.93202e+06	0.000905163
1.93212e+06	0.00129733
1.93222e+06	0.00184091
1.93232e+06	0.00258625
1.93242e+06	0.00359722
1.93252e+06	0.0049536
1.93262e+06	0.00675355
1.93272e+06	0.00911593
1.93282e+06	0.0121822
1.93292e+06	0.016118
1.93302e+06	0.0211131
1.93312e+06	0.0273811
1.93322e+06	0.0351566
1.93332e+06	0.044691
1.93342e+06	0.056246
1.93352e+06	0.0700843
1.93362e+06	0.0864583
1.93372e+06	0.105597
1.93382e+06	0.127689
1.93392e+06	0.152866
1.93402e+06	0.181188
1.93412e+06	0.21262
1.93422e+06	0.247022
1.93432e+06	0.284136
1.93442e+06	0.323575
1.93452e+06	0.364822
1.93462e+06	0.407235
1.93472e+06	0.450057
1.93482e+06	0.492434
1.93492e+06	0.533442
1.93502e+06	0.572117
1.93512e+06	0.607493
1.93522e+06	0.638641
1.93532e+06	0.66471
1.93542e+06	0.684962
1.93552e+06	0.698812
1.93562e+06	0.705855
1.93572e+06	0.70588
1.93582e+06	0.698889
1.93592e+06	0.68509
1.93602e+06	0.66489
1.93612e+06	0.638876
1.93622e+06	0.607783
1.93632e+06	0.572462
1.93642e+06	0.533843
1.93652e+06	0.492891
1.93662e+06	0.450568
1.93672e+06	0.407798
1.93682e+06	0.365434
1.93692e+06	0.324231
1.93702e+06	0.284831
1.93712e+06	0.247749
1.93722e+06	0.21337
1.93732e+06	0.181954
1.93742e+06	0.15364
1.93752e+06	0.128461
1.93762e+06	0.106359
1.93772e+06	0.0872022
1.93782e+06	0.0708024
1.93792e+06	0.0569318
1.93802e+06	0.045339
1.93812e+06	0.0357622
1.93822e+06	0.0279412
1.93832e+06	0.0216257
1.93842e+06	0.0165822
1.93852e+06	0.0125983
1.93862e+06	0.00948493
1.93872e+06	0.00707747
1.93882e+06	0.00523504
1.93892e+06	0.00383925
1.93902e+06	0.00279227
1.93912e+06	0.0020145
1.93922e+06	0.00144211
1.93932e+06	0.0010247
1.93942e+06	0.000722957
1.93952e+06	0.000506659
1.93962e+06	0.000352846
1.93972e+06	0.000244292
1.93982e+06	0.000168221
1.93992e+06	0.000115265
1.94002e+06	7.86226e-05
1.94012e+06	5.34084e-05
1.94022e+06	3.61446e-05
1.94032e+06	2.43772e-05
1.94042e+06	1.63882e-05
1.94052e+06	1.09838e-05
1.94062e+06	7.33949e-06
1.94072e+06	4.88942e-06
1.94082e+06	3.24687e-06
1.94092e+06	2.14878e-06
1.94102e+06	1.41679e-06
1.94112e+06	9.30361e-07
1.94122e+06	6.08206e-07
1.94132e+06	3.95653e-07
1.94142e+06	2.56004e-07
1.94152e+06	1.64686e-07
1.94162e+06	1.05281e-07
1.94172e+06	6.68579e-08
1.94182e+06	4.2159e-08
1.94192e+06	2.63881e-08
1.94202e+06	1.63894e-08
1.94212e+06	1.00979e-08
1.94222e+06	6.17011e-09
1.94232e+06	3.73809e-09
