1.64569e+06	8.96238e-08
1.64579e+06	1.48088e-07
1.64589e+06	2.42332e-07
1.64599e+06	3.92738e-07
1.64609e+06	6.30377e-07
1.64619e+06	1.00209e-06
1.64629e+06	1.57773e-06
1.64639e+06	2.46025e-06
1.64649e+06	3.79973e-06
1.64659e+06	5.81243e-06
1.64669e+06	8.80645e-06
1.64679e+06	1.32156e-05
1.64689e+06	1.96436e-05
1.64699e+06	2.89209e-05
1.64709e+06	4.21755e-05
1.64719e+06	6.09219e-05
1.64729e+06	8.7168e-05
1.64739e+06	0.000123542
1.64749e+06	0.000173443
1.64759e+06	0.000241202
1.64769e+06	0.000332275
1.64779e+06	0.000453429
1.64789e+06	0.000612943
1.64799e+06	0.000820797
1.64809e+06	0.00108883
1.64819e+06	0.00143085
1.64829e+06	0.00186272
1.64839e+06	0.00240226
1.64849e+06	0.00306912
1.64859e+06	0.00388449
1.64869e+06	0.0048706
1.64879e+06	0.00605008
1.64889e+06	0.00744512
1.64899e+06	0.00907646
1.64909e+06	0.0109622
1.64919e+06	0.0131163
1.64929e+06	0.0155477
1.64939e+06	0.0182581
1.64949e+06	0.0212413
1.64959e+06	0.0244818
1.64969e+06	0.0279539
1.64979e+06	0.0316209
1.64989e+06	0.0354354
1.64999e+06	0.0393398
1.65009e+06	0.0432668
1.65019e+06	0.0471415
1.65029e+06	0.0508832
1.65039e+06	0.0544083
1.65049e+06	0.0576331
1.65059e+06	0.0604772
1.65069e+06	0.0628665
1.65079e+06	0.0647369
1.65089e+06	0.0660365
1.65099e+06	0.0667285
1.65109e+06	0.0667928
1.65119e+06	0.0662268
1.65129e+06	0.0650457
1.65139e+06	0.0632818
1.65149e+06	0.0609831
1.65159e+06	0.058211
1.65169e+06	0.0550377
1.65179e+06	0.0515431
1.65189e+06	0.0478111
1.65199e+06	0.0439269
1.65209e+06	0.0399733
1.65219e+06	0.0360282
1.65229e+06	0.0321619
1.65239e+06	0.0284356
1.65249e+06	0.0249
1.65259e+06	0.0215947
1.65269e+06	0.0185482
1.65279e+06	0.0157782
1.65289e+06	0.0132925
1.65299e+06	0.0110904
1.65309e+06	0.00916378
1.65319e+06	0.00749864
1.65329e+06	0.00607668
1.65339e+06	0.00487667
1.65349e+06	0.00387567
1.65359e+06	0.00305024
1.65369e+06	0.00237728
1.65379e+06	0.00183476
1.65389e+06	0.00140227
1.65399e+06	0.00106128
1.65409e+06	0.000795378
1.65419e+06	0.000590277
1.65429e+06	0.000433785
1.65439e+06	0.000315665
1.65449e+06	0.000227462
1.65459e+06	0.000162299
1.65469e+06	0.00011467
1.65479e+06	8.02235e-05
1.65489e+06	5.55741e-05
1.65499e+06	3.81205e-05
1.65509e+06	2.58915e-05
1.65519e+06	1.74127e-05
1.65529e+06	1.15953e-05
1.65539e+06	7.64551e-06
1.65549e+06	4.99152e-06
1.65559e+06	3.22671e-06
1.65569e+06	2.06531e-06
1.65579e+06	1.30891e-06
1.65589e+06	8.21353e-07
1.65599e+06	5.1032e-07
1.65609e+06	3.13941e-07
1.65619e+06	1.91224e-07
1.65629e+06	1.15326e-07
1.65639e+06	6.88652e-08
1.65649e+06	4.07153e-08
1.65659e+06	2.38341e-08
1.65669e+06	1.38142e-08
1.65679e+06	7.92744e-09
1.65689e+06	4.50424e-09
1.65699e+06	2.5339e-09
1.65709e+06	1.41135e-09
1.65719e+06	7.78324e-10
1.65729e+06	4.24973e-10
1.65739e+06	2.29741e-10
1.65749e+06	1.22967e-10
1.65759e+06	6.51652e-11
1.65769e+06	3.41912e-11
1.65779e+06	1.77617e-11
1.65789e+06	9.13541e-12
1.65799e+06	4.65202e-12
1.65809e+06	2.34545e-12
1.65819e+06	1.17079e-12
1.65829e+06	5.78631e-13
1.65839e+06	2.83134e-13
1.65849e+06	1.37168e-13
1.65859e+06	6.57927e-14
1.65869e+06	3.12443e-14
1.65879e+06	1.46903e-14
1.65889e+06	6.83842e-15
1.65899e+06	3.15171e-15
1.65909e+06	1.43814e-15
1.65919e+06	6.49715e-16
1.65929e+06	2.90608e-16
1.65939e+06	1.28694e-16
1.65949e+06	5.64247e-17
1.65959e+06	2.44932e-17
1.65969e+06	1.05265e-17
1.65979e+06	4.47905e-18
1.65989e+06	1.8869e-18
1.65999e+06	7.87002e-19
1.66009e+06	3.24985e-19
1.66019e+06	1.32866e-19
1.66029e+06	5.37805e-20
1.66039e+06	2.15525e-20
1.66049e+06	8.55127e-21
1.66059e+06	3.35911e-21
1.66069e+06	1.30641e-21
1.66079e+06	5.03031e-22
1.66089e+06	1.91766e-22
1.66099e+06	7.2378e-23
1.66109e+06	2.7046e-23
1.66119e+06	1.00059e-23
1.66129e+06	3.66499e-24
1.66139e+06	1.32907e-24
1.66149e+06	4.7718e-25
1.66159e+06	1.6962e-25
1.66169e+06	5.96938e-26
1.66179e+06	2.07989e-26
1.66189e+06	7.17484e-27
1.66199e+06	2.45043e-27
1.66209e+06	8.28574e-28
1.66219e+06	2.77382e-28
1.66229e+06	9.19358e-29
1.66239e+06	3.01682e-29
1.66249e+06	9.80106e-30
1.66259e+06	3.1525e-30
1.66269e+06	1.00391e-30
1.66279e+06	3.16514e-31
1.66289e+06	9.87983e-32
1.66299e+06	3.05326e-32
1.66309e+06	9.34194e-33
1.66319e+06	2.82988e-33
1.66329e+06	8.48706e-34
1.66339e+06	2.52002e-34
1.66349e+06	7.40814e-35
1.66359e+06	2.15611e-35
1.66369e+06	6.21287e-36
1.66379e+06	1.77244e-36
1.66389e+06	5.00619e-37
1.66399e+06	1.39991e-37
1.66409e+06	3.87572e-38
1.66419e+06	1.06234e-38
1.66429e+06	2.88289e-39
1.66439e+06	7.74557e-40
1.66449e+06	2.06032e-40
1.66459e+06	5.42594e-41
1.66469e+06	1.41473e-41
1.66479e+06	3.65197e-42
1.66489e+06	9.33338e-43
1.66499e+06	2.36161e-43
1.66509e+06	5.9161e-44
1.66519e+06	1.4673e-44
1.66529e+06	3.60298e-45
1.66539e+06	8.75914e-46
1.66549e+06	2.10823e-46
1.66559e+06	5.02379e-47
1.66569e+06	1.18523e-47
1.66579e+06	2.76842e-48
1.66589e+06	6.40203e-49
1.66599e+06	1.46575e-49
1.66609e+06	3.32248e-50
1.66619e+06	7.45624e-51
1.66629e+06	1.65667e-51
1.66639e+06	3.64424e-52
1.66649e+06	7.93664e-53
1.66659e+06	1.71129e-53
1.66669e+06	3.65315e-54
1.66679e+06	7.72092e-55
1.66689e+06	1.61558e-55
1.66699e+06	3.3469e-56
1.66709e+06	6.86461e-57
1.66719e+06	1.39395e-57
1.66729e+06	2.80242e-58
1.66739e+06	5.57799e-59
1.66749e+06	1.09921e-59
1.66759e+06	2.14456e-60
1.66769e+06	4.14242e-61
1.66779e+06	7.92186e-62
1.66789e+06	1.49988e-62
1.66799e+06	2.81154e-63
1.66809e+06	5.21783e-64
1.66819e+06	9.58719e-65
1.66829e+06	1.74401e-65
1.66839e+06	3.14099e-66
1.66849e+06	5.60066e-67
1.66859e+06	9.88711e-68
1.66869e+06	1.72805e-68
1.66879e+06	2.9902e-69
1.66889e+06	5.12274e-70
1.66899e+06	8.68882e-71
1.66909e+06	1.45907e-71
1.66919e+06	2.42577e-72
1.66929e+06	3.99282e-73
1.66939e+06	6.50679e-74
1.66949e+06	1.04981e-74
1.66959e+06	1.67692e-75
1.66969e+06	2.65198e-76
1.66979e+06	4.15227e-77
1.66989e+06	6.43662e-78
1.66999e+06	9.87842e-79
1.67009e+06	1.50098e-79
1.67019e+06	2.25797e-80
1.67029e+06	3.36294e-81
1.67039e+06	4.9588e-82
1.67049e+06	7.23922e-83
1.67059e+06	1.04632e-83
1.67069e+06	1.49725e-84
1.67079e+06	2.12119e-85
1.67089e+06	2.97524e-86
1.67099e+06	4.13165e-87
1.67109e+06	5.68042e-88
1.67119e+06	7.73206e-89
1.67129e+06	1.042e-89
1.67139e+06	1.39026e-90
1.67149e+06	1.83646e-91
1.67159e+06	2.40173e-92
1.67169e+06	3.10974e-93
1.67179e+06	3.9864e-94
1.67189e+06	5.05935e-95
1.67199e+06	6.3572e-96
1.67209e+06	7.9085e-97
1.67219e+06	9.74045e-98
1.67229e+06	1.18774e-98
1.67239e+06	1.43391e-99
1.67249e+06	1.71387e-100
1.67259e+06	2.02811e-101
1.67269e+06	2.37608e-102
1.67279e+06	2.75606e-103
1.67289e+06	3.165e-104
1.67299e+06	3.59845e-105
1.67309e+06	4.05055e-106
1.67319e+06	4.51409e-107
1.67329e+06	4.98061e-108
1.67339e+06	5.44067e-109
1.67349e+06	5.88409e-110
1.67359e+06	6.30034e-111
1.67369e+06	6.6789e-112
1.67379e+06	7.00976e-113
1.67389e+06	7.28381e-114
1.67399e+06	7.49326e-115
1.67409e+06	7.63203e-116
1.67419e+06	7.69603e-117
1.67429e+06	7.68334e-118
1.67439e+06	7.59435e-119
1.67449e+06	7.4317e-120
1.67459e+06	7.20017e-121
1.67469e+06	6.90645e-122
1.67479e+06	6.55879e-123
1.67489e+06	6.16665e-124
1.67499e+06	5.74027e-125
1.67509e+06	5.2902e-126
1.67519e+06	4.82691e-127
1.67529e+06	4.36037e-128
1.67539e+06	3.89973e-129
1.67549e+06	3.45305e-130
1.67559e+06	3.02711e-131
1.67569e+06	2.6273e-132
1.67579e+06	2.25761e-133
1.67589e+06	1.92064e-134
1.67599e+06	1.61771e-135
1.67609e+06	1.34899e-136
1.67619e+06	1.11372e-137
1.67629e+06	9.10337e-139
1.67639e+06	7.36689e-140
1.67649e+06	5.90232e-141
1.67659e+06	4.68186e-142
1.67669e+06	3.67681e-143
1.67679e+06	2.85878e-144
1.67689e+06	2.20064e-145
1.67699e+06	1.67715e-146
1.67709e+06	1.26547e-147
1.67719e+06	9.45348e-149
1.67729e+06	6.99177e-150
1.67739e+06	5.11964e-151
1.67749e+06	3.71149e-152
1.67759e+06	2.66388e-153
1.67769e+06	1.89295e-154
1.67779e+06	1.33174e-155
1.67789e+06	9.27591e-157
1.67799e+06	6.39663e-158
1.67809e+06	4.3672e-159
1.67819e+06	2.95197e-160
1.67829e+06	1.9755e-161
1.67839e+06	1.30888e-162
1.67849e+06	8.58578e-164
1.67859e+06	5.57592e-165
1.67869e+06	3.58518e-166
1.67879e+06	2.28224e-167
1.67889e+06	1.43837e-168
1.67899e+06	8.97501e-170
1.67909e+06	5.54443e-171
1.67919e+06	3.39107e-172
1.67929e+06	2.0534e-173
1.67939e+06	1.23102e-174
1.67949e+06	7.30662e-176
1.67959e+06	4.29363e-177
1.67969e+06	2.49798e-178
1.67979e+06	1.43883e-179
1.67989e+06	8.2052e-181
1.67999e+06	4.6326e-182
1.68009e+06	2.58951e-183
1.68019e+06	1.43307e-184
1.68029e+06	7.85189e-186
1.68039e+06	4.2593e-187
1.68049e+06	2.28749e-188
1.68059e+06	1.21629e-189
1.68069e+06	6.40283e-191
1.68079e+06	3.33706e-192
1.68089e+06	1.72192e-193
1.68099e+06	8.7967e-195
1.68109e+06	4.44921e-196
1.68119e+06	2.22794e-197
1.68129e+06	1.10454e-198
1.68139e+06	5.42145e-200
1.68149e+06	2.63455e-201
1.68159e+06	1.26752e-202
1.68169e+06	6.03756e-204
1.68179e+06	2.84724e-205
1.68189e+06	1.32936e-206
1.68199e+06	6.14498e-208
1.68209e+06	2.81225e-209
1.68219e+06	1.27422e-210
1.68229e+06	5.71602e-212
1.68239e+06	2.53862e-213
1.68249e+06	1.11625e-214
1.68259e+06	4.85937e-216
1.68269e+06	2.09438e-217
1.68279e+06	8.93695e-219
1.68289e+06	3.77554e-220
1.68299e+06	1.57916e-221
1.68309e+06	6.5393e-223
1.68319e+06	2.68098e-224
1.68329e+06	1.08821e-225
1.68339e+06	4.37308e-227
1.68349e+06	1.73988e-228
1.68359e+06	6.85345e-230
1.68369e+06	2.67274e-231
1.68379e+06	1.03195e-232
1.68389e+06	3.94476e-234
1.68399e+06	1.49293e-235
1.68409e+06	5.59389e-237
1.68419e+06	2.07513e-238
1.68429e+06	7.6214e-240
1.68439e+06	2.77128e-241
1.68449e+06	9.97664e-243
1.68459e+06	3.55586e-244
1.68469e+06	1.25476e-245
1.68479e+06	4.38365e-247
1.68489e+06	1.51624e-248
1.68499e+06	5.19225e-250
1.68509e+06	1.76036e-251
1.68519e+06	5.90887e-253
1.68529e+06	1.96365e-254
1.68539e+06	6.46071e-256
1.68549e+06	2.10453e-257
1.68559e+06	6.78711e-259
1.68569e+06	2.16707e-260
1.68579e+06	6.85043e-262
1.68589e+06	2.14398e-263
1.68599e+06	6.64322e-265
1.68609e+06	2.03796e-266
1.68619e+06	6.18968e-268
1.68629e+06	1.86122e-269
1.68639e+06	5.54097e-271
1.68649e+06	1.63316e-272
1.68659e+06	4.76575e-274
1.68669e+06	1.37686e-275
1.68679e+06	3.93827e-277
1.68689e+06	1.11526e-278
1.68699e+06	3.12685e-280
1.68709e+06	8.67948e-282
1.68719e+06	2.38527e-283
1.68729e+06	6.4899e-285
1.68739e+06	1.74822e-286
1.68749e+06	4.66241e-288
1.68759e+06	1.23107e-289
1.68769e+06	3.21819e-291
1.68779e+06	8.32909e-293
1.68789e+06	2.13423e-294
1.68799e+06	5.41428e-296
1.68809e+06	1.35987e-297
1.68819e+06	3.38152e-299
1.68829e+06	8.32499e-301
1.68839e+06	2.02914e-302
1.68849e+06	4.89663e-304
1.68859e+06	1.16988e-305
1.68869e+06	2.76719e-307
1.68879e+06	6.48031e-309
1.68889e+06	1.50248e-310
1.68899e+06	3.4489e-312
1.68909e+06	7.83805e-314
1.68919e+06	1.76357e-315
1.68929e+06	3.92857e-317
1.68939e+06	8.66428e-319
1.68949e+06	1.89178e-320
1.68959e+06	4.10074e-322
1.68969e+06	9.88131e-324
1.68979e+06	0
1.68989e+06	0
1.68999e+06	0
1.69009e+06	0
1.69019e+06	0
1.69029e+06	0
1.69039e+06	0
1.69049e+06	0
1.69059e+06	0
1.69069e+06	0
1.69079e+06	0
1.69089e+06	0
1.69099e+06	0
1.69109e+06	0
1.69119e+06	0
1.69129e+06	0
1.69139e+06	0
1.69149e+06	0
1.69159e+06	0
1.69169e+06	0
1.69179e+06	0
1.69189e+06	0
1.69199e+06	0
1.69209e+06	0
1.69219e+06	0
1.69229e+06	0
1.69239e+06	0
1.69249e+06	0
1.69259e+06	0
1.69269e+06	0
1.69279e+06	0
1.69289e+06	0
1.69299e+06	0
1.69309e+06	0
1.69319e+06	0
1.69329e+06	0
1.69339e+06	0
1.69349e+06	0
1.69359e+06	0
1.69369e+06	0
1.69379e+06	0
1.69389e+06	0
1.69399e+06	0
1.69409e+06	0
1.69419e+06	0
1.69429e+06	0
1.69439e+06	0
1.69449e+06	0
1.69459e+06	0
1.69469e+06	0
1.69479e+06	0
1.69489e+06	0
1.69499e+06	0
1.69509e+06	0
1.69519e+06	0
1.69529e+06	0
1.69539e+06	0
1.69549e+06	0
1.69559e+06	0
1.69569e+06	0
1.69579e+06	0
1.69589e+06	0
1.69599e+06	0
1.69609e+06	0
1.69619e+06	0
1.69629e+06	0
1.69639e+06	0
1.69649e+06	0
1.69659e+06	0
1.69669e+06	0
1.69679e+06	0
1.69689e+06	0
1.69699e+06	0
1.69709e+06	0
1.69719e+06	0
1.69729e+06	0
1.69739e+06	0
1.69749e+06	0
1.69759e+06	0
1.69769e+06	0
1.69779e+06	0
1.69789e+06	0
1.69799e+06	0
1.69809e+06	0
1.69819e+06	0
1.69829e+06	0
1.69839e+06	0
1.69849e+06	0
1.69859e+06	0
1.69869e+06	0
1.69879e+06	0
1.69889e+06	0
1.69899e+06	0
1.69909e+06	0
1.69919e+06	0
1.69929e+06	0
1.69939e+06	0
1.69949e+06	0
1.69959e+06	0
1.69969e+06	0
1.69979e+06	0
1.69989e+06	0
1.69999e+06	0
1.70009e+06	0
1.70019e+06	0
1.70029e+06	0
1.70039e+06	0
1.70049e+06	0
1.70059e+06	0
1.70069e+06	0
1.70079e+06	0
1.70089e+06	0
1.70099e+06	0
1.70109e+06	0
1.70119e+06	0
1.70129e+06	0
1.70139e+06	0
1.70149e+06	0
1.70159e+06	0
1.70169e+06	0
1.70179e+06	0
1.70189e+06	0
1.70199e+06	0
1.70209e+06	0
1.70219e+06	0
1.70229e+06	0
1.70239e+06	0
1.70249e+06	0
1.70259e+06	0
1.70269e+06	0
1.70279e+06	0
1.70289e+06	0
1.70299e+06	0
1.70309e+06	0
1.70319e+06	0
1.70329e+06	0
1.70339e+06	0
1.70349e+06	0
1.70359e+06	0
1.70369e+06	0
1.70379e+06	0
1.70389e+06	0
1.70399e+06	0
1.70409e+06	0
1.70419e+06	0
1.70429e+06	0
1.70439e+06	0
1.70449e+06	0
1.70459e+06	0
1.70469e+06	0
1.70479e+06	0
1.70489e+06	0
1.70499e+06	0
1.70509e+06	0
1.70519e+06	0
1.70529e+06	0
1.70539e+06	0
1.70549e+06	0
1.70559e+06	0
1.70569e+06	0
1.70579e+06	0
1.70589e+06	0
1.70599e+06	0
1.70609e+06	0
1.70619e+06	0
1.70629e+06	0
1.70639e+06	0
1.70649e+06	0
1.70659e+06	0
1.70669e+06	0
1.70679e+06	0
1.70689e+06	0
1.70699e+06	0
1.70709e+06	0
1.70719e+06	0
1.70729e+06	0
1.70739e+06	0
1.70749e+06	0
1.70759e+06	0
1.70769e+06	0
1.70779e+06	0
1.70789e+06	0
1.70799e+06	0
1.70809e+06	0
1.70819e+06	0
1.70829e+06	0
1.70839e+06	0
1.70849e+06	0
1.70859e+06	0
1.70869e+06	0
1.70879e+06	0
1.70889e+06	0
1.70899e+06	0
1.70909e+06	0
1.70919e+06	0
1.70929e+06	0
1.70939e+06	0
1.70949e+06	0
1.70959e+06	0
1.70969e+06	0
1.70979e+06	0
1.70989e+06	0
1.70999e+06	0
1.71009e+06	0
1.71019e+06	0
1.71029e+06	0
1.71039e+06	0
1.71049e+06	0
1.71059e+06	0
1.71069e+06	0
1.71079e+06	0
1.71089e+06	0
1.71099e+06	0
1.71109e+06	0
1.71119e+06	0
1.71129e+06	0
1.71139e+06	0
1.71149e+06	0
1.71159e+06	0
1.71169e+06	0
1.71179e+06	0
1.71189e+06	0
1.71199e+06	0
1.71209e+06	0
1.71219e+06	0
1.71229e+06	0
1.71239e+06	0
1.71249e+06	0
1.71259e+06	0
1.71269e+06	0
1.71279e+06	0
1.71289e+06	0
1.71299e+06	0
1.71309e+06	0
1.71319e+06	0
1.71329e+06	0
1.71339e+06	0
1.71349e+06	0
1.71359e+06	0
1.71369e+06	0
1.71379e+06	0
1.71389e+06	0
1.71399e+06	0
1.71409e+06	0
1.71419e+06	0
1.71429e+06	0
1.71439e+06	0
1.71449e+06	0
1.71459e+06	0
1.71469e+06	0
1.71479e+06	0
1.71489e+06	0
1.71499e+06	0
1.71509e+06	0
1.71519e+06	0
1.71529e+06	0
1.71539e+06	0
1.71549e+06	0
1.71559e+06	0
1.71569e+06	0
1.71579e+06	0
1.71589e+06	0
1.71599e+06	0
1.71609e+06	0
1.71619e+06	0
1.71629e+06	0
1.71639e+06	0
1.71649e+06	0
1.71659e+06	0
1.71669e+06	0
1.71679e+06	0
1.71689e+06	0
1.71699e+06	0
1.71709e+06	0
1.71719e+06	0
1.71729e+06	0
1.71739e+06	0
1.71749e+06	0
1.71759e+06	0
1.71769e+06	0
1.71779e+06	0
1.71789e+06	0
1.71799e+06	0
1.71809e+06	0
1.71819e+06	0
1.71829e+06	0
1.71839e+06	0
1.71849e+06	0
1.71859e+06	0
1.71869e+06	0
1.71879e+06	0
1.71889e+06	0
1.71899e+06	0
1.71909e+06	0
1.71919e+06	0
1.71929e+06	0
1.71939e+06	0
1.71949e+06	0
1.71959e+06	0
1.71969e+06	0
1.71979e+06	0
1.71989e+06	0
1.71999e+06	0
1.72009e+06	0
1.72019e+06	0
1.72029e+06	0
1.72039e+06	0
1.72049e+06	0
1.72059e+06	0
1.72069e+06	0
1.72079e+06	0
1.72089e+06	0
1.72099e+06	0
1.72109e+06	0
1.72119e+06	0
1.72129e+06	0
1.72139e+06	0
1.72149e+06	0
1.72159e+06	0
1.72169e+06	0
1.72179e+06	0
1.72189e+06	0
1.72199e+06	0
1.72209e+06	0
1.72219e+06	0
1.72229e+06	0
1.72239e+06	0
1.72249e+06	0
1.72259e+06	0
1.72269e+06	0
1.72279e+06	0
1.72289e+06	0
1.72299e+06	0
1.72309e+06	0
1.72319e+06	0
1.72329e+06	0
1.72339e+06	0
1.72349e+06	0
1.72359e+06	0
1.72369e+06	0
1.72379e+06	0
1.72389e+06	0
1.72399e+06	0
1.72409e+06	0
1.72419e+06	0
1.72429e+06	0
1.72439e+06	0
1.72449e+06	0
1.72459e+06	0
1.72469e+06	0
1.72479e+06	0
1.72489e+06	0
1.72499e+06	0
1.72509e+06	0
1.72519e+06	0
1.72529e+06	0
1.72539e+06	0
1.72549e+06	0
1.72559e+06	0
1.72569e+06	0
1.72579e+06	0
1.72589e+06	0
1.72599e+06	0
1.72609e+06	0
1.72619e+06	0
1.72629e+06	0
1.72639e+06	0
1.72649e+06	0
1.72659e+06	0
1.72669e+06	0
1.72679e+06	0
1.72689e+06	0
1.72699e+06	0
1.72709e+06	0
1.72719e+06	0
1.72729e+06	0
1.72739e+06	0
1.72749e+06	0
1.72759e+06	0
1.72769e+06	0
1.72779e+06	0
1.72789e+06	0
1.72799e+06	0
1.72809e+06	0
1.72819e+06	0
1.72829e+06	0
1.72839e+06	0
1.72849e+06	0
1.72859e+06	0
1.72869e+06	0
1.72879e+06	0
1.72889e+06	0
1.72899e+06	0
1.72909e+06	0
1.72919e+06	0
1.72929e+06	0
1.72939e+06	0
1.72949e+06	0
1.72959e+06	0
1.72969e+06	0
1.72979e+06	0
1.72989e+06	0
1.72999e+06	0
1.73009e+06	0
1.73019e+06	0
1.73029e+06	0
1.73039e+06	0
1.73049e+06	0
1.73059e+06	0
1.73069e+06	0
1.73079e+06	0
1.73089e+06	0
1.73099e+06	0
1.73109e+06	0
1.73119e+06	0
1.73129e+06	0
1.73139e+06	0
1.73149e+06	0
1.73159e+06	0
1.73169e+06	0
1.73179e+06	0
1.73189e+06	0
1.73199e+06	0
1.73209e+06	0
1.73219e+06	0
1.73229e+06	0
1.73239e+06	0
1.73249e+06	0
1.73259e+06	0
1.73269e+06	0
1.73279e+06	0
1.73289e+06	0
1.73299e+06	0
1.73309e+06	0
1.73319e+06	0
1.73329e+06	0
1.73339e+06	0
1.73349e+06	0
1.73359e+06	0
1.73369e+06	0
1.73379e+06	0
1.73389e+06	0
1.73399e+06	0
1.73409e+06	0
1.73419e+06	0
1.73429e+06	0
1.73439e+06	0
1.73449e+06	0
1.73459e+06	0
1.73469e+06	0
1.73479e+06	0
1.73489e+06	0
1.73499e+06	0
1.73509e+06	0
1.73519e+06	0
1.73529e+06	0
1.73539e+06	0
1.73549e+06	0
1.73559e+06	0
1.73569e+06	0
1.73579e+06	0
1.73589e+06	0
1.73599e+06	0
1.73609e+06	0
1.73619e+06	0
1.73629e+06	0
1.73639e+06	0
1.73649e+06	0
1.73659e+06	0
1.73669e+06	0
1.73679e+06	0
1.73689e+06	0
1.73699e+06	0
1.73709e+06	0
1.73719e+06	0
1.73729e+06	0
1.73739e+06	0
1.73749e+06	0
1.73759e+06	0
1.73769e+06	0
1.73779e+06	0
1.73789e+06	0
1.73799e+06	0
1.73809e+06	0
1.73819e+06	0
1.73829e+06	0
1.73839e+06	0
1.73849e+06	0
1.73859e+06	0
1.73869e+06	0
1.73879e+06	0
1.73889e+06	0
1.73899e+06	0
1.73909e+06	0
1.73919e+06	0
1.73929e+06	0
1.73939e+06	0
1.73949e+06	0
1.73959e+06	0
1.73969e+06	0
1.73979e+06	0
1.73989e+06	0
1.73999e+06	0
1.74009e+06	0
1.74019e+06	0
1.74029e+06	0
1.74039e+06	0
1.74049e+06	0
1.74059e+06	0
1.74069e+06	0
1.74079e+06	0
1.74089e+06	0
1.74099e+06	0
1.74109e+06	0
1.74119e+06	0
1.74129e+06	0
1.74139e+06	0
1.74149e+06	0
1.74159e+06	0
1.74169e+06	0
1.74179e+06	0
1.74189e+06	0
1.74199e+06	0
1.74209e+06	0
1.74219e+06	0
1.74229e+06	0
1.74239e+06	0
1.74249e+06	0
1.74259e+06	0
1.74269e+06	0
1.74279e+06	0
1.74289e+06	0
1.74299e+06	0
1.74309e+06	0
1.74319e+06	0
1.74329e+06	0
1.74339e+06	0
1.74349e+06	0
1.74359e+06	0
1.74369e+06	0
1.74379e+06	0
1.74389e+06	0
1.74399e+06	0
1.74409e+06	0
1.74419e+06	0
1.74429e+06	0
1.74439e+06	0
1.74449e+06	0
1.74459e+06	0
1.74469e+06	0
1.74479e+06	0
1.74489e+06	0
1.74499e+06	0
1.74509e+06	0
1.74519e+06	0
1.74529e+06	0
1.74539e+06	0
1.74549e+06	0
1.74559e+06	0
1.74569e+06	0
1.74579e+06	0
1.74589e+06	0
1.74599e+06	0
1.74609e+06	0
1.74619e+06	0
1.74629e+06	0
1.74639e+06	0
1.74649e+06	0
1.74659e+06	0
1.74669e+06	0
1.74679e+06	0
1.74689e+06	0
1.74699e+06	0
1.74709e+06	0
1.74719e+06	0
1.74729e+06	0
1.74739e+06	0
1.74749e+06	0
1.74759e+06	0
1.74769e+06	0
1.74779e+06	0
1.74789e+06	0
1.74799e+06	0
1.74809e+06	0
1.74819e+06	0
1.74829e+06	0
1.74839e+06	0
1.74849e+06	0
1.74859e+06	0
1.74869e+06	0
1.74879e+06	0
1.74889e+06	0
1.74899e+06	0
1.74909e+06	0
1.74919e+06	0
1.74929e+06	0
1.74939e+06	0
1.74949e+06	0
1.74959e+06	0
1.74969e+06	0
1.74979e+06	0
1.74989e+06	0
1.74999e+06	0
1.75009e+06	0
1.75019e+06	0
1.75029e+06	0
1.75039e+06	0
1.75049e+06	0
1.75059e+06	0
1.75069e+06	0
1.75079e+06	0
1.75089e+06	0
1.75099e+06	0
1.75109e+06	0
1.75119e+06	0
1.75129e+06	0
1.75139e+06	0
1.75149e+06	0
1.75159e+06	0
1.75169e+06	0
1.75179e+06	0
1.75189e+06	0
1.75199e+06	0
1.75209e+06	0
1.75219e+06	0
1.75229e+06	0
1.75239e+06	0
1.75249e+06	0
1.75259e+06	0
1.75269e+06	0
1.75279e+06	0
1.75289e+06	0
1.75299e+06	0
1.75309e+06	0
1.75319e+06	0
1.75329e+06	0
1.75339e+06	0
1.75349e+06	0
1.75359e+06	0
1.75369e+06	0
1.75379e+06	0
1.75389e+06	0
1.75399e+06	0
1.75409e+06	0
1.75419e+06	0
1.75429e+06	0
1.75439e+06	0
1.75449e+06	0
1.75459e+06	0
1.75469e+06	0
1.75479e+06	0
1.75489e+06	0
1.75499e+06	0
1.75509e+06	0
1.75519e+06	0
1.75529e+06	0
1.75539e+06	0
1.75549e+06	0
1.75559e+06	0
1.75569e+06	0
1.75579e+06	0
1.75589e+06	0
1.75599e+06	0
1.75609e+06	0
1.75619e+06	0
1.75629e+06	0
1.75639e+06	0
1.75649e+06	0
1.75659e+06	0
1.75669e+06	0
1.75679e+06	0
1.75689e+06	0
1.75699e+06	0
1.75709e+06	0
1.75719e+06	0
1.75729e+06	0
1.75739e+06	0
1.75749e+06	0
1.75759e+06	0
1.75769e+06	0
1.75779e+06	0
1.75789e+06	0
1.75799e+06	0
1.75809e+06	0
1.75819e+06	0
1.75829e+06	0
1.75839e+06	0
1.75849e+06	0
1.75859e+06	0
1.75869e+06	0
1.75879e+06	0
1.75889e+06	0
1.75899e+06	0
1.75909e+06	0
1.75919e+06	0
1.75929e+06	0
1.75939e+06	0
1.75949e+06	0
1.75959e+06	0
1.75969e+06	0
1.75979e+06	0
1.75989e+06	0
1.75999e+06	0
1.76009e+06	0
1.76019e+06	0
1.76029e+06	0
1.76039e+06	0
1.76049e+06	0
1.76059e+06	0
1.76069e+06	0
1.76079e+06	0
1.76089e+06	0
1.76099e+06	0
1.76109e+06	0
1.76119e+06	0
1.76129e+06	0
1.76139e+06	0
1.76149e+06	0
1.76159e+06	0
1.76169e+06	0
1.76179e+06	0
1.76189e+06	0
1.76199e+06	0
1.76209e+06	0
1.76219e+06	0
1.76229e+06	0
1.76239e+06	0
1.76249e+06	0
1.76259e+06	0
1.76269e+06	0
1.76279e+06	0
1.76289e+06	0
1.76299e+06	0
1.76309e+06	0
1.76319e+06	0
1.76329e+06	0
1.76339e+06	0
1.76349e+06	0
1.76359e+06	0
1.76369e+06	0
1.76379e+06	0
1.76389e+06	0
1.76399e+06	0
1.76409e+06	0
1.76419e+06	0
1.76429e+06	0
1.76439e+06	0
1.76449e+06	0
1.76459e+06	0
1.76469e+06	0
1.76479e+06	0
1.76489e+06	0
1.76499e+06	0
1.76509e+06	0
1.76519e+06	0
1.76529e+06	0
1.76539e+06	0
1.76549e+06	0
1.76559e+06	0
1.76569e+06	0
1.76579e+06	0
1.76589e+06	0
1.76599e+06	0
1.76609e+06	0
1.76619e+06	0
1.76629e+06	0
1.76639e+06	0
1.76649e+06	0
1.76659e+06	0
1.76669e+06	0
1.76679e+06	0
1.76689e+06	0
1.76699e+06	0
1.76709e+06	0
1.76719e+06	0
1.76729e+06	0
1.76739e+06	0
1.76749e+06	0
1.76759e+06	0
1.76769e+06	0
1.76779e+06	0
1.76789e+06	0
1.76799e+06	0
1.76809e+06	0
1.76819e+06	0
1.76829e+06	0
1.76839e+06	0
1.76849e+06	0
1.76859e+06	0
1.76869e+06	0
1.76879e+06	0
1.76889e+06	0
1.76899e+06	0
1.76909e+06	0
1.76919e+06	0
1.76929e+06	0
1.76939e+06	0
1.76949e+06	0
1.76959e+06	0
1.76969e+06	0
1.76979e+06	0
1.76989e+06	0
1.76999e+06	0
1.77009e+06	0
1.77019e+06	0
1.77029e+06	0
1.77039e+06	0
1.77049e+06	0
1.77059e+06	0
1.77069e+06	0
1.77079e+06	0
1.77089e+06	0
1.77099e+06	0
1.77109e+06	0
1.77119e+06	0
1.77129e+06	0
1.77139e+06	0
1.77149e+06	0
1.77159e+06	0
1.77169e+06	0
1.77179e+06	0
1.77189e+06	0
1.77199e+06	0
1.77209e+06	0
1.77219e+06	0
1.77229e+06	0
1.77239e+06	0
1.77249e+06	0
1.77259e+06	0
1.77269e+06	0
1.77279e+06	0
1.77289e+06	0
1.77299e+06	0
1.77309e+06	0
1.77319e+06	0
1.77329e+06	0
1.77339e+06	0
1.77349e+06	0
1.77359e+06	0
1.77369e+06	0
1.77379e+06	0
1.77389e+06	0
1.77399e+06	0
1.77409e+06	0
1.77419e+06	0
1.77429e+06	0
1.77439e+06	0
1.77449e+06	0
1.77459e+06	0
1.77469e+06	0
1.77479e+06	0
1.77489e+06	0
1.77499e+06	0
1.77509e+06	0
1.77519e+06	0
1.77529e+06	0
1.77539e+06	0
1.77549e+06	0
1.77559e+06	0
1.77569e+06	0
1.77579e+06	0
1.77589e+06	0
1.77599e+06	0
1.77609e+06	0
1.77619e+06	0
1.77629e+06	0
1.77639e+06	0
1.77649e+06	0
1.77659e+06	0
1.77669e+06	0
1.77679e+06	0
1.77689e+06	0
1.77699e+06	0
1.77709e+06	0
1.77719e+06	0
1.77729e+06	0
1.77739e+06	0
1.77749e+06	0
1.77759e+06	0
1.77769e+06	0
1.77779e+06	0
1.77789e+06	0
1.77799e+06	0
1.77809e+06	0
1.77819e+06	0
1.77829e+06	0
1.77839e+06	0
1.77849e+06	0
1.77859e+06	0
1.77869e+06	0
1.77879e+06	0
1.77889e+06	0
1.77899e+06	0
1.77909e+06	0
1.77919e+06	0
1.77929e+06	0
1.77939e+06	0
1.77949e+06	0
1.77959e+06	0
1.77969e+06	0
1.77979e+06	0
1.77989e+06	0
1.77999e+06	0
1.78009e+06	0
1.78019e+06	0
1.78029e+06	0
1.78039e+06	0
1.78049e+06	0
1.78059e+06	0
1.78069e+06	0
1.78079e+06	0
1.78089e+06	0
1.78099e+06	0
1.78109e+06	0
1.78119e+06	0
1.78129e+06	0
1.78139e+06	0
1.78149e+06	0
1.78159e+06	0
1.78169e+06	0
1.78179e+06	0
1.78189e+06	0
1.78199e+06	0
1.78209e+06	0
1.78219e+06	0
1.78229e+06	0
1.78239e+06	0
1.78249e+06	0
1.78259e+06	0
1.78269e+06	0
1.78279e+06	0
1.78289e+06	0
1.78299e+06	0
1.78309e+06	0
1.78319e+06	0
1.78329e+06	0
1.78339e+06	0
1.78349e+06	0
1.78359e+06	0
1.78369e+06	0
1.78379e+06	0
1.78389e+06	0
1.78399e+06	0
1.78409e+06	0
1.78419e+06	0
1.78429e+06	0
1.78439e+06	0
1.78449e+06	0
1.78459e+06	0
1.78469e+06	0
1.78479e+06	0
1.78489e+06	0
1.78499e+06	0
1.78509e+06	0
1.78519e+06	0
1.78529e+06	0
1.78539e+06	0
1.78549e+06	0
1.78559e+06	0
1.78569e+06	0
1.78579e+06	0
1.78589e+06	0
1.78599e+06	0
1.78609e+06	0
1.78619e+06	0
1.78629e+06	0
1.78639e+06	0
1.78649e+06	0
1.78659e+06	0
1.78669e+06	0
1.78679e+06	0
1.78689e+06	0
1.78699e+06	0
1.78709e+06	0
1.78719e+06	0
1.78729e+06	0
1.78739e+06	0
1.78749e+06	0
1.78759e+06	0
1.78769e+06	0
1.78779e+06	0
1.78789e+06	0
1.78799e+06	0
1.78809e+06	0
1.78819e+06	0
1.78829e+06	0
1.78839e+06	0
1.78849e+06	0
1.78859e+06	0
1.78869e+06	0
1.78879e+06	0
1.78889e+06	0
1.78899e+06	0
1.78909e+06	0
1.78919e+06	0
1.78929e+06	0
1.78939e+06	0
1.78949e+06	0
1.78959e+06	0
1.78969e+06	0
1.78979e+06	0
1.78989e+06	0
1.78999e+06	0
1.79009e+06	0
1.79019e+06	0
1.79029e+06	0
1.79039e+06	0
1.79049e+06	0
1.79059e+06	0
1.79069e+06	0
1.79079e+06	0
1.79089e+06	0
1.79099e+06	0
1.79109e+06	0
1.79119e+06	0
1.79129e+06	0
1.79139e+06	0
1.79149e+06	0
1.79159e+06	0
1.79169e+06	0
1.79179e+06	0
1.79189e+06	0
1.79199e+06	0
1.79209e+06	0
1.79219e+06	0
1.79229e+06	0
1.79239e+06	0
1.79249e+06	0
1.79259e+06	0
1.79269e+06	0
1.79279e+06	0
1.79289e+06	0
1.79299e+06	0
1.79309e+06	0
1.79319e+06	0
1.79329e+06	0
1.79339e+06	0
1.79349e+06	0
1.79359e+06	0
1.79369e+06	0
1.79379e+06	0
1.79389e+06	0
1.79399e+06	0
1.79409e+06	0
1.79419e+06	0
1.79429e+06	0
1.79439e+06	0
1.79449e+06	0
1.79459e+06	0
1.79469e+06	0
1.79479e+06	0
1.79489e+06	0
1.79499e+06	0
1.79509e+06	0
1.79519e+06	0
1.79529e+06	0
1.79539e+06	0
1.79549e+06	0
1.79559e+06	0
1.79569e+06	0
1.79579e+06	0
1.79589e+06	0
1.79599e+06	0
1.79609e+06	0
1.79619e+06	0
1.79629e+06	0
1.79639e+06	0
1.79649e+06	0
1.79659e+06	0
1.79669e+06	0
1.79679e+06	0
1.79689e+06	0
1.79699e+06	0
1.79709e+06	0
1.79719e+06	0
1.79729e+06	0
1.79739e+06	0
1.79749e+06	0
1.79759e+06	0
1.79769e+06	0
1.79779e+06	0
1.79789e+06	0
1.79799e+06	0
1.79809e+06	0
1.79819e+06	0
1.79829e+06	0
1.79839e+06	0
1.79849e+06	0
1.79859e+06	0
1.79869e+06	0
1.79879e+06	0
1.79889e+06	0
1.79899e+06	0
1.79909e+06	0
1.79919e+06	0
1.79929e+06	0
1.79939e+06	0
1.79949e+06	0
1.79959e+06	0
1.79969e+06	0
1.79979e+06	0
1.79989e+06	0
1.79999e+06	0
1.80009e+06	0
1.80019e+06	0
1.80029e+06	0
1.80039e+06	0
1.80049e+06	0
1.80059e+06	0
1.80069e+06	0
1.80079e+06	0
1.80089e+06	0
1.80099e+06	0
1.80109e+06	0
1.80119e+06	0
1.80129e+06	0
1.80139e+06	0
1.80149e+06	0
1.80159e+06	0
1.80169e+06	0
1.80179e+06	0
1.80189e+06	0
1.80199e+06	0
1.80209e+06	0
1.80219e+06	0
1.80229e+06	0
1.80239e+06	0
1.80249e+06	0
1.80259e+06	0
1.80269e+06	0
1.80279e+06	0
1.80289e+06	0
1.80299e+06	0
1.80309e+06	0
1.80319e+06	0
1.80329e+06	0
1.80339e+06	0
1.80349e+06	0
1.80359e+06	0
1.80369e+06	0
1.80379e+06	0
1.80389e+06	0
1.80399e+06	0
1.80409e+06	0
1.80419e+06	0
1.80429e+06	0
1.80439e+06	0
1.80449e+06	0
1.80459e+06	0
1.80469e+06	0
1.80479e+06	0
1.80489e+06	0
1.80499e+06	0
1.80509e+06	0
1.80519e+06	0
1.80529e+06	0
1.80539e+06	0
1.80549e+06	0
1.80559e+06	0
1.80569e+06	0
1.80579e+06	0
1.80589e+06	0
1.80599e+06	0
1.80609e+06	0
1.80619e+06	0
1.80629e+06	0
1.80639e+06	0
1.80649e+06	0
1.80659e+06	0
1.80669e+06	0
1.80679e+06	0
1.80689e+06	0
1.80699e+06	0
1.80709e+06	0
1.80719e+06	0
1.80729e+06	0
1.80739e+06	0
1.80749e+06	0
1.80759e+06	0
1.80769e+06	0
1.80779e+06	0
1.80789e+06	0
1.80799e+06	0
1.80809e+06	0
1.80819e+06	0
1.80829e+06	0
1.80839e+06	0
1.80849e+06	0
1.80859e+06	0
1.80869e+06	0
1.80879e+06	0
1.80889e+06	0
1.80899e+06	0
1.80909e+06	0
1.80919e+06	0
1.80929e+06	0
1.80939e+06	0
1.80949e+06	0
1.80959e+06	0
1.80969e+06	0
1.80979e+06	0
1.80989e+06	0
1.80999e+06	0
1.81009e+06	0
1.81019e+06	0
1.81029e+06	0
1.81039e+06	0
1.81049e+06	0
1.81059e+06	0
1.81069e+06	0
1.81079e+06	0
1.81089e+06	0
1.81099e+06	0
1.81109e+06	0
1.81119e+06	0
1.81129e+06	0
1.81139e+06	0
1.81149e+06	0
1.81159e+06	0
1.81169e+06	0
1.81179e+06	0
1.81189e+06	0
1.81199e+06	0
1.81209e+06	0
1.81219e+06	0
1.81229e+06	0
1.81239e+06	0
1.81249e+06	0
1.81259e+06	0
1.81269e+06	0
1.81279e+06	0
1.81289e+06	0
1.81299e+06	0
1.81309e+06	0
1.81319e+06	0
1.81329e+06	0
1.81339e+06	0
1.81349e+06	0
1.81359e+06	0
1.81369e+06	0
1.81379e+06	0
1.81389e+06	0
1.81399e+06	0
1.81409e+06	0
1.81419e+06	0
1.81429e+06	0
1.81439e+06	0
1.81449e+06	0
1.81459e+06	0
1.81469e+06	0
1.81479e+06	0
1.81489e+06	0
1.81499e+06	0
1.81509e+06	0
1.81519e+06	0
1.81529e+06	0
1.81539e+06	0
1.81549e+06	0
1.81559e+06	0
1.81569e+06	0
1.81579e+06	0
1.81589e+06	0
1.81599e+06	0
1.81609e+06	0
1.81619e+06	0
1.81629e+06	0
1.81639e+06	0
1.81649e+06	0
1.81659e+06	0
1.81669e+06	0
1.81679e+06	0
1.81689e+06	0
1.81699e+06	0
1.81709e+06	0
1.81719e+06	0
1.81729e+06	0
1.81739e+06	0
1.81749e+06	0
1.81759e+06	0
1.81769e+06	0
1.81779e+06	0
1.81789e+06	0
1.81799e+06	0
1.81809e+06	0
1.81819e+06	0
1.81829e+06	0
1.81839e+06	0
1.81849e+06	0
1.81859e+06	0
1.81869e+06	0
1.81879e+06	0
1.81889e+06	0
1.81899e+06	0
1.81909e+06	0
1.81919e+06	0
1.81929e+06	0
1.81939e+06	0
1.81949e+06	0
1.81959e+06	0
1.81969e+06	0
1.81979e+06	0
1.81989e+06	0
1.81999e+06	0
1.82009e+06	0
1.82019e+06	0
1.82029e+06	0
1.82039e+06	0
1.82049e+06	0
1.82059e+06	0
1.82069e+06	0
1.82079e+06	0
1.82089e+06	0
1.82099e+06	0
1.82109e+06	0
1.82119e+06	0
1.82129e+06	0
1.82139e+06	0
1.82149e+06	0
1.82159e+06	0
1.82169e+06	0
1.82179e+06	0
1.82189e+06	0
1.82199e+06	0
1.82209e+06	0
1.82219e+06	0
1.82229e+06	0
1.82239e+06	0
1.82249e+06	0
1.82259e+06	0
1.82269e+06	0
1.82279e+06	0
1.82289e+06	0
1.82299e+06	0
1.82309e+06	0
1.82319e+06	0
1.82329e+06	0
1.82339e+06	0
1.82349e+06	0
1.82359e+06	0
1.82369e+06	0
1.82379e+06	0
1.82389e+06	0
1.82399e+06	0
1.82409e+06	0
1.82419e+06	0
1.82429e+06	0
1.82439e+06	0
1.82449e+06	0
1.82459e+06	0
1.82469e+06	0
1.82479e+06	0
1.82489e+06	0
1.82499e+06	0
1.82509e+06	0
1.82519e+06	0
1.82529e+06	0
1.82539e+06	0
1.82549e+06	0
1.82559e+06	0
1.82569e+06	0
1.82579e+06	0
1.82589e+06	0
1.82599e+06	0
1.82609e+06	0
1.82619e+06	0
1.82629e+06	0
1.82639e+06	0
1.82649e+06	0
1.82659e+06	0
1.82669e+06	0
1.82679e+06	0
1.82689e+06	0
1.82699e+06	0
1.82709e+06	0
1.82719e+06	0
1.82729e+06	0
1.82739e+06	0
1.82749e+06	0
1.82759e+06	0
1.82769e+06	0
1.82779e+06	0
1.82789e+06	0
1.82799e+06	0
1.82809e+06	0
1.82819e+06	0
1.82829e+06	0
1.82839e+06	0
1.82849e+06	0
1.82859e+06	0
1.82869e+06	0
1.82879e+06	0
1.82889e+06	0
1.82899e+06	0
1.82909e+06	0
1.82919e+06	0
1.82929e+06	0
1.82939e+06	0
1.82949e+06	0
1.82959e+06	0
1.82969e+06	0
1.82979e+06	0
1.82989e+06	0
1.82999e+06	0
1.83009e+06	0
1.83019e+06	0
1.83029e+06	0
1.83039e+06	0
1.83049e+06	0
1.83059e+06	0
1.83069e+06	0
1.83079e+06	0
1.83089e+06	0
1.83099e+06	0
1.83109e+06	0
1.83119e+06	0
1.83129e+06	0
1.83139e+06	0
1.83149e+06	0
1.83159e+06	0
1.83169e+06	0
1.83179e+06	0
1.83189e+06	0
1.83199e+06	0
1.83209e+06	0
1.83219e+06	0
1.83229e+06	0
1.83239e+06	0
1.83249e+06	0
1.83259e+06	0
1.83269e+06	0
1.83279e+06	0
1.83289e+06	0
1.83299e+06	0
1.83309e+06	0
1.83319e+06	0
1.83329e+06	0
1.83339e+06	0
1.83349e+06	0
1.83359e+06	0
1.83369e+06	0
1.83379e+06	0
1.83389e+06	0
1.83399e+06	0
1.83409e+06	0
1.83419e+06	0
1.83429e+06	0
1.83439e+06	0
1.83449e+06	0
1.83459e+06	0
1.83469e+06	0
1.83479e+06	0
1.83489e+06	0
1.83499e+06	0
1.83509e+06	0
1.83519e+06	0
1.83529e+06	0
1.83539e+06	0
1.83549e+06	0
1.83559e+06	0
1.83569e+06	0
1.83579e+06	0
1.83589e+06	0
1.83599e+06	0
1.83609e+06	0
1.83619e+06	0
1.83629e+06	0
1.83639e+06	0
1.83649e+06	0
1.83659e+06	0
1.83669e+06	0
1.83679e+06	0
1.83689e+06	0
1.83699e+06	0
1.83709e+06	0
1.83719e+06	0
1.83729e+06	0
1.83739e+06	0
1.83749e+06	0
1.83759e+06	0
1.83769e+06	0
1.83779e+06	0
1.83789e+06	0
1.83799e+06	0
1.83809e+06	0
1.83819e+06	0
1.83829e+06	0
1.83839e+06	0
1.83849e+06	0
1.83859e+06	0
1.83869e+06	0
1.83879e+06	0
1.83889e+06	0
1.83899e+06	0
1.83909e+06	0
1.83919e+06	0
1.83929e+06	0
1.83939e+06	0
1.83949e+06	0
1.83959e+06	0
1.83969e+06	0
1.83979e+06	0
1.83989e+06	0
1.83999e+06	0
1.84009e+06	0
1.84019e+06	0
1.84029e+06	0
1.84039e+06	0
1.84049e+06	0
1.84059e+06	0
1.84069e+06	0
1.84079e+06	0
1.84089e+06	0
1.84099e+06	0
1.84109e+06	0
1.84119e+06	0
1.84129e+06	0
1.84139e+06	0
1.84149e+06	0
1.84159e+06	0
1.84169e+06	0
1.84179e+06	0
1.84189e+06	0
1.84199e+06	0
1.84209e+06	0
1.84219e+06	0
1.84229e+06	0
1.84239e+06	0
1.84249e+06	0
1.84259e+06	0
1.84269e+06	0
1.84279e+06	0
1.84289e+06	0
1.84299e+06	0
1.84309e+06	0
1.84319e+06	0
1.84329e+06	0
1.84339e+06	0
1.84349e+06	0
1.84359e+06	0
1.84369e+06	0
1.84379e+06	0
1.84389e+06	0
1.84399e+06	0
1.84409e+06	0
1.84419e+06	0
1.84429e+06	0
1.84439e+06	0
1.84449e+06	0
1.84459e+06	0
1.84469e+06	0
1.84479e+06	0
1.84489e+06	0
1.84499e+06	0
1.84509e+06	0
1.84519e+06	0
1.84529e+06	0
1.84539e+06	0
1.84549e+06	0
1.84559e+06	0
1.84569e+06	0
1.84579e+06	0
1.84589e+06	0
1.84599e+06	0
1.84609e+06	0
1.84619e+06	0
1.84629e+06	0
1.84639e+06	0
1.84649e+06	0
1.84659e+06	0
1.84669e+06	0
1.84679e+06	0
1.84689e+06	0
1.84699e+06	0
1.84709e+06	0
1.84719e+06	0
1.84729e+06	0
1.84739e+06	0
1.84749e+06	0
1.84759e+06	0
1.84769e+06	0
1.84779e+06	0
1.84789e+06	0
1.84799e+06	0
1.84809e+06	0
1.84819e+06	0
1.84829e+06	0
1.84839e+06	0
1.84849e+06	0
1.84859e+06	0
1.84869e+06	0
1.84879e+06	0
1.84889e+06	0
1.84899e+06	0
1.84909e+06	0
1.84919e+06	0
1.84929e+06	0
1.84939e+06	0
1.84949e+06	0
1.84959e+06	0
1.84969e+06	0
1.84979e+06	0
1.84989e+06	0
1.84999e+06	0
1.85009e+06	0
1.85019e+06	0
1.85029e+06	0
1.85039e+06	0
1.85049e+06	0
1.85059e+06	0
1.85069e+06	0
1.85079e+06	0
1.85089e+06	0
1.85099e+06	0
1.85109e+06	0
1.85119e+06	0
1.85129e+06	0
1.85139e+06	0
1.85149e+06	0
1.85159e+06	0
1.85169e+06	0
1.85179e+06	0
1.85189e+06	0
1.85199e+06	0
1.85209e+06	0
1.85219e+06	0
1.85229e+06	0
1.85239e+06	0
1.85249e+06	0
1.85259e+06	0
1.85269e+06	0
1.85279e+06	0
1.85289e+06	0
1.85299e+06	0
1.85309e+06	0
1.85319e+06	0
1.85329e+06	0
1.85339e+06	0
1.85349e+06	0
1.85359e+06	0
1.85369e+06	0
1.85379e+06	0
1.85389e+06	0
1.85399e+06	0
1.85409e+06	0
1.85419e+06	0
1.85429e+06	0
1.85439e+06	0
1.85449e+06	0
1.85459e+06	0
1.85469e+06	0
1.85479e+06	0
1.85489e+06	0
1.85499e+06	0
1.85509e+06	0
1.85519e+06	0
1.85529e+06	0
1.85539e+06	0
1.85549e+06	0
1.85559e+06	0
1.85569e+06	0
1.85579e+06	0
1.85589e+06	0
1.85599e+06	0
1.85609e+06	0
1.85619e+06	0
1.85629e+06	0
1.85639e+06	0
1.85649e+06	0
1.85659e+06	0
1.85669e+06	0
1.85679e+06	0
1.85689e+06	0
1.85699e+06	0
1.85709e+06	0
1.85719e+06	0
1.85729e+06	0
1.85739e+06	0
1.85749e+06	0
1.85759e+06	0
1.85769e+06	0
1.85779e+06	0
1.85789e+06	0
1.85799e+06	0
1.85809e+06	0
1.85819e+06	0
1.85829e+06	0
1.85839e+06	0
1.85849e+06	0
1.85859e+06	0
1.85869e+06	0
1.85879e+06	0
1.85889e+06	0
1.85899e+06	0
1.85909e+06	0
1.85919e+06	0
1.85929e+06	0
1.85939e+06	0
1.85949e+06	0
1.85959e+06	0
1.85969e+06	0
1.85979e+06	0
1.85989e+06	0
1.85999e+06	0
1.86009e+06	0
1.86019e+06	0
1.86029e+06	0
1.86039e+06	0
1.86049e+06	0
1.86059e+06	0
1.86069e+06	0
1.86079e+06	0
1.86089e+06	0
1.86099e+06	0
1.86109e+06	0
1.86119e+06	0
1.86129e+06	0
1.86139e+06	0
1.86149e+06	0
1.86159e+06	0
1.86169e+06	0
1.86179e+06	0
1.86189e+06	0
1.86199e+06	0
1.86209e+06	0
1.86219e+06	0
1.86229e+06	0
1.86239e+06	0
1.86249e+06	0
1.86259e+06	0
1.86269e+06	0
1.86279e+06	0
1.86289e+06	0
1.86299e+06	0
1.86309e+06	0
1.86319e+06	0
1.86329e+06	0
1.86339e+06	0
1.86349e+06	0
1.86359e+06	0
1.86369e+06	0
1.86379e+06	0
1.86389e+06	0
1.86399e+06	0
1.86409e+06	0
1.86419e+06	0
1.86429e+06	0
1.86439e+06	0
1.86449e+06	0
1.86459e+06	0
1.86469e+06	0
1.86479e+06	0
1.86489e+06	0
1.86499e+06	0
1.86509e+06	0
1.86519e+06	0
1.86529e+06	0
1.86539e+06	0
1.86549e+06	0
1.86559e+06	0
1.86569e+06	0
1.86579e+06	0
1.86589e+06	0
1.86599e+06	0
1.86609e+06	0
1.86619e+06	0
1.86629e+06	0
1.86639e+06	0
1.86649e+06	0
1.86659e+06	0
1.86669e+06	0
1.86679e+06	0
1.86689e+06	0
1.86699e+06	0
1.86709e+06	0
1.86719e+06	0
1.86729e+06	0
1.86739e+06	0
1.86749e+06	0
1.86759e+06	0
1.86769e+06	0
1.86779e+06	0
1.86789e+06	0
1.86799e+06	0
1.86809e+06	0
1.86819e+06	0
1.86829e+06	0
1.86839e+06	0
1.86849e+06	0
1.86859e+06	0
1.86869e+06	0
1.86879e+06	0
1.86889e+06	0
1.86899e+06	0
1.86909e+06	0
1.86919e+06	0
1.86929e+06	0
1.86939e+06	0
1.86949e+06	0
1.86959e+06	0
1.86969e+06	0
1.86979e+06	0
1.86989e+06	0
1.86999e+06	0
1.87009e+06	0
1.87019e+06	0
1.87029e+06	0
1.87039e+06	0
1.87049e+06	0
1.87059e+06	0
1.87069e+06	0
1.87079e+06	0
1.87089e+06	0
1.87099e+06	0
1.87109e+06	0
1.87119e+06	0
1.87129e+06	0
1.87139e+06	0
1.87149e+06	0
1.87159e+06	0
1.87169e+06	0
1.87179e+06	0
1.87189e+06	0
1.87199e+06	0
1.87209e+06	0
1.87219e+06	0
1.87229e+06	0
1.87239e+06	0
1.87249e+06	0
1.87259e+06	0
1.87269e+06	0
1.87279e+06	0
1.87289e+06	0
1.87299e+06	0
1.87309e+06	0
1.87319e+06	0
1.87329e+06	0
1.87339e+06	0
1.87349e+06	0
1.87359e+06	0
1.87369e+06	0
1.87379e+06	0
1.87389e+06	0
1.87399e+06	0
1.87409e+06	0
1.87419e+06	0
1.87429e+06	0
1.87439e+06	0
1.87449e+06	0
1.87459e+06	0
1.87469e+06	0
1.87479e+06	0
1.87489e+06	0
1.87499e+06	0
1.87509e+06	0
1.87519e+06	0
1.87529e+06	0
1.87539e+06	0
1.87549e+06	0
1.87559e+06	0
1.87569e+06	0
1.87579e+06	0
1.87589e+06	0
1.87599e+06	0
1.87609e+06	0
1.87619e+06	0
1.87629e+06	0
1.87639e+06	0
1.87649e+06	0
1.87659e+06	0
1.87669e+06	0
1.87679e+06	0
1.87689e+06	0
1.87699e+06	0
1.87709e+06	0
1.87719e+06	0
1.87729e+06	0
1.87739e+06	0
1.87749e+06	0
1.87759e+06	0
1.87769e+06	0
1.87779e+06	0
1.87789e+06	0
1.87799e+06	0
1.87809e+06	0
1.87819e+06	0
1.87829e+06	0
1.87839e+06	0
1.87849e+06	0
1.87859e+06	0
1.87869e+06	0
1.87879e+06	0
1.87889e+06	0
1.87899e+06	0
1.87909e+06	0
1.87919e+06	0
1.87929e+06	0
1.87939e+06	0
1.87949e+06	0
1.87959e+06	0
1.87969e+06	0
1.87979e+06	0
1.87989e+06	0
1.87999e+06	0
1.88009e+06	0
1.88019e+06	0
1.88029e+06	0
1.88039e+06	0
1.88049e+06	0
1.88059e+06	0
1.88069e+06	0
1.88079e+06	0
1.88089e+06	0
1.88099e+06	0
1.88109e+06	0
1.88119e+06	0
1.88129e+06	0
1.88139e+06	0
1.88149e+06	0
1.88159e+06	0
1.88169e+06	0
1.88179e+06	0
1.88189e+06	0
1.88199e+06	0
1.88209e+06	0
1.88219e+06	0
1.88229e+06	0
1.88239e+06	0
1.88249e+06	0
1.88259e+06	0
1.88269e+06	0
1.88279e+06	0
1.88289e+06	0
1.88299e+06	0
1.88309e+06	0
1.88319e+06	0
1.88329e+06	0
1.88339e+06	0
1.88349e+06	0
1.88359e+06	0
1.88369e+06	0
1.88379e+06	0
1.88389e+06	0
1.88399e+06	0
1.88409e+06	0
1.88419e+06	0
1.88429e+06	0
1.88439e+06	0
1.88449e+06	0
1.88459e+06	0
1.88469e+06	0
1.88479e+06	0
1.88489e+06	0
1.88499e+06	0
1.88509e+06	0
1.88519e+06	0
1.88529e+06	0
1.88539e+06	0
1.88549e+06	0
1.88559e+06	0
1.88569e+06	0
1.88579e+06	0
1.88589e+06	0
1.88599e+06	0
1.88609e+06	0
1.88619e+06	0
1.88629e+06	0
1.88639e+06	0
1.88649e+06	0
1.88659e+06	0
1.88669e+06	0
1.88679e+06	0
1.88689e+06	0
1.88699e+06	0
1.88709e+06	0
1.88719e+06	0
1.88729e+06	0
1.88739e+06	0
1.88749e+06	0
1.88759e+06	0
1.88769e+06	0
1.88779e+06	0
1.88789e+06	0
1.88799e+06	0
1.88809e+06	0
1.88819e+06	0
1.88829e+06	0
1.88839e+06	0
1.88849e+06	0
1.88859e+06	0
1.88869e+06	0
1.88879e+06	0
1.88889e+06	0
1.88899e+06	0
1.88909e+06	0
1.88919e+06	0
1.88929e+06	0
1.88939e+06	0
1.88949e+06	0
1.88959e+06	0
1.88969e+06	0
1.88979e+06	0
1.88989e+06	0
1.88999e+06	0
1.89009e+06	0
1.89019e+06	0
1.89029e+06	0
1.89039e+06	0
1.89049e+06	0
1.89059e+06	0
1.89069e+06	0
1.89079e+06	0
1.89089e+06	0
1.89099e+06	0
1.89109e+06	0
1.89119e+06	0
1.89129e+06	0
1.89139e+06	0
1.89149e+06	0
1.89159e+06	0
1.89169e+06	0
1.89179e+06	0
1.89189e+06	0
1.89199e+06	0
1.89209e+06	0
1.89219e+06	0
1.89229e+06	0
1.89239e+06	0
1.89249e+06	0
1.89259e+06	0
1.89269e+06	0
1.89279e+06	0
1.89289e+06	0
1.89299e+06	0
1.89309e+06	0
1.89319e+06	0
1.89329e+06	0
1.89339e+06	0
1.89349e+06	0
1.89359e+06	0
1.89369e+06	0
1.89379e+06	0
1.89389e+06	0
1.89399e+06	0
1.89409e+06	0
1.89419e+06	0
1.89429e+06	0
1.89439e+06	0
1.89449e+06	0
1.89459e+06	0
1.89469e+06	0
1.89479e+06	0
1.89489e+06	0
1.89499e+06	0
1.89509e+06	0
1.89519e+06	0
1.89529e+06	0
1.89539e+06	0
1.89549e+06	0
1.89559e+06	0
1.89569e+06	0
1.89579e+06	0
1.89589e+06	0
1.89599e+06	0
1.89609e+06	0
1.89619e+06	0
1.89629e+06	0
1.89639e+06	0
1.89649e+06	0
1.89659e+06	0
1.89669e+06	0
1.89679e+06	0
1.89689e+06	0
1.89699e+06	0
1.89709e+06	0
1.89719e+06	0
1.89729e+06	0
1.89739e+06	0
1.89749e+06	0
1.89759e+06	0
1.89769e+06	0
1.89779e+06	0
1.89789e+06	0
1.89799e+06	0
1.89809e+06	0
1.89819e+06	0
1.89829e+06	0
1.89839e+06	0
1.89849e+06	0
1.89859e+06	0
1.89869e+06	0
1.89879e+06	0
1.89889e+06	0
1.89899e+06	0
1.89909e+06	0
1.89919e+06	0
1.89929e+06	0
1.89939e+06	0
1.89949e+06	0
1.89959e+06	0
1.89969e+06	0
1.89979e+06	0
1.89989e+06	0
1.89999e+06	0
1.90009e+06	0
1.90019e+06	0
1.90029e+06	0
1.90039e+06	0
1.90049e+06	0
1.90059e+06	0
1.90069e+06	0
1.90079e+06	0
1.90089e+06	0
1.90099e+06	0
1.90109e+06	0
1.90119e+06	0
1.90129e+06	0
1.90139e+06	0
1.90149e+06	0
1.90159e+06	0
1.90169e+06	0
1.90179e+06	0
1.90189e+06	0
1.90199e+06	0
1.90209e+06	0
1.90219e+06	0
1.90229e+06	0
1.90239e+06	0
1.90249e+06	0
1.90259e+06	0
1.90269e+06	0
1.90279e+06	0
1.90289e+06	0
1.90299e+06	0
1.90309e+06	0
1.90319e+06	0
1.90329e+06	0
1.90339e+06	0
1.90349e+06	0
1.90359e+06	0
1.90369e+06	0
1.90379e+06	0
1.90389e+06	0
1.90399e+06	0
1.90409e+06	0
1.90419e+06	0
1.90429e+06	0
1.90439e+06	0
1.90449e+06	0
1.90459e+06	0
1.90469e+06	0
1.90479e+06	0
1.90489e+06	0
1.90499e+06	0
1.90509e+06	0
1.90519e+06	0
1.90529e+06	0
1.90539e+06	0
1.90549e+06	0
1.90559e+06	0
1.90569e+06	0
1.90579e+06	0
1.90589e+06	0
1.90599e+06	0
1.90609e+06	0
1.90619e+06	0
1.90629e+06	0
1.90639e+06	0
1.90649e+06	0
1.90659e+06	0
1.90669e+06	0
1.90679e+06	0
1.90689e+06	0
1.90699e+06	0
1.90709e+06	0
1.90719e+06	0
1.90729e+06	0
1.90739e+06	0
1.90749e+06	0
1.90759e+06	0
1.90769e+06	0
1.90779e+06	0
1.90789e+06	0
1.90799e+06	0
1.90809e+06	0
1.90819e+06	0
1.90829e+06	0
1.90839e+06	0
1.90849e+06	0
1.90859e+06	0
1.90869e+06	0
1.90879e+06	0
1.90889e+06	0
1.90899e+06	0
1.90909e+06	0
1.90919e+06	0
1.90929e+06	0
1.90939e+06	0
1.90949e+06	0
1.90959e+06	0
1.90969e+06	0
1.90979e+06	0
1.90989e+06	0
1.90999e+06	0
1.91009e+06	0
1.91019e+06	0
1.91029e+06	0
1.91039e+06	0
1.91049e+06	0
1.91059e+06	0
1.91069e+06	0
1.91079e+06	0
1.91089e+06	0
1.91099e+06	0
1.91109e+06	0
1.91119e+06	0
1.91129e+06	0
1.91139e+06	0
1.91149e+06	0
1.91159e+06	0
1.91169e+06	0
1.91179e+06	0
1.91189e+06	0
1.91199e+06	0
1.91209e+06	0
1.91219e+06	0
1.91229e+06	0
1.91239e+06	0
1.91249e+06	0
1.91259e+06	0
1.91269e+06	0
1.91279e+06	0
1.91289e+06	0
1.91299e+06	0
1.91309e+06	0
1.91319e+06	0
1.91329e+06	0
1.91339e+06	0
1.91349e+06	0
1.91359e+06	0
1.91369e+06	0
1.91379e+06	0
1.91389e+06	0
1.91399e+06	0
1.91409e+06	0
1.91419e+06	0
1.91429e+06	0
1.91439e+06	0
1.91449e+06	0
1.91459e+06	0
1.91469e+06	0
1.91479e+06	0
1.91489e+06	0
1.91499e+06	0
1.91509e+06	0
1.91519e+06	0
1.91529e+06	0
1.91539e+06	0
1.91549e+06	0
1.91559e+06	0
1.91569e+06	0
1.91579e+06	0
1.91589e+06	0
1.91599e+06	0
1.91609e+06	0
1.91619e+06	0
1.91629e+06	0
1.91639e+06	0
1.91649e+06	0
1.91659e+06	0
1.91669e+06	0
1.91679e+06	0
1.91689e+06	0
1.91699e+06	0
1.91709e+06	0
1.91719e+06	0
1.91729e+06	0
1.91739e+06	0
1.91749e+06	0
1.91759e+06	0
1.91769e+06	0
1.91779e+06	0
1.91789e+06	0
1.91799e+06	0
1.91809e+06	0
1.91819e+06	0
1.91829e+06	0
1.91839e+06	0
1.91849e+06	0
1.91859e+06	0
1.91869e+06	0
1.91879e+06	0
1.91889e+06	0
1.91899e+06	0
1.91909e+06	0
1.91919e+06	0
1.91929e+06	0
1.91939e+06	0
1.91949e+06	0
1.91959e+06	0
1.91969e+06	0
1.91979e+06	0
1.91989e+06	0
1.91999e+06	0
1.92009e+06	0
1.92019e+06	0
1.92029e+06	0
1.92039e+06	0
1.92049e+06	0
1.92059e+06	0
1.92069e+06	0
1.92079e+06	0
1.92089e+06	0
1.92099e+06	0
1.92109e+06	0
1.92119e+06	0
1.92129e+06	0
1.92139e+06	0
1.92149e+06	0
1.92159e+06	0
1.92169e+06	0
1.92179e+06	0
1.92189e+06	0
1.92199e+06	0
1.92209e+06	0
1.92219e+06	0
1.92229e+06	0
1.92239e+06	0
1.92249e+06	0
1.92259e+06	0
1.92269e+06	0
1.92279e+06	0
1.92289e+06	0
1.92299e+06	0
1.92309e+06	0
1.92319e+06	0
1.92329e+06	0
1.92339e+06	0
1.92349e+06	0
1.92359e+06	0
1.92369e+06	0
1.92379e+06	0
1.92389e+06	0
1.92399e+06	0
1.92409e+06	0
1.92419e+06	0
1.92429e+06	0
1.92439e+06	0
1.92449e+06	0
1.92459e+06	0
1.92469e+06	0
1.92479e+06	0
1.92489e+06	0
1.92499e+06	0
1.92509e+06	0
1.92519e+06	0
1.92529e+06	0
1.92539e+06	0
1.92549e+06	0
1.92559e+06	0
1.92569e+06	0
1.92579e+06	0
1.92589e+06	0
1.92599e+06	0
1.92609e+06	0
1.92619e+06	0
1.92629e+06	0
1.92639e+06	0
1.92649e+06	0
1.92659e+06	0
1.92669e+06	0
1.92679e+06	0
1.92689e+06	0
1.92699e+06	0
1.92709e+06	0
1.92719e+06	0
1.92729e+06	0
1.92739e+06	0
1.92749e+06	0
1.92759e+06	0
1.92769e+06	0
1.92779e+06	0
1.92789e+06	0
1.92799e+06	0
1.92809e+06	0
1.92819e+06	0
1.92829e+06	0
1.92839e+06	0
1.92849e+06	0
1.92859e+06	0
1.92869e+06	0
1.92879e+06	0
1.92889e+06	0
1.92899e+06	0
1.92909e+06	0
1.92919e+06	0
1.92929e+06	0
1.92939e+06	0
1.92949e+06	0
1.92959e+06	0
1.92969e+06	0
1.92979e+06	0
1.92989e+06	0
1.92999e+06	0
1.93009e+06	0
1.93019e+06	0
1.93029e+06	0
1.93039e+06	0
1.93049e+06	0
1.93059e+06	0
1.93069e+06	0
1.93079e+06	0
1.93089e+06	0
1.93099e+06	0
1.93109e+06	0
1.93119e+06	0
1.93129e+06	0
1.93139e+06	0
1.93149e+06	0
1.93159e+06	0
1.93169e+06	0
1.93179e+06	0
1.93189e+06	0
1.93199e+06	0
1.93209e+06	0
1.93219e+06	0
1.93229e+06	0
1.93239e+06	0
1.93249e+06	0
1.93259e+06	0
1.93269e+06	0
1.93279e+06	0
1.93289e+06	0
1.93299e+06	0
1.93309e+06	0
1.93319e+06	0
1.93329e+06	0
1.93339e+06	0
1.93349e+06	0
1.93359e+06	0
1.93369e+06	0
1.93379e+06	0
1.93389e+06	0
1.93399e+06	0
1.93409e+06	0
1.93419e+06	0
1.93429e+06	0
1.93439e+06	0
1.93449e+06	0
1.93459e+06	0
1.93469e+06	0
1.93479e+06	0
1.93489e+06	0
1.93499e+06	0
1.93509e+06	0
1.93519e+06	0
1.93529e+06	0
1.93539e+06	0
1.93549e+06	0
1.93559e+06	0
1.93569e+06	0
1.93579e+06	0
1.93589e+06	0
1.93599e+06	0
1.93609e+06	0
1.93619e+06	0
1.93629e+06	0
1.93639e+06	0
1.93649e+06	0
1.93659e+06	0
1.93669e+06	0
1.93679e+06	0
1.93689e+06	0
1.93699e+06	0
1.93709e+06	0
1.93719e+06	0
1.93729e+06	0
1.93739e+06	0
1.93749e+06	0
1.93759e+06	0
1.93769e+06	0
1.93779e+06	0
1.93789e+06	0
1.93799e+06	0
1.93809e+06	9.88131e-324
1.93819e+06	4.79244e-322
1.93829e+06	2.20551e-320
1.93839e+06	1.00738e-318
1.93849e+06	4.55591e-317
1.93859e+06	2.03993e-315
1.93869e+06	9.04297e-314
1.93879e+06	3.96885e-312
1.93889e+06	1.72455e-310
1.93899e+06	7.41896e-309
1.93909e+06	3.15986e-307
1.93919e+06	1.33245e-305
1.93929e+06	5.56273e-304
1.93939e+06	2.29924e-302
1.93949e+06	9.40887e-301
1.93959e+06	3.81195e-299
1.93969e+06	1.52902e-297
1.93979e+06	6.0721e-296
1.93989e+06	2.38737e-294
1.93999e+06	9.29305e-293
1.94009e+06	3.5814e-291
1.94019e+06	1.36649e-289
1.94029e+06	5.16197e-288
1.94039e+06	1.93055e-286
1.94049e+06	7.14834e-285
1.94059e+06	2.62051e-283
1.94069e+06	9.51094e-282
1.94079e+06	3.41758e-280
1.94089e+06	1.21582e-278
1.94099e+06	4.28232e-277
1.94109e+06	1.49329e-275
1.94119e+06	5.15546e-274
1.94129e+06	1.76217e-272
1.94139e+06	5.96327e-271
1.94149e+06	1.99792e-269
1.94159e+06	6.6272e-268
1.94169e+06	2.1764e-266
1.94179e+06	7.07625e-265
1.94189e+06	2.27785e-263
1.94199e+06	7.25947e-262
1.94209e+06	2.29056e-260
1.94219e+06	7.15542e-259
1.94229e+06	2.21302e-257
1.94239e+06	6.77631e-256
1.94249e+06	2.05427e-254
1.94259e+06	6.16566e-253
1.94269e+06	1.83214e-251
1.94279e+06	5.39007e-250
1.94289e+06	1.56995e-248
1.94299e+06	4.52728e-247
1.94309e+06	1.29254e-245
1.94319e+06	3.65349e-244
1.94329e+06	1.02242e-242
1.94339e+06	2.83274e-241
1.94349e+06	7.77039e-240
1.94359e+06	2.11025e-238
1.94369e+06	5.67393e-237
1.94379e+06	1.5104e-235
1.94389e+06	3.98065e-234
1.94399e+06	1.03866e-232
1.94409e+06	2.68319e-231
1.94419e+06	6.86257e-230
1.94429e+06	1.73771e-228
1.94439e+06	4.35639e-227
1.94449e+06	1.08127e-225
1.94459e+06	2.65703e-224
1.94469e+06	6.46421e-223
1.94479e+06	1.55701e-221
1.94489e+06	3.71301e-220
1.94499e+06	8.76633e-219
1.94509e+06	2.04911e-217
1.94519e+06	4.7421e-216
1.94529e+06	1.08651e-214
1.94539e+06	2.46463e-213
1.94549e+06	5.53514e-212
1.94559e+06	1.23073e-210
1.94569e+06	2.70927e-209
1.94579e+06	5.90473e-208
1.94589e+06	1.2741e-206
1.94599e+06	2.72186e-205
1.94609e+06	5.75685e-204
1.94619e+06	1.20548e-202
1.94629e+06	2.49916e-201
1.94639e+06	5.1296e-200
1.94649e+06	1.04239e-198
1.94659e+06	2.09717e-197
1.94669e+06	4.1773e-196
1.94679e+06	8.23785e-195
1.94689e+06	1.60838e-193
1.94699e+06	3.109e-192
1.94709e+06	5.94991e-191
1.94719e+06	1.12734e-189
1.94729e+06	2.11476e-188
1.94739e+06	3.92754e-187
1.94749e+06	7.22168e-186
1.94759e+06	1.31466e-184
1.94769e+06	2.36943e-183
1.94779e+06	4.22798e-182
1.94789e+06	7.46928e-181
1.94799e+06	1.30642e-179
1.94809e+06	2.26226e-178
1.94819e+06	3.87845e-177
1.94829e+06	6.58313e-176
1.94839e+06	1.10628e-174
1.94849e+06	1.84057e-173
1.94859e+06	3.03178e-172
1.94869e+06	4.94424e-171
1.94879e+06	7.98287e-170
1.94889e+06	1.27607e-168
1.94899e+06	2.01952e-167
1.94909e+06	3.16431e-166
1.94919e+06	4.90871e-165
1.94929e+06	7.53897e-164
1.94939e+06	1.14634e-162
1.94949e+06	1.72573e-161
1.94959e+06	2.5721e-160
1.94969e+06	3.79543e-159
1.94979e+06	5.54487e-158
1.94989e+06	8.02008e-157
1.94999e+06	1.14848e-155
1.95009e+06	1.62826e-154
1.95019e+06	2.28551e-153
1.95029e+06	3.17613e-152
1.95039e+06	4.36989e-151
1.95049e+06	5.95251e-150
1.95059e+06	8.02762e-149
1.95069e+06	1.07184e-147
1.95079e+06	1.41687e-146
1.95089e+06	1.85434e-145
1.95099e+06	2.40273e-144
1.95109e+06	3.08231e-143
1.95119e+06	3.91477e-142
1.95129e+06	4.92257e-141
1.95139e+06	6.12824e-140
1.95149e+06	7.55329e-139
1.95159e+06	9.21709e-138
1.95169e+06	1.11355e-136
1.95179e+06	1.33193e-135
1.95189e+06	1.57728e-134
1.95199e+06	1.84925e-133
1.95209e+06	2.14654e-132
1.95219e+06	2.46683e-131
1.95229e+06	2.8067e-130
1.95239e+06	3.16163e-129
1.95249e+06	3.526e-128
1.95259e+06	3.89324e-127
1.95269e+06	4.25596e-126
1.95279e+06	4.60617e-125
1.95289e+06	4.9356e-124
1.95299e+06	5.23598e-123
1.95309e+06	5.49936e-122
1.95319e+06	5.71852e-121
1.95329e+06	5.88725e-120
1.95339e+06	6.00065e-119
1.95349e+06	6.05538e-118
1.95359e+06	6.04981e-117
1.95369e+06	5.98411e-116
1.95379e+06	5.86022e-115
1.95389e+06	5.6818e-114
1.95399e+06	5.454e-113
1.95409e+06	5.18324e-112
1.95419e+06	4.87691e-111
1.95429e+06	4.54303e-110
1.95439e+06	4.1899e-109
1.95449e+06	3.82577e-108
1.95459e+06	3.45853e-107
1.95469e+06	3.09543e-106
1.95479e+06	2.74289e-105
1.95489e+06	2.40631e-104
1.95499e+06	2.09004e-103
1.95509e+06	1.79727e-102
1.95519e+06	1.53013e-101
1.95529e+06	1.28974e-100
1.95539e+06	1.0763e-99
1.95549e+06	8.89245e-99
1.95559e+06	7.27389e-98
1.95569e+06	5.89074e-97
1.95579e+06	4.72313e-96
1.95589e+06	3.74928e-95
1.95599e+06	2.94661e-94
1.95609e+06	2.29275e-93
1.95619e+06	1.76623e-92
1.95629e+06	1.34708e-91
1.95639e+06	1.01718e-90
1.95649e+06	7.60434e-90
1.95659e+06	5.62836e-89
1.95669e+06	4.12439e-88
1.95679e+06	2.99223e-87
1.95689e+06	2.14926e-86
1.95699e+06	1.52841e-85
1.95709e+06	1.07609e-84
1.95719e+06	7.50092e-84
1.95729e+06	5.17653e-83
1.95739e+06	3.53688e-82
1.95749e+06	2.39255e-81
1.95759e+06	1.60235e-80
1.95769e+06	1.06246e-79
1.95779e+06	6.97473e-79
1.95789e+06	4.53314e-78
1.95799e+06	2.91695e-77
1.95809e+06	1.8583e-76
1.95819e+06	1.1721e-75
1.95829e+06	7.31926e-75
1.95839e+06	4.52512e-74
1.95849e+06	2.76981e-73
1.95859e+06	1.67853e-72
1.95869e+06	1.00709e-71
1.95879e+06	5.98225e-71
1.95889e+06	3.51819e-70
1.95899e+06	2.04849e-69
1.95909e+06	1.18088e-68
1.95919e+06	6.73965e-68
1.95929e+06	3.80827e-67
1.95939e+06	2.13048e-66
1.95949e+06	1.18001e-65
1.95959e+06	6.47074e-65
1.95969e+06	3.51302e-64
1.95979e+06	1.88829e-63
1.95989e+06	1.00488e-62
1.95999e+06	5.29445e-62
1.96009e+06	2.76177e-61
1.96019e+06	1.42631e-60
1.96029e+06	7.29288e-60
1.96039e+06	3.69187e-59
1.96049e+06	1.85035e-58
1.96059e+06	9.18165e-58
1.96069e+06	4.51076e-57
1.96079e+06	2.19401e-56
1.96089e+06	1.05655e-55
1.96099e+06	5.03735e-55
1.96109e+06	2.3778e-54
1.96119e+06	1.11125e-53
1.96129e+06	5.14174e-53
1.96139e+06	2.35543e-52
1.96149e+06	1.0683e-51
1.96159e+06	4.7971e-51
1.96169e+06	2.13269e-50
1.96179e+06	9.38729e-50
1.96189e+06	4.09088e-49
1.96199e+06	1.76505e-48
1.96209e+06	7.53984e-48
1.96219e+06	3.18883e-47
1.96229e+06	1.33526e-46
1.96239e+06	5.53563e-46
1.96249e+06	2.27213e-45
1.96259e+06	9.23352e-45
1.96269e+06	3.71507e-44
1.96279e+06	1.47991e-43
1.96289e+06	5.83674e-43
1.96299e+06	2.27916e-42
1.96309e+06	8.81144e-42
1.96319e+06	3.37279e-41
1.96329e+06	1.27821e-40
1.96339e+06	4.79608e-40
1.96349e+06	1.78173e-39
1.96359e+06	6.55343e-39
1.96369e+06	2.38654e-38
1.96379e+06	8.60484e-38
1.96389e+06	3.07179e-37
1.96399e+06	1.08571e-36
1.96409e+06	3.79941e-36
1.96419e+06	1.31642e-35
1.96429e+06	4.51595e-35
1.96439e+06	1.53385e-34
1.96449e+06	5.1582e-34
1.96459e+06	1.71749e-33
1.96469e+06	5.66204e-33
1.96479e+06	1.84814e-32
1.96489e+06	5.97286e-32
1.96499e+06	1.91124e-31
1.96509e+06	6.05531e-31
1.96519e+06	1.89953e-30
1.96529e+06	5.89992e-30
1.96539e+06	1.81442e-29
1.96549e+06	5.5249e-29
1.96559e+06	1.66573e-28
1.96569e+06	4.9726e-28
1.96579e+06	1.46981e-27
1.96589e+06	4.30168e-27
1.96599e+06	1.24658e-26
1.96609e+06	3.57688e-26
1.96619e+06	1.01624e-25
1.96629e+06	2.8589e-25
1.96639e+06	7.96364e-25
1.96649e+06	2.19654e-24
1.96659e+06	5.99904e-24
1.96669e+06	1.62235e-23
1.96679e+06	4.34438e-23
1.96689e+06	1.15196e-22
1.96699e+06	3.02463e-22
1.96709e+06	7.86389e-22
1.96719e+06	2.02459e-21
1.96729e+06	5.16146e-21
1.96739e+06	1.30301e-20
1.96749e+06	3.25736e-20
1.96759e+06	8.06363e-20
1.96769e+06	1.97672e-19
1.96779e+06	4.79859e-19
1.96789e+06	1.15356e-18
1.96799e+06	2.74617e-18
1.96809e+06	6.47412e-18
1.96819e+06	1.51148e-17
1.96829e+06	3.49461e-17
1.96839e+06	8.00152e-17
1.96849e+06	1.81438e-16
1.96859e+06	4.07447e-16
1.96869e+06	9.06159e-16
1.96879e+06	1.99588e-15
1.96889e+06	4.35374e-15
1.96899e+06	9.40582e-15
1.96909e+06	2.01252e-14
1.96919e+06	4.26479e-14
1.96929e+06	8.95106e-14
1.96939e+06	1.8607e-13
1.96949e+06	3.83094e-13
1.96959e+06	7.8121e-13
1.96969e+06	1.57786e-12
1.96979e+06	3.15656e-12
1.96989e+06	6.25469e-12
1.96999e+06	1.22758e-11
1.97009e+06	2.38645e-11
1.97019e+06	4.59532e-11
1.97029e+06	8.76488e-11
1.97039e+06	1.65595e-10
1.97049e+06	3.099e-10
1.97059e+06	5.7448e-10
1.97069e+06	1.0549e-09
1.97079e+06	1.91882e-09
1.97089e+06	3.45738e-09
1.97099e+06	6.17097e-09
1.97109e+06	1.09108e-08
1.97119e+06	1.91099e-08
1.97129e+06	3.31561e-08
1.97139e+06	5.69866e-08
1.97149e+06	9.70262e-08
1.97159e+06	1.63649e-07
1.97169e+06	2.73432e-07
1.97179e+06	4.52582e-07
1.97189e+06	7.42091e-07
1.97199e+06	1.2054e-06
1.97209e+06	1.93963e-06
1.97219e+06	3.09187e-06
1.97229e+06	4.88244e-06
1.97239e+06	7.63777e-06
1.97249e+06	1.18361e-05
1.97259e+06	1.81704e-05
1.97269e+06	2.7633e-05
1.97279e+06	4.16296e-05
1.97289e+06	6.21273e-05
1.97299e+06	9.18477e-05
1.97309e+06	0.00013451
1.97319e+06	0.000195139
1.97329e+06	0.000280432
1.97339e+06	0.000399214
1.97349e+06	0.000562954
1.97359e+06	0.000786372
1.97369e+06	0.00108809
1.97379e+06	0.00149136
1.97389e+06	0.00202476
1.97399e+06	0.00272292
1.97409e+06	0.00362713
1.97419e+06	0.00478579
1.97429e+06	0.00625462
1.97439e+06	0.00809657
1.97449e+06	0.0103812
1.97459e+06	0.0131838
1.97469e+06	0.0165833
1.97479e+06	0.0206602
1.97489e+06	0.0254934
1.97499e+06	0.0311562
1.97509e+06	0.0377121
1.97519e+06	0.0452096
1.97529e+06	0.0536773
1.97539e+06	0.0631185
1.97549e+06	0.0735059
1.97559e+06	0.0847781
1.97569e+06	0.0968358
1.97579e+06	0.109541
1.97589e+06	0.122715
1.97599e+06	0.136143
1.97609e+06	0.149579
1.97619e+06	0.162747
1.97629e+06	0.175356
1.97639e+06	0.187108
1.97649e+06	0.197706
1.97659e+06	0.206872
1.97669e+06	0.214355
1.97679e+06	0.219944
1.97689e+06	0.223477
1.97699e+06	0.224851
1.97709e+06	0.224024
1.97719e+06	0.221017
1.97729e+06	0.215917
1.97739e+06	0.20887
1.97749e+06	0.200074
1.97759e+06	0.189769
1.97769e+06	0.17823
1.97779e+06	0.16575
1.97789e+06	0.152629
1.97799e+06	0.139166
1.97809e+06	0.125644
1.97819e+06	0.112319
1.97829e+06	0.0994199
1.97839e+06	0.0871356
1.97849e+06	0.0756171
1.97859e+06	0.0649747
1.97869e+06	0.0552801
1.97879e+06	0.0465685
1.97889e+06	0.0388433
1.97899e+06	0.0320806
1.97909e+06	0.0262347
1.97919e+06	0.0212436
1.97929e+06	0.0170338
1.97939e+06	0.0135256
1.97949e+06	0.0106366
1.97959e+06	0.00828572
1.97969e+06	0.00639518
1.97979e+06	0.00489287
1.97989e+06	0.00371343
1.97999e+06	0.00279887
1.98009e+06	0.0020988
1.98019e+06	0.00157021
1.98029e+06	0.00117704
1.98039e+06	0.000889487
1.98049e+06	0.000683321
1.98059e+06	0.000539089
1.98069e+06	0.000441374
1.98079e+06	0.000378094
1.98089e+06	0.000339867
1.98099e+06	0.000319473
1.98109e+06	0.000311384
1.98119e+06	0.00031139
1.98129e+06	0.000316296
1.98139e+06	0.000323685
1.98149e+06	0.000331737
1.98159e+06	0.000339097
1.98169e+06	0.000344774
1.98179e+06	0.000348072
1.98189e+06	0.000348538
1.98199e+06	0.00034592
1.98209e+06	0.000340143
1.98219e+06	0.000331276
1.98229e+06	0.000319515
1.98239e+06	0.000305155
1.98249e+06	0.00028857
1.98259e+06	0.000270187
1.98269e+06	0.000250468
1.98279e+06	0.000229883
1.98289e+06	0.000208894
1.98299e+06	0.000187934
1.98309e+06	0.000167396
1.98319e+06	0.000147619
1.98329e+06	0.000128883
1.98339e+06	0.000111406
1.98349e+06	9.53412e-05
1.98359e+06	8.07808e-05
1.98369e+06	6.77631e-05
1.98379e+06	5.62775e-05
1.98389e+06	4.62737e-05
1.98399e+06	3.76695e-05
1.98409e+06	3.03601e-05
1.98419e+06	2.42256e-05
1.98429e+06	1.91382e-05
1.98439e+06	1.49688e-05
1.98449e+06	1.15912e-05
1.98459e+06	8.8864e-06
1.98469e+06	6.74499e-06
1.98479e+06	5.06867e-06
1.98489e+06	3.77106e-06
1.98499e+06	2.77773e-06
1.98509e+06	2.0257e-06
1.98519e+06	1.46256e-06
1.98529e+06	1.04547e-06
1.98539e+06	7.39891e-07
1.98549e+06	5.18418e-07
1.98559e+06	3.59624e-07
1.98569e+06	2.46988e-07
1.98579e+06	1.67942e-07
1.98589e+06	1.13057e-07
1.98599e+06	7.53522e-08
1.98609e+06	4.97222e-08
1.98619e+06	3.24834e-08
1.98629e+06	2.10102e-08
1.98639e+06	1.34541e-08
1.98649e+06	8.52979e-09
1.98659e+06	5.354e-09
1.98669e+06	3.32717e-09
1.98679e+06	2.04705e-09
1.98689e+06	1.24692e-09
1.98699e+06	7.51981e-10
1.98709e+06	4.48985e-10
1.98719e+06	2.65408e-10
1.98729e+06	1.55329e-10
1.98739e+06	9.00014e-11
1.98749e+06	5.163e-11
1.98759e+06	2.93233e-11
1.98769e+06	1.64884e-11
1.98779e+06	9.17918e-12
1.98789e+06	5.05924e-12
1.98799e+06	2.76073e-12
1.98809e+06	1.49149e-12
1.98819e+06	7.97759e-13
1.98829e+06	4.22456e-13
1.98839e+06	2.21487e-13
1.98849e+06	1.14967e-13
1.98859e+06	5.90816e-14
1.98869e+06	3.00601e-14
1.98879e+06	1.51421e-14
1.98889e+06	7.55157e-15
1.98899e+06	3.7286e-15
1.98909e+06	1.82269e-15
1.98919e+06	8.82135e-16
1.98929e+06	4.22683e-16
1.98939e+06	2.00518e-16
1.98949e+06	9.41774e-17
1.98959e+06	4.37923e-17
1.98969e+06	2.01607e-17
1.98979e+06	9.18907e-18
1.98989e+06	4.14662e-18
1.98999e+06	1.85257e-18
1.99009e+06	8.19427e-19
1.99019e+06	3.58843e-19
1.99029e+06	1.5558e-19
1.99039e+06	6.67824e-20
1.99049e+06	2.8381e-20
1.99059e+06	1.19412e-20
1.99069e+06	4.97425e-21
1.99079e+06	2.05146e-21
1.99089e+06	8.37639e-22
1.99099e+06	3.38616e-22
1.99109e+06	1.35523e-22
1.99119e+06	5.37005e-23
1.99129e+06	2.10668e-23
1.99139e+06	8.18234e-24
1.99149e+06	3.14639e-24
1.99159e+06	1.19786e-24
1.99169e+06	4.51497e-25
1.99179e+06	1.68485e-25
1.99189e+06	6.22479e-26
1.99199e+06	2.27691e-26
1.99209e+06	8.24562e-27
1.99219e+06	2.95637e-27
1.99229e+06	1.04942e-27
1.99239e+06	3.68807e-28
1.99249e+06	1.28323e-28
1.99259e+06	4.42046e-29
1.99269e+06	1.5076e-29
1.99279e+06	5.09055e-30
1.99289e+06	1.70176e-30
1.99299e+06	5.63235e-31
1.99309e+06	1.8456e-31
1.99319e+06	5.98747e-32
1.99329e+06	1.92312e-32
1.99339e+06	6.1154e-33
1.99349e+06	1.92531e-33
1.99359e+06	6.00116e-34
1.99369e+06	1.85193e-34
1.99379e+06	5.65813e-35
1.99389e+06	1.7115e-35
1.99399e+06	5.12554e-36
1.99409e+06	1.5197e-36
1.99419e+06	4.46102e-37
1.99429e+06	1.29648e-37
1.99439e+06	3.73042e-38
1.99449e+06	1.06268e-38
1.99459e+06	2.99715e-39
1.99469e+06	8.36892e-40
1.99479e+06	2.3136e-40
1.99489e+06	6.33232e-41
1.99499e+06	1.71591e-41
1.99509e+06	4.60346e-42
1.99519e+06	1.22273e-42
1.99529e+06	3.21539e-43
1.99539e+06	8.37133e-44
1.99549e+06	2.15781e-44
1.99559e+06	5.50664e-45
1.99569e+06	1.39129e-45
1.99579e+06	3.48022e-46
1.99589e+06	8.61892e-47
1.99599e+06	2.11327e-47
1.99609e+06	5.12998e-48
1.99619e+06	1.23291e-48
1.99629e+06	2.93364e-49
1.99639e+06	6.91095e-50
1.99649e+06	1.61185e-50
1.99659e+06	3.72195e-51
1.99669e+06	8.5089e-52
1.99679e+06	1.92589e-52
1.99689e+06	4.31568e-53
1.99699e+06	9.57463e-54
1.99709e+06	2.10306e-54
1.99719e+06	4.57341e-55
1.99729e+06	9.84656e-56
1.99739e+06	2.09887e-56
1.99749e+06	4.4294e-57
1.99759e+06	9.25466e-58
1.99769e+06	1.9144e-58
1.99779e+06	3.9207e-59
1.99789e+06	7.95013e-60
1.99799e+06	1.59825e-60
1.99809e+06	3.29914e-61
1.99819e+06	1.29715e-61
1.99829e+06	3.64176e-61
1.99839e+06	1.82537e-60
1.99849e+06	9.34875e-60
1.99859e+06	4.74661e-59
1.99869e+06	2.38641e-58
1.99879e+06	1.18801e-57
1.99889e+06	5.85609e-57
1.99899e+06	2.85831e-56
1.99909e+06	1.38142e-55
1.99919e+06	6.61086e-55
1.99929e+06	3.13261e-54
1.99939e+06	1.46984e-53
1.99949e+06	6.82893e-53
1.99959e+06	3.14162e-52
1.99969e+06	1.43111e-51
1.99979e+06	6.45523e-51
1.99989e+06	2.88317e-50
1.99999e+06	1.27512e-49
2.00009e+06	5.58408e-49
2.00019e+06	2.42144e-48
2.00029e+06	1.03973e-47
2.00039e+06	4.42068e-47
2.00049e+06	1.86115e-46
2.00059e+06	7.75888e-46
2.00069e+06	3.20288e-45
2.00079e+06	1.30921e-44
2.00089e+06	5.29908e-44
2.00099e+06	2.12383e-43
2.00109e+06	8.42881e-43
2.00119e+06	3.31238e-42
2.00129e+06	1.28896e-41
2.00139e+06	4.96672e-41
2.00149e+06	1.89508e-40
2.00159e+06	7.16001e-40
2.00169e+06	2.67873e-39
2.00179e+06	9.92371e-39
2.00189e+06	3.6404e-38
2.00199e+06	1.32237e-37
2.00209e+06	4.75651e-37
2.00219e+06	1.69416e-36
2.00229e+06	5.97516e-36
2.00239e+06	2.08678e-35
2.00249e+06	7.21664e-35
2.00259e+06	2.47129e-34
2.00269e+06	8.38001e-34
2.00279e+06	2.81382e-33
2.00289e+06	9.35577e-33
2.00299e+06	3.08031e-32
2.00309e+06	1.00425e-31
2.00319e+06	3.24203e-31
2.00329e+06	1.0364e-30
2.00339e+06	3.28069e-30
2.00349e+06	1.02834e-29
2.00359e+06	3.19182e-29
2.00369e+06	9.81006e-29
2.00379e+06	2.98562e-28
2.00389e+06	8.99765e-28
2.00399e+06	2.68506e-27
2.00409e+06	7.93428e-27
2.00419e+06	2.32162e-26
2.00429e+06	6.72675e-26
2.00439e+06	1.92996e-25
2.00449e+06	5.48302e-25
2.00459e+06	1.54248e-24
2.00469e+06	4.29682e-24
2.00479e+06	1.18523e-23
2.00489e+06	3.23732e-23
2.00499e+06	8.7558e-23
2.00509e+06	2.34494e-22
2.00519e+06	6.21862e-22
2.00529e+06	1.63298e-21
2.00539e+06	4.24613e-21
2.00549e+06	1.09328e-20
2.00559e+06	2.78734e-20
2.00569e+06	7.03678e-20
2.00579e+06	1.75906e-19
2.00589e+06	4.3542e-19
2.00599e+06	1.06723e-18
2.00609e+06	2.59017e-18
2.00619e+06	6.22472e-18
2.00629e+06	1.48126e-17
2.00639e+06	3.49027e-17
2.00649e+06	8.14342e-17
2.00659e+06	1.88136e-16
2.00669e+06	4.30382e-16
2.00679e+06	9.74883e-16
2.00689e+06	2.18659e-15
2.00699e+06	4.85618e-15
2.00709e+06	1.06792e-14
2.00719e+06	2.32538e-14
2.00729e+06	5.01376e-14
2.00739e+06	1.0704e-13
2.00749e+06	2.26275e-13
2.00759e+06	4.7363e-13
2.00769e+06	9.81639e-13
2.00779e+06	2.01453e-12
2.00789e+06	4.09358e-12
2.00799e+06	8.23646e-12
2.00809e+06	1.64091e-11
2.00819e+06	3.23695e-11
2.00829e+06	6.32255e-11
2.00839e+06	1.22279e-10
2.00849e+06	2.34163e-10
2.00859e+06	4.44003e-10
2.00869e+06	8.33597e-10
2.00879e+06	1.54963e-09
2.00889e+06	2.85234e-09
2.00899e+06	5.19847e-09
2.00909e+06	9.381e-09
2.00919e+06	1.67618e-08
2.00929e+06	2.96546e-08
2.00939e+06	5.1947e-08
2.00949e+06	9.01002e-08
2.00959e+06	1.54735e-07
2.00969e+06	2.63114e-07
2.00979e+06	4.42993e-07
2.00989e+06	7.38487e-07
2.00999e+06	1.21894e-06
2.01009e+06	1.99212e-06
2.01019e+06	3.22359e-06
2.01029e+06	5.16484e-06
2.01039e+06	8.19341e-06
2.01049e+06	1.28695e-05
2.01059e+06	2.00148e-05
2.01069e+06	3.08197e-05
2.01079e+06	4.69888e-05
2.01089e+06	7.0933e-05
2.01099e+06	0.000106021
2.01109e+06	0.000156899
2.01119e+06	0.000229897
2.01129e+06	0.00033353
2.01139e+06	0.000479094
2.01149e+06	0.000681384
2.01159e+06	0.000959506
2.01169e+06	0.00133779
2.01179e+06	0.00184675
2.01189e+06	0.00252415
2.01199e+06	0.00341588
2.01209e+06	0.0045769
2.01219e+06	0.00607188
2.01229e+06	0.00797544
2.01239e+06	0.0103721
2.01249e+06	0.0133555
2.01259e+06	0.0170268
2.01269e+06	0.0214923
2.01279e+06	0.0268605
2.01289e+06	0.0332371
2.01299e+06	0.0407202
2.01309e+06	0.0493941
2.01319e+06	0.0593222
2.01329e+06	0.0705402
2.01339e+06	0.0830486
2.01349e+06	0.0968065
2.01359e+06	0.111726
2.01369e+06	0.127666
2.01379e+06	0.144436
2.01389e+06	0.16179
2.01399e+06	0.179432
2.01409e+06	0.197026
2.01419e+06	0.214201
2.01429e+06	0.230565
2.01439e+06	0.245719
2.01449e+06	0.259273
2.01459e+06	0.270863
2.01469e+06	0.280166
2.01479e+06	0.286915
2.01489e+06	0.290914
2.01499e+06	0.292043
2.01509e+06	0.29027
2.01519e+06	0.285647
2.01529e+06	0.27831
2.01539e+06	0.268472
2.01549e+06	0.256413
2.01559e+06	0.242468
2.01569e+06	0.227007
2.01579e+06	0.210423
2.01589e+06	0.193117
2.01599e+06	0.175476
2.01609e+06	0.157865
2.01619e+06	0.140612
2.01629e+06	0.124003
2.01639e+06	0.10827
2.01649e+06	0.0935964
2.01659e+06	0.0801084
2.01669e+06	0.067884
2.01679e+06	0.0569543
2.01689e+06	0.0473103
2.01699e+06	0.0389094
2.01709e+06	0.0316828
2.01719e+06	0.0255424
2.01729e+06	0.0203878
2.01739e+06	0.016112
2.01749e+06	0.0126066
2.01759e+06	0.00976597
2.01769e+06	0.00749036
2.01779e+06	0.00568801
2.01789e+06	0.00427649
2.01799e+06	0.00318335
2.01809e+06	0.00234612
2.01819e+06	0.00171194
2.01829e+06	0.00123679
2.01839e+06	0.000884651
2.01849e+06	0.0006265
2.01859e+06	0.000439283
2.01869e+06	0.000304963
2.01879e+06	0.000209627
2.01889e+06	0.000142686
2.01899e+06	9.6195e-05
2.01909e+06	6.42703e-05
2.01919e+06	4.26175e-05
2.01929e+06	2.81495e-05
2.01939e+06	1.86863e-05
2.01949e+06	1.27273e-05
2.01959e+06	9.28112e-06
2.01969e+06	7.74619e-06
2.01979e+06	7.83311e-06
2.01989e+06	9.5229e-06
2.01999e+06	1.30576e-05
2.02009e+06	1.89613e-05
2.02019e+06	2.8091e-05
2.02029e+06	4.17199e-05
2.02039e+06	6.1654e-05
2.02049e+06	9.03875e-05
2.02059e+06	0.000131298
2.02069e+06	0.000188886
2.02079e+06	0.000269063
2.02089e+06	0.000379477
2.02099e+06	0.000529887
2.02109e+06	0.000732557
2.02119e+06	0.00100267
2.02129e+06	0.00135873
2.02139e+06	0.0018229
2.02149e+06	0.00242132
2.02159e+06	0.00318418
2.02169e+06	0.00414572
2.02179e+06	0.00534392
2.02189e+06	0.00681987
2.02199e+06	0.00861688
2.02209e+06	0.0107791
2.02219e+06	0.0133496
2.02229e+06	0.0163687
2.02239e+06	0.0198708
2.02249e+06	0.0238822
2.02259e+06	0.0284178
2.02269e+06	0.0334783
2.02279e+06	0.0390476
2.02289e+06	0.0450901
2.02299e+06	0.0515496
2.02309e+06	0.0583481
2.02319e+06	0.0653861
2.02329e+06	0.0725439
2.02339e+06	0.0796844
2.02349e+06	0.0866569
2.02359e+06	0.0933017
2.02369e+06	0.0994566
2.02379e+06	0.104963
2.02389e+06	0.109671
2.02399e+06	0.113451
2.02409e+06	0.116193
2.02419e+06	0.117817
2.02429e+06	0.118275
2.02439e+06	0.117554
2.02449e+06	0.115674
2.02459e+06	0.112692
2.02469e+06	0.108695
2.02479e+06	0.103796
2.02489e+06	0.0981314
2.02499e+06	0.0918531
2.02509e+06	0.0851209
2.02519e+06	0.0780973
2.02529e+06	0.0709402
2.02539e+06	0.0637979
2.02549e+06	0.0568038
2.02559e+06	0.0500733
2.02569e+06	0.0437011
2.02579e+06	0.0377604
2.02589e+06	0.0323027
2.02599e+06	0.0273591
2.02609e+06	0.0229417
2.02619e+06	0.0190465
2.02629e+06	0.0156558
2.02639e+06	0.0127414
2.02649e+06	0.0102672
2.02659e+06	0.00819246
2.02669e+06	0.00647362
2.02679e+06	0.00506678
2.02689e+06	0.0039292
2.02699e+06	0.00302061
2.02709e+06	0.00230406
2.02719e+06	0.00174642
2.02729e+06	0.00131866
2.02739e+06	0.000995823
2.02749e+06	0.000756841
2.02759e+06	0.00058423
2.02769e+06	0.00046371
2.02779e+06	0.00038378
2.02789e+06	0.000335294
2.02799e+06	0.000311045
2.02809e+06	0.00030539
2.02819e+06	0.000313914
2.02829e+06	0.000333138
2.02839e+06	0.000360282
2.02849e+06	0.00039307
2.02859e+06	0.000429585
2.02869e+06	0.000468155
2.02879e+06	0.000507284
2.02889e+06	0.000545607
2.02899e+06	0.000581864
2.02909e+06	0.000614904
2.02919e+06	0.000643691
2.02929e+06	0.000667328
2.02939e+06	0.000685073
2.02949e+06	0.000696366
2.02959e+06	0.000700846
2.02969e+06	0.000698362
2.02979e+06	0.000688978
2.02989e+06	0.000672964
2.02999e+06	0.000650788
2.03009e+06	0.000623082
2.03019e+06	0.000590622
2.03029e+06	0.000554283
2.03039e+06	0.000515005
2.03049e+06	0.000473749
2.03059e+06	0.000431462
2.03069e+06	0.000389039
2.03079e+06	0.000347297
2.03089e+06	0.000306949
2.03099e+06	0.00026859
2.03109e+06	0.000232685
2.03119e+06	0.000199575
2.03129e+06	0.000169472
2.03139e+06	0.000142478
2.03149e+06	0.000118592
2.03159e+06	9.77286e-05
2.03169e+06	7.9734e-05
2.03179e+06	6.44054e-05
2.03189e+06	5.1506e-05
2.03199e+06	4.07804e-05
2.03209e+06	3.19669e-05
2.03219e+06	2.48089e-05
2.03229e+06	1.90622e-05
2.03239e+06	1.45008e-05
2.03249e+06	1.09212e-05
2.03259e+06	8.14342e-06
2.03269e+06	6.01173e-06
2.03279e+06	4.39388e-06
2.03289e+06	3.17947e-06
2.03299e+06	2.27782e-06
2.03309e+06	1.61562e-06
2.03319e+06	1.13453e-06
2.03329e+06	7.88772e-07
2.03339e+06	5.42929e-07
2.03349e+06	3.69992e-07
2.03359e+06	2.4963e-07
2.03369e+06	1.66748e-07
2.03379e+06	1.10276e-07
2.03389e+06	7.22034e-08
2.03399e+06	4.68049e-08
2.03409e+06	3.00388e-08
2.03419e+06	1.90867e-08
2.03429e+06	1.2007e-08
2.03439e+06	7.47822e-09
2.03449e+06	4.61124e-09
2.03459e+06	2.8151e-09
2.03469e+06	1.70148e-09
2.03479e+06	1.01816e-09
2.03489e+06	6.03205e-10
2.03499e+06	3.5381e-10
2.03509e+06	2.05462e-10
2.03519e+06	1.18127e-10
2.03529e+06	6.72397e-11
2.03539e+06	3.7893e-11
2.03549e+06	2.11421e-11
2.03559e+06	1.16787e-11
2.03569e+06	6.38704e-12
2.03579e+06	3.45828e-12
2.03589e+06	1.85387e-12
2.03599e+06	9.83907e-13
2.03609e+06	5.16995e-13
2.03619e+06	2.68952e-13
2.03629e+06	1.38523e-13
2.03639e+06	7.06358e-14
2.03649e+06	3.56603e-14
2.03659e+06	1.78239e-14
2.03669e+06	8.82018e-15
2.03679e+06	4.32125e-15
2.03689e+06	2.09603e-15
2.03699e+06	1.00657e-15
2.03709e+06	4.78571e-16
2.03719e+06	2.25271e-16
2.03729e+06	1.04984e-16
2.03739e+06	4.84392e-17
2.03749e+06	2.21273e-17
2.03759e+06	1.00073e-17
2.03769e+06	4.48085e-18
2.03779e+06	1.98638e-18
2.03789e+06	8.7181e-19
2.03799e+06	3.78825e-19
2.03809e+06	1.62971e-19
2.03819e+06	6.94132e-20
2.03829e+06	2.92705e-20
2.03839e+06	1.22201e-20
2.03849e+06	5.05098e-21
2.03859e+06	2.06697e-21
2.03869e+06	8.37432e-22
2.03879e+06	3.3591e-22
2.03889e+06	1.33399e-22
2.03899e+06	5.24492e-23
2.03909e+06	2.04166e-23
2.03919e+06	7.86835e-24
2.03929e+06	3.00221e-24
2.03939e+06	1.13411e-24
2.03949e+06	4.24159e-25
2.03959e+06	1.57057e-25
2.03969e+06	5.75763e-26
2.03979e+06	2.08972e-26
2.03989e+06	7.50909e-27
2.03999e+06	2.67144e-27
2.04009e+06	9.40934e-28
2.04019e+06	3.28119e-28
2.04029e+06	1.13282e-28
2.04039e+06	3.87208e-29
2.04049e+06	1.31035e-29
2.04059e+06	4.39023e-30
2.04069e+06	1.45628e-30
2.04079e+06	4.78253e-31
2.04089e+06	1.55499e-31
2.04099e+06	5.0056e-32
2.04109e+06	1.5953e-32
2.04119e+06	5.03365e-33
2.04129e+06	1.57247e-33
2.04139e+06	4.86338e-34
2.04149e+06	1.4892e-34
2.04159e+06	4.51463e-35
2.04169e+06	1.35503e-35
2.04179e+06	4.02656e-36
2.04189e+06	1.18461e-36
2.04199e+06	3.45043e-37
2.04209e+06	9.95014e-38
2.04219e+06	2.84081e-38
2.04229e+06	8.02992e-39
2.04239e+06	2.24718e-39
2.04249e+06	6.22618e-40
2.04259e+06	1.7079e-40
2.04269e+06	4.63832e-41
2.04279e+06	1.24714e-41
2.04289e+06	3.31993e-42
2.04299e+06	8.75025e-43
2.04309e+06	2.28516e-43
2.04319e+06	5.98506e-44
2.04329e+06	1.87036e-44
2.04339e+06	1.87112e-44
2.04349e+06	6.163e-44
2.04359e+06	2.44977e-43
2.04369e+06	9.7746e-43
2.04379e+06	3.86457e-42
2.04389e+06	1.51281e-41
2.04399e+06	5.86305e-41
2.04409e+06	2.24968e-40
2.04419e+06	8.54627e-40
2.04429e+06	3.21431e-39
2.04439e+06	1.1969e-38
2.04449e+06	4.41249e-38
2.04459e+06	1.61052e-37
2.04469e+06	5.81978e-37
2.04479e+06	2.08211e-36
2.04489e+06	7.37493e-36
2.04499e+06	2.58624e-35
2.04509e+06	8.9792e-35
2.04519e+06	3.08648e-34
2.04529e+06	1.05038e-33
2.04539e+06	3.53904e-33
2.04549e+06	1.18054e-32
2.04559e+06	3.89884e-32
2.04569e+06	1.27481e-31
2.04579e+06	4.1268e-31
2.04589e+06	1.32263e-30
2.04599e+06	4.19682e-30
2.04609e+06	1.31844e-29
2.04619e+06	4.10068e-29
2.04629e+06	1.26272e-28
2.04639e+06	3.84963e-28
2.04649e+06	1.16195e-27
2.04659e+06	3.47224e-27
2.04669e+06	1.02729e-26
2.04679e+06	3.00905e-26
2.04689e+06	8.7262e-26
2.04699e+06	2.5054e-25
2.04709e+06	7.12176e-25
2.04719e+06	2.00426e-24
2.04729e+06	5.58442e-24
2.04739e+06	1.54049e-23
2.04749e+06	4.20723e-23
2.04759e+06	1.1376e-22
2.04769e+06	3.04539e-22
2.04779e+06	8.07146e-22
2.04789e+06	2.11796e-21
2.04799e+06	5.50227e-21
2.04809e+06	1.41521e-20
2.04819e+06	3.60379e-20
2.04829e+06	9.0856e-20
2.04839e+06	2.2678e-19
2.04849e+06	5.6042e-19
2.04859e+06	1.37113e-18
2.04869e+06	3.32125e-18
2.04879e+06	7.96492e-18
2.04889e+06	1.89112e-17
2.04899e+06	4.44541e-17
2.04909e+06	1.03458e-16
2.04919e+06	2.38381e-16
2.04929e+06	5.43796e-16
2.04939e+06	1.22817e-15
2.04949e+06	2.74623e-15
2.04959e+06	6.07959e-15
2.04969e+06	1.3325e-14
2.04979e+06	2.89146e-14
2.04989e+06	6.21191e-14
2.04999e+06	1.32127e-13
2.05009e+06	2.78235e-13
2.05019e+06	5.80084e-13
2.05029e+06	1.19736e-12
2.05039e+06	2.44692e-12
2.05049e+06	4.95073e-12
2.05059e+06	9.91692e-12
2.05069e+06	1.96671e-11
2.05079e+06	3.86156e-11
2.05089e+06	7.50656e-11
2.05099e+06	1.4447e-10
2.05109e+06	2.75277e-10
2.05119e+06	5.19301e-10
2.05129e+06	9.69897e-10
2.05139e+06	1.79345e-09
2.05149e+06	3.2833e-09
2.05159e+06	5.95099e-09
2.05169e+06	1.06788e-08
2.05179e+06	1.89722e-08
2.05189e+06	3.33708e-08
2.05199e+06	5.8113e-08
2.05209e+06	1.00193e-07
2.05219e+06	1.71024e-07
2.05229e+06	2.89026e-07
2.05239e+06	4.83583e-07
2.05249e+06	8.01058e-07
2.05259e+06	1.31375e-06
2.05269e+06	2.13314e-06
2.05279e+06	3.42913e-06
2.05289e+06	5.45764e-06
2.05299e+06	8.5997e-06
2.05309e+06	1.34159e-05
2.05319e+06	2.0721e-05
2.05329e+06	3.16855e-05
2.05339e+06	4.79698e-05
2.05349e+06	7.19006e-05
2.05359e+06	0.000106697
2.05369e+06	0.000156759
2.05379e+06	0.000228018
2.05389e+06	0.000328368
2.05399e+06	0.000468179
2.05409e+06	0.000660875
2.05419e+06	0.000923601
2.05429e+06	0.00127793
2.05439e+06	0.0017506
2.05449e+06	0.00237423
2.05459e+06	0.00318799
2.05469e+06	0.00423808
2.05479e+06	0.00557799
2.05489e+06	0.00726848
2.05499e+06	0.00937707
2.05509e+06	0.011977
2.05519e+06	0.0151456
2.05529e+06	0.0189619
2.05539e+06	0.0235037
2.05549e+06	0.0288434
2.05559e+06	0.0350441
2.05569e+06	0.0421542
2.05579e+06	0.0502024
2.05589e+06	0.0591923
2.05599e+06	0.0690978
2.05609e+06	0.0798583
2.05619e+06	0.0913764
2.05629e+06	0.103516
2.05639e+06	0.116101
2.05649e+06	0.128921
2.05659e+06	0.141732
2.05669e+06	0.154266
2.05679e+06	0.166238
2.05689e+06	0.177357
2.05699e+06	0.187338
2.05709e+06	0.195912
2.05719e+06	0.20284
2.05729e+06	0.207924
2.05739e+06	0.211015
2.05749e+06	0.212022
2.05759e+06	0.210914
2.05769e+06	0.207726
2.05779e+06	0.20255
2.05789e+06	0.195539
2.05799e+06	0.186893
2.05809e+06	0.176853
2.05819e+06	0.165687
2.05829e+06	0.153682
2.05839e+06	0.14113
2.05849e+06	0.128314
2.05859e+06	0.115501
2.05869e+06	0.102934
2.05879e+06	0.0908218
2.05889e+06	0.079338
2.05899e+06	0.0686171
2.05909e+06	0.0587547
2.05919e+06	0.0498096
2.05929e+06	0.0418065
2.05939e+06	0.0347404
2.05949e+06	0.0285816
2.05959e+06	0.0232808
2.05969e+06	0.0187746
2.05979e+06	0.0149901
2.05989e+06	0.0118495
2.05999e+06	0.00927374
2.06009e+06	0.00718576
2.06019e+06	0.00551255
2.06029e+06	0.00418691
2.06039e+06	0.00314846
2.06049e+06	0.00234404
2.06059e+06	0.0017278
2.06069e+06	0.00126092
2.06079e+06	0.000911052
2.06089e+06	0.000651724
2.06099e+06	0.000461581
2.06109e+06	0.000323666
2.06119e+06	0.000224704
2.06129e+06	0.000154451
2.06139e+06	0.000105108
2.06149e+06	7.08188e-05
2.06159e+06	4.72419e-05
2.06169e+06	3.12013e-05
2.06179e+06	2.04027e-05
2.06189e+06	1.3209e-05
2.06199e+06	8.46682e-06
2.06209e+06	5.3733e-06
2.06219e+06	3.37623e-06
2.06229e+06	2.10036e-06
2.06239e+06	1.29369e-06
2.06249e+06	7.88924e-07
2.06259e+06	4.76337e-07
2.06269e+06	2.84753e-07
2.06279e+06	1.68538e-07
2.06289e+06	9.87646e-08
2.06299e+06	5.73037e-08
