1.3684e+06	5.7723e-07
1.3685e+06	9.46945e-07
1.3686e+06	1.538e-06
1.3687e+06	2.47313e-06
1.3688e+06	3.93726e-06
1.3689e+06	6.20581e-06
1.369e+06	9.6841e-06
1.3691e+06	1.49616e-05
1.3692e+06	2.28851e-05
1.3693e+06	3.46565e-05
1.3694e+06	5.19606e-05
1.3695e+06	7.71295e-05
1.3696e+06	0.000113351
1.3697e+06	0.000164924
1.3698e+06	0.000237576
1.3699e+06	0.000338826
1.37e+06	0.000478418
1.3701e+06	0.000668801
1.3702e+06	0.00092564
1.3703e+06	0.00126837
1.3704e+06	0.0017207
1.3705e+06	0.00231112
1.3706e+06	0.00307324
1.3707e+06	0.00404601
1.3708e+06	0.0052737
1.3709e+06	0.00680551
1.371e+06	0.00869487
1.3711e+06	0.0109982
1.3712e+06	0.0137733
1.3713e+06	0.0170771
1.3714e+06	0.0209626
1.3715e+06	0.0254762
1.3716e+06	0.0306536
1.3717e+06	0.0365162
1.3718e+06	0.0430674
1.3719e+06	0.0502887
1.372e+06	0.058137
1.3721e+06	0.0665418
1.3722e+06	0.0754047
1.3723e+06	0.0845993
1.3724e+06	0.0939727
1.3725e+06	0.103349
1.3726e+06	0.112535
1.3727e+06	0.121326
1.3728e+06	0.129513
1.3729e+06	0.136893
1.373e+06	0.143278
1.3731e+06	0.148503
1.3732e+06	0.152437
1.3733e+06	0.154989
1.3734e+06	0.156115
1.3735e+06	0.155823
1.3736e+06	0.154174
1.3737e+06	0.151284
1.3738e+06	0.147318
1.3739e+06	0.142492
1.374e+06	0.137062
1.3741e+06	0.131315
1.3742e+06	0.125565
1.3743e+06	0.12014
1.3744e+06	0.11537
1.3745e+06	0.111582
1.3746e+06	0.109081
1.3747e+06	0.108148
1.3748e+06	0.109026
1.3749e+06	0.111909
1.375e+06	0.116939
1.3751e+06	0.124192
1.3752e+06	0.133678
1.3753e+06	0.145331
1.3754e+06	0.159009
1.3755e+06	0.174495
1.3756e+06	0.191495
1.3757e+06	0.209645
1.3758e+06	0.228521
1.3759e+06	0.24765
1.376e+06	0.26652
1.3761e+06	0.284602
1.3762e+06	0.301369
1.3763e+06	0.316312
1.3764e+06	0.328965
1.3765e+06	0.338921
1.3766e+06	0.345852
1.3767e+06	0.349518
1.3768e+06	0.349786
1.3769e+06	0.346624
1.377e+06	0.340112
1.3771e+06	0.330427
1.3772e+06	0.317842
1.3773e+06	0.302707
1.3774e+06	0.285432
1.3775e+06	0.26647
1.3776e+06	0.246297
1.3777e+06	0.225387
1.3778e+06	0.204203
1.3779e+06	0.183169
1.378e+06	0.162668
1.3781e+06	0.143025
1.3782e+06	0.124502
1.3783e+06	0.1073
1.3784e+06	0.091555
1.3785e+06	0.077343
1.3786e+06	0.064687
1.3787e+06	0.0535636
1.3788e+06	0.0439117
1.3789e+06	0.0356408
1.379e+06	0.02864
1.3791e+06	0.0227853
1.3792e+06	0.017947
1.3793e+06	0.0139955
1.3794e+06	0.0108054
1.3795e+06	0.00825946
1.3796e+06	0.00625055
1.3797e+06	0.0046832
1.3798e+06	0.00347395
1.3799e+06	0.0025513
1.38e+06	0.00185506
1.3801e+06	0.00133539
1.3802e+06	0.000951741
1.3803e+06	0.000671561
1.3804e+06	0.000469147
1.3805e+06	0.000324481
1.3806e+06	0.000222191
1.3807e+06	0.000150634
1.3808e+06	0.000101105
1.3809e+06	6.71865e-05
1.381e+06	4.42026e-05
1.3811e+06	2.87919e-05
1.3812e+06	1.85674e-05
1.3813e+06	1.18546e-05
1.3814e+06	7.49345e-06
1.3815e+06	4.68957e-06
1.3816e+06	2.90564e-06
1.3817e+06	1.7824e-06
1.3818e+06	1.0825e-06
1.3819e+06	6.50891e-07
1.382e+06	3.87476e-07
1.3821e+06	2.28369e-07
1.3822e+06	1.33256e-07
1.3823e+06	7.69832e-08
1.3824e+06	4.40312e-08
1.3825e+06	2.49334e-08
1.3826e+06	1.39785e-08
1.3827e+06	7.75883e-09
1.3828e+06	4.26373e-09
1.3829e+06	2.31974e-09
1.383e+06	1.24953e-09
1.3831e+06	6.66362e-10
1.3832e+06	3.51829e-10
1.3833e+06	1.83912e-10
1.3834e+06	9.51797e-11
1.3835e+06	4.87682e-11
1.3836e+06	2.47392e-11
1.3837e+06	1.24249e-11
1.3838e+06	6.17811e-12
1.3839e+06	3.04142e-12
1.384e+06	1.48236e-12
1.3841e+06	7.153e-13
1.3842e+06	3.41727e-13
1.3843e+06	1.61632e-13
1.3844e+06	7.56892e-14
1.3845e+06	3.50911e-14
1.3846e+06	1.61071e-14
1.3847e+06	7.3197e-15
1.3848e+06	3.29327e-15
1.3849e+06	1.46696e-15
1.385e+06	6.46943e-16
1.3851e+06	2.82469e-16
1.3852e+06	1.22105e-16
1.3853e+06	5.2258e-17
1.3854e+06	2.21426e-17
1.3855e+06	9.28886e-18
1.3856e+06	3.85791e-18
1.3857e+06	1.58635e-18
1.3858e+06	6.4581e-19
1.3859e+06	2.60295e-19
1.386e+06	1.03869e-19
1.3861e+06	4.10356e-20
1.3862e+06	1.60507e-20
1.3863e+06	6.2156e-21
1.3864e+06	2.38303e-21
1.3865e+06	9.04552e-22
1.3866e+06	3.39934e-22
1.3867e+06	1.26477e-22
1.3868e+06	4.65894e-23
1.3869e+06	1.6991e-23
1.387e+06	6.13491e-24
1.3871e+06	2.19308e-24
1.3872e+06	7.76172e-25
1.3873e+06	2.71968e-25
1.3874e+06	9.43486e-26
1.3875e+06	3.24049e-26
1.3876e+06	1.1019e-26
1.3877e+06	3.70963e-27
1.3878e+06	1.23645e-27
1.3879e+06	4.08017e-28
1.388e+06	1.33302e-28
1.3881e+06	4.31176e-29
1.3882e+06	1.38079e-29
1.3883e+06	4.37783e-30
1.3884e+06	1.37419e-30
1.3885e+06	4.27063e-31
1.3886e+06	1.314e-31
1.3887e+06	4.0027e-32
1.3888e+06	1.20717e-32
1.3889e+06	3.60448e-33
1.389e+06	1.06555e-33
1.3891e+06	3.1186e-34
1.3892e+06	9.03659e-35
1.3893e+06	2.59242e-35
1.3894e+06	7.36316e-36
1.3895e+06	2.07052e-36
1.3896e+06	5.76438e-37
1.3897e+06	1.58885e-37
1.3898e+06	4.3358e-38
1.3899e+06	1.17142e-38
1.39e+06	3.13338e-39
1.3901e+06	8.29796e-40
1.3902e+06	2.17564e-40
1.3903e+06	5.64752e-41
1.3904e+06	1.4514e-41
1.3905e+06	3.69295e-42
1.3906e+06	9.30285e-43
1.3907e+06	2.32015e-43
1.3908e+06	5.72893e-44
1.3909e+06	1.40052e-44
1.391e+06	3.38968e-45
1.3911e+06	8.12246e-46
1.3912e+06	1.92696e-46
1.3913e+06	4.52601e-47
1.3914e+06	1.05248e-47
1.3915e+06	2.4231e-48
1.3916e+06	5.52313e-49
1.3917e+06	1.2464e-49
1.3918e+06	2.78474e-50
1.3919e+06	6.15983e-51
1.392e+06	1.349e-51
1.3921e+06	2.92489e-52
1.3922e+06	6.27864e-53
1.3923e+06	1.33438e-53
1.3924e+06	2.80769e-54
1.3925e+06	5.84892e-55
1.3926e+06	1.20631e-55
1.3927e+06	2.46321e-56
1.3928e+06	4.97966e-57
1.3929e+06	9.96679e-58
1.393e+06	1.975e-58
1.3931e+06	3.87469e-59
1.3932e+06	7.52599e-60
1.3933e+06	1.44726e-60
1.3934e+06	2.75542e-61
1.3935e+06	5.19381e-62
1.3936e+06	9.69261e-63
1.3937e+06	1.79082e-63
1.3938e+06	3.27583e-64
1.3939e+06	5.93263e-65
1.394e+06	1.06373e-65
1.3941e+06	1.8883e-66
1.3942e+06	3.3187e-67
1.3943e+06	5.7746e-68
1.3944e+06	9.94793e-69
1.3945e+06	1.69668e-69
1.3946e+06	2.86501e-70
1.3947e+06	4.7897e-71
1.3948e+06	7.92772e-72
1.3949e+06	1.29911e-72
1.395e+06	2.10765e-73
1.3951e+06	3.38539e-74
1.3952e+06	5.38365e-75
1.3953e+06	8.4762e-76
1.3954e+06	1.32124e-76
1.3955e+06	2.03902e-77
1.3956e+06	3.11543e-78
1.3957e+06	4.71271e-79
1.3958e+06	7.05798e-80
1.3959e+06	1.04652e-80
1.396e+06	1.53628e-81
1.3961e+06	2.23282e-82
1.3962e+06	3.21286e-83
1.3963e+06	4.57706e-84
1.3964e+06	6.45563e-85
1.3965e+06	9.01463e-86
1.3966e+06	1.24628e-86
1.3967e+06	1.70584e-87
1.3968e+06	2.31163e-88
1.3969e+06	3.10139e-89
1.397e+06	4.11956e-90
1.3971e+06	5.41755e-91
1.3972e+06	7.05361e-92
1.3973e+06	9.09237e-93
1.3974e+06	1.16038e-93
1.3975e+06	1.46616e-94
1.3976e+06	1.83407e-95
1.3977e+06	2.27149e-96
1.3978e+06	2.78524e-97
1.3979e+06	3.38119e-98
1.398e+06	4.06383e-99
1.3981e+06	4.83568e-100
1.3982e+06	5.69688e-101
1.3983e+06	6.64467e-102
1.3984e+06	7.67303e-103
1.3985e+06	8.77238e-104
1.3986e+06	9.92944e-105
1.3987e+06	1.11273e-105
1.3988e+06	1.23456e-106
1.3989e+06	1.35609e-107
1.399e+06	1.47477e-108
1.3991e+06	1.58788e-109
1.3992e+06	1.69265e-110
1.3993e+06	1.78639e-111
1.3994e+06	1.86655e-112
1.3995e+06	1.9309e-113
1.3996e+06	1.9776e-114
1.3997e+06	2.00527e-115
1.3998e+06	2.0131e-116
1.3999e+06	2.00085e-117
1.4e+06	1.96889e-118
1.4001e+06	1.91816e-119
1.4002e+06	1.85014e-120
1.4003e+06	1.76678e-121
1.4004e+06	1.67039e-122
1.4005e+06	1.56354e-123
1.4006e+06	1.44896e-124
1.4007e+06	1.32942e-125
1.4008e+06	1.20761e-126
1.4009e+06	1.08604e-127
1.401e+06	9.66991e-129
1.4011e+06	8.52425e-130
1.4012e+06	7.43956e-131
1.4013e+06	6.42829e-132
1.4014e+06	5.49921e-133
1.4015e+06	4.6576e-134
1.4016e+06	3.90554e-135
1.4017e+06	3.24233e-136
1.4018e+06	2.66496e-137
1.4019e+06	2.16861e-138
1.402e+06	1.74714e-139
1.4021e+06	1.39358e-140
1.4022e+06	1.10051e-141
1.4023e+06	8.60426e-143
1.4024e+06	6.66023e-144
1.4025e+06	5.10413e-145
1.4026e+06	3.87268e-146
1.4027e+06	2.9091e-147
1.4028e+06	2.16353e-148
1.4029e+06	1.59303e-149
1.403e+06	1.16129e-150
1.4031e+06	8.38139e-152
1.4032e+06	5.98892e-153
1.4033e+06	4.23679e-154
1.4034e+06	2.96745e-155
1.4035e+06	2.05772e-156
1.4036e+06	1.41269e-157
1.4037e+06	9.60206e-159
1.4038e+06	6.46158e-160
1.4039e+06	4.30497e-161
1.404e+06	2.83961e-162
1.4041e+06	1.8544e-163
1.4042e+06	1.19897e-164
1.4043e+06	7.67479e-166
1.4044e+06	4.86389e-167
1.4045e+06	3.05181e-168
1.4046e+06	1.89578e-169
1.4047e+06	1.16594e-170
1.4048e+06	7.09939e-172
1.4049e+06	4.27979e-173
1.405e+06	2.55436e-174
1.4051e+06	1.50938e-175
1.4052e+06	8.83022e-177
1.4053e+06	5.11448e-178
1.4054e+06	2.93284e-179
1.4055e+06	1.66507e-180
1.4056e+06	9.35911e-182
1.4057e+06	5.20826e-183
1.4058e+06	2.86952e-184
1.4059e+06	1.56524e-185
1.406e+06	8.453e-187
1.4061e+06	4.51957e-188
1.4062e+06	2.39244e-189
1.4063e+06	1.25384e-190
1.4064e+06	6.50579e-192
1.4065e+06	3.34206e-193
1.4066e+06	1.69976e-194
1.4067e+06	8.55885e-196
1.4068e+06	4.26679e-197
1.4069e+06	2.10593e-198
1.407e+06	1.02907e-199
1.4071e+06	4.97854e-201
1.4072e+06	2.38461e-202
1.4073e+06	1.13081e-203
1.4074e+06	5.30904e-205
1.4075e+06	2.46775e-206
1.4076e+06	1.13565e-207
1.4077e+06	5.17421e-209
1.4078e+06	2.334e-210
1.4079e+06	1.04235e-211
1.408e+06	4.60877e-213
1.4081e+06	2.0175e-214
1.4082e+06	8.74374e-216
1.4083e+06	3.7518e-217
1.4084e+06	1.59382e-218
1.4085e+06	6.70339e-220
1.4086e+06	2.7913e-221
1.4087e+06	1.15074e-222
1.4088e+06	4.69683e-224
1.4089e+06	1.89797e-225
1.409e+06	7.59329e-227
1.4091e+06	3.00766e-228
1.4092e+06	1.17946e-229
1.4093e+06	4.57927e-231
1.4094e+06	1.76021e-232
1.4095e+06	6.69873e-234
1.4096e+06	2.52392e-235
1.4097e+06	9.41492e-237
1.4098e+06	3.47708e-238
1.4099e+06	1.27136e-239
1.41e+06	4.60236e-241
1.4101e+06	1.64949e-242
1.4102e+06	5.85296e-244
1.4103e+06	2.05617e-245
1.4104e+06	7.15152e-247
1.4105e+06	2.46261e-248
1.4106e+06	8.39556e-250
1.4107e+06	2.83375e-251
1.4108e+06	9.46955e-253
1.4109e+06	3.13296e-254
1.411e+06	1.02621e-255
1.4111e+06	3.32795e-257
1.4112e+06	1.0685e-258
1.4113e+06	3.39646e-260
1.4114e+06	1.0689e-261
1.4115e+06	3.33046e-263
1.4116e+06	1.02738e-264
1.4117e+06	3.1377e-266
1.4118e+06	9.48746e-268
1.4119e+06	2.84018e-269
1.412e+06	8.41781e-271
1.4121e+06	2.47007e-272
1.4122e+06	7.17589e-274
1.4123e+06	2.06395e-275
1.4124e+06	5.87735e-277
1.4125e+06	1.65699e-278
1.4126e+06	4.62503e-280
1.4127e+06	1.27811e-281
1.4128e+06	3.49685e-283
1.4129e+06	9.47202e-285
1.413e+06	2.54019e-286
1.4131e+06	6.74445e-288
1.4132e+06	1.7729e-289
1.4133e+06	4.61402e-291
1.4134e+06	1.18886e-292
1.4135e+06	3.03277e-294
1.4136e+06	7.65959e-296
1.4137e+06	1.91526e-297
1.4138e+06	4.74142e-299
1.4139e+06	1.1621e-300
1.414e+06	2.81994e-302
1.4141e+06	6.7747e-304
1.4142e+06	1.61138e-305
1.4143e+06	3.79458e-307
1.4144e+06	8.84679e-309
1.4145e+06	2.04204e-310
1.4146e+06	4.66661e-312
1.4147e+06	1.05583e-313
1.4148e+06	2.36508e-315
1.4149e+06	5.24509e-317
1.415e+06	1.15164e-318
1.4151e+06	2.50343e-320
1.4152e+06	5.38532e-322
1.4153e+06	9.88131e-324
1.4154e+06	0
1.4155e+06	0
1.4156e+06	0
1.4157e+06	0
1.4158e+06	0
1.4159e+06	0
1.416e+06	0
1.4161e+06	0
1.4162e+06	0
1.4163e+06	0
1.4164e+06	0
1.4165e+06	0
1.4166e+06	0
1.4167e+06	0
1.4168e+06	0
1.4169e+06	0
1.417e+06	0
1.4171e+06	0
1.4172e+06	0
1.4173e+06	0
1.4174e+06	0
1.4175e+06	0
1.4176e+06	0
1.4177e+06	0
1.4178e+06	0
1.4179e+06	0
1.418e+06	0
1.4181e+06	0
1.4182e+06	0
1.4183e+06	0
1.4184e+06	0
1.4185e+06	0
1.4186e+06	0
1.4187e+06	0
1.4188e+06	0
1.4189e+06	0
1.419e+06	0
1.4191e+06	0
1.4192e+06	0
1.4193e+06	0
1.4194e+06	0
1.4195e+06	0
1.4196e+06	0
1.4197e+06	0
1.4198e+06	0
1.4199e+06	0
1.42e+06	0
1.4201e+06	0
1.4202e+06	0
1.4203e+06	0
1.4204e+06	0
1.4205e+06	0
1.4206e+06	0
1.4207e+06	0
1.4208e+06	0
1.4209e+06	0
1.421e+06	0
1.4211e+06	0
1.4212e+06	0
1.4213e+06	0
1.4214e+06	0
1.4215e+06	0
1.4216e+06	0
1.4217e+06	0
1.4218e+06	0
1.4219e+06	0
1.422e+06	0
1.4221e+06	0
1.4222e+06	0
1.4223e+06	0
1.4224e+06	0
1.4225e+06	0
1.4226e+06	0
1.4227e+06	0
1.4228e+06	0
1.4229e+06	0
1.423e+06	0
1.4231e+06	0
1.4232e+06	0
1.4233e+06	0
1.4234e+06	0
1.4235e+06	0
1.4236e+06	0
1.4237e+06	0
1.4238e+06	0
1.4239e+06	0
1.424e+06	0
1.4241e+06	0
1.4242e+06	0
1.4243e+06	0
1.4244e+06	0
1.4245e+06	0
1.4246e+06	0
1.4247e+06	0
1.4248e+06	0
1.4249e+06	0
1.425e+06	0
1.4251e+06	0
1.4252e+06	0
1.4253e+06	0
1.4254e+06	0
1.4255e+06	0
1.4256e+06	0
1.4257e+06	0
1.4258e+06	0
1.4259e+06	0
1.426e+06	0
1.4261e+06	0
1.4262e+06	0
1.4263e+06	0
1.4264e+06	0
1.4265e+06	0
1.4266e+06	0
1.4267e+06	0
1.4268e+06	0
1.4269e+06	0
1.427e+06	0
1.4271e+06	0
1.4272e+06	0
1.4273e+06	0
1.4274e+06	0
1.4275e+06	0
1.4276e+06	0
1.4277e+06	0
1.4278e+06	0
1.4279e+06	0
1.428e+06	0
1.4281e+06	0
1.4282e+06	0
1.4283e+06	0
1.4284e+06	0
1.4285e+06	0
1.4286e+06	0
1.4287e+06	0
1.4288e+06	0
1.4289e+06	0
1.429e+06	0
1.4291e+06	0
1.4292e+06	0
1.4293e+06	0
1.4294e+06	0
1.4295e+06	0
1.4296e+06	0
1.4297e+06	0
1.4298e+06	0
1.4299e+06	0
1.43e+06	0
1.4301e+06	0
1.4302e+06	0
1.4303e+06	0
1.4304e+06	0
1.4305e+06	0
1.4306e+06	0
1.4307e+06	0
1.4308e+06	0
1.4309e+06	0
1.431e+06	0
1.4311e+06	0
1.4312e+06	0
1.4313e+06	0
1.4314e+06	0
1.4315e+06	0
1.4316e+06	0
1.4317e+06	0
1.4318e+06	0
1.4319e+06	0
1.432e+06	0
1.4321e+06	0
1.4322e+06	0
1.4323e+06	0
1.4324e+06	0
1.4325e+06	0
1.4326e+06	0
1.4327e+06	0
1.4328e+06	0
1.4329e+06	0
1.433e+06	0
1.4331e+06	0
1.4332e+06	0
1.4333e+06	0
1.4334e+06	0
1.4335e+06	0
1.4336e+06	0
1.4337e+06	0
1.4338e+06	0
1.4339e+06	0
1.434e+06	0
1.4341e+06	0
1.4342e+06	0
1.4343e+06	0
1.4344e+06	0
1.4345e+06	0
1.4346e+06	0
1.4347e+06	0
1.4348e+06	0
1.4349e+06	0
1.435e+06	0
1.4351e+06	0
1.4352e+06	0
1.4353e+06	0
1.4354e+06	0
1.4355e+06	0
1.4356e+06	0
1.4357e+06	0
1.4358e+06	0
1.4359e+06	0
1.436e+06	0
1.4361e+06	0
1.4362e+06	0
1.4363e+06	0
1.4364e+06	0
1.4365e+06	0
1.4366e+06	0
1.4367e+06	0
1.4368e+06	0
1.4369e+06	0
1.437e+06	0
1.4371e+06	0
1.4372e+06	0
1.4373e+06	0
1.4374e+06	0
1.4375e+06	0
1.4376e+06	0
1.4377e+06	0
1.4378e+06	0
1.4379e+06	0
1.438e+06	0
1.4381e+06	0
1.4382e+06	0
1.4383e+06	0
1.4384e+06	0
1.4385e+06	0
1.4386e+06	0
1.4387e+06	0
1.4388e+06	0
1.4389e+06	0
1.439e+06	0
1.4391e+06	0
1.4392e+06	0
1.4393e+06	0
1.4394e+06	0
1.4395e+06	0
1.4396e+06	0
1.4397e+06	0
1.4398e+06	0
1.4399e+06	0
1.44e+06	0
1.4401e+06	0
1.4402e+06	0
1.4403e+06	0
1.4404e+06	0
1.4405e+06	0
1.4406e+06	0
1.4407e+06	0
1.4408e+06	0
1.4409e+06	0
1.441e+06	0
1.4411e+06	0
1.4412e+06	0
1.4413e+06	0
1.4414e+06	0
1.4415e+06	0
1.4416e+06	0
1.4417e+06	0
1.4418e+06	0
1.4419e+06	0
1.442e+06	0
1.4421e+06	0
1.4422e+06	0
1.4423e+06	0
1.4424e+06	0
1.4425e+06	0
1.4426e+06	0
1.4427e+06	0
1.4428e+06	0
1.4429e+06	0
1.443e+06	0
1.4431e+06	0
1.4432e+06	0
1.4433e+06	0
1.4434e+06	0
1.4435e+06	0
1.4436e+06	0
1.4437e+06	0
1.4438e+06	0
1.4439e+06	0
1.444e+06	0
1.4441e+06	0
1.4442e+06	0
1.4443e+06	0
1.4444e+06	0
1.4445e+06	0
1.4446e+06	0
1.4447e+06	0
1.4448e+06	0
1.4449e+06	0
1.445e+06	0
1.4451e+06	0
1.4452e+06	0
1.4453e+06	0
1.4454e+06	0
1.4455e+06	0
1.4456e+06	0
1.4457e+06	0
1.4458e+06	0
1.4459e+06	0
1.446e+06	0
1.4461e+06	0
1.4462e+06	0
1.4463e+06	0
1.4464e+06	0
1.4465e+06	0
1.4466e+06	0
1.4467e+06	0
1.4468e+06	0
1.4469e+06	0
1.447e+06	0
1.4471e+06	0
1.4472e+06	0
1.4473e+06	0
1.4474e+06	0
1.4475e+06	0
1.4476e+06	0
1.4477e+06	0
1.4478e+06	0
1.4479e+06	0
1.448e+06	0
1.4481e+06	0
1.4482e+06	0
1.4483e+06	0
1.4484e+06	0
1.4485e+06	0
1.4486e+06	0
1.4487e+06	0
1.4488e+06	0
1.4489e+06	0
1.449e+06	0
1.4491e+06	0
1.4492e+06	0
1.4493e+06	0
1.4494e+06	0
1.4495e+06	0
1.4496e+06	0
1.4497e+06	0
1.4498e+06	0
1.4499e+06	0
1.45e+06	0
1.4501e+06	0
1.4502e+06	0
1.4503e+06	0
1.4504e+06	0
1.4505e+06	0
1.4506e+06	0
1.4507e+06	0
1.4508e+06	0
1.4509e+06	0
1.451e+06	0
1.4511e+06	0
1.4512e+06	0
1.4513e+06	0
1.4514e+06	0
1.4515e+06	0
1.4516e+06	0
1.4517e+06	0
1.4518e+06	0
1.4519e+06	0
1.452e+06	0
1.4521e+06	0
1.4522e+06	0
1.4523e+06	0
1.4524e+06	0
1.4525e+06	0
1.4526e+06	0
1.4527e+06	0
1.4528e+06	0
1.4529e+06	0
1.453e+06	0
1.4531e+06	0
1.4532e+06	0
1.4533e+06	0
1.4534e+06	0
1.4535e+06	0
1.4536e+06	0
1.4537e+06	0
1.4538e+06	0
1.4539e+06	0
1.454e+06	0
1.4541e+06	0
1.4542e+06	0
1.4543e+06	0
1.4544e+06	0
1.4545e+06	0
1.4546e+06	0
1.4547e+06	0
1.4548e+06	0
1.4549e+06	0
1.455e+06	0
1.4551e+06	0
1.4552e+06	0
1.4553e+06	0
1.4554e+06	0
1.4555e+06	0
1.4556e+06	0
1.4557e+06	0
1.4558e+06	0
1.4559e+06	0
1.456e+06	0
1.4561e+06	0
1.4562e+06	0
1.4563e+06	0
1.4564e+06	0
1.4565e+06	0
1.4566e+06	0
1.4567e+06	0
1.4568e+06	0
1.4569e+06	0
1.457e+06	0
1.4571e+06	0
1.4572e+06	0
1.4573e+06	0
1.4574e+06	0
1.4575e+06	0
1.4576e+06	0
1.4577e+06	0
1.4578e+06	0
1.4579e+06	0
1.458e+06	0
1.4581e+06	0
1.4582e+06	0
1.4583e+06	0
1.4584e+06	0
1.4585e+06	0
1.4586e+06	0
1.4587e+06	0
1.4588e+06	0
1.4589e+06	0
1.459e+06	0
1.4591e+06	0
1.4592e+06	0
1.4593e+06	0
1.4594e+06	0
1.4595e+06	0
1.4596e+06	0
1.4597e+06	0
1.4598e+06	0
1.4599e+06	0
1.46e+06	0
1.4601e+06	0
1.4602e+06	0
1.4603e+06	0
1.4604e+06	0
1.4605e+06	0
1.4606e+06	0
1.4607e+06	0
1.4608e+06	0
1.4609e+06	0
1.461e+06	0
1.4611e+06	0
1.4612e+06	0
1.4613e+06	0
1.4614e+06	0
1.4615e+06	0
1.4616e+06	0
1.4617e+06	0
1.4618e+06	0
1.4619e+06	0
1.462e+06	0
1.4621e+06	0
1.4622e+06	0
1.4623e+06	0
1.4624e+06	0
1.4625e+06	0
1.4626e+06	0
1.4627e+06	0
1.4628e+06	0
1.4629e+06	0
1.463e+06	0
1.4631e+06	0
1.4632e+06	0
1.4633e+06	0
1.4634e+06	0
1.4635e+06	0
1.4636e+06	0
1.4637e+06	0
1.4638e+06	0
1.4639e+06	0
1.464e+06	0
1.4641e+06	0
1.4642e+06	0
1.4643e+06	0
1.4644e+06	0
1.4645e+06	0
1.4646e+06	0
1.4647e+06	0
1.4648e+06	0
1.4649e+06	0
1.465e+06	0
1.4651e+06	0
1.4652e+06	0
1.4653e+06	0
1.4654e+06	0
1.4655e+06	0
1.4656e+06	0
1.4657e+06	0
1.4658e+06	0
1.4659e+06	0
1.466e+06	0
1.4661e+06	0
1.4662e+06	0
1.4663e+06	0
1.4664e+06	0
1.4665e+06	0
1.4666e+06	0
1.4667e+06	0
1.4668e+06	0
1.4669e+06	0
1.467e+06	0
1.4671e+06	0
1.4672e+06	0
1.4673e+06	0
1.4674e+06	0
1.4675e+06	0
1.4676e+06	0
1.4677e+06	0
1.4678e+06	0
1.4679e+06	0
1.468e+06	0
1.4681e+06	0
1.4682e+06	0
1.4683e+06	0
1.4684e+06	0
1.4685e+06	0
1.4686e+06	0
1.4687e+06	0
1.4688e+06	0
1.4689e+06	0
1.469e+06	0
1.4691e+06	0
1.4692e+06	0
1.4693e+06	0
1.4694e+06	0
1.4695e+06	0
1.4696e+06	0
1.4697e+06	0
1.4698e+06	0
1.4699e+06	0
1.47e+06	0
1.4701e+06	0
1.4702e+06	0
1.4703e+06	0
1.4704e+06	0
1.4705e+06	0
1.4706e+06	0
1.4707e+06	0
1.4708e+06	0
1.4709e+06	0
1.471e+06	0
1.4711e+06	0
1.4712e+06	0
1.4713e+06	0
1.4714e+06	0
1.4715e+06	0
1.4716e+06	0
1.4717e+06	0
1.4718e+06	0
1.4719e+06	0
1.472e+06	0
1.4721e+06	0
1.4722e+06	0
1.4723e+06	0
1.4724e+06	0
1.4725e+06	0
1.4726e+06	0
1.4727e+06	0
1.4728e+06	0
1.4729e+06	0
1.473e+06	0
1.4731e+06	0
1.4732e+06	0
1.4733e+06	0
1.4734e+06	0
1.4735e+06	0
1.4736e+06	0
1.4737e+06	0
1.4738e+06	0
1.4739e+06	0
1.474e+06	0
1.4741e+06	0
1.4742e+06	0
1.4743e+06	0
1.4744e+06	0
1.4745e+06	0
1.4746e+06	0
1.4747e+06	0
1.4748e+06	0
1.4749e+06	0
1.475e+06	0
1.4751e+06	0
1.4752e+06	0
1.4753e+06	0
1.4754e+06	0
1.4755e+06	0
1.4756e+06	0
1.4757e+06	0
1.4758e+06	0
1.4759e+06	0
1.476e+06	0
1.4761e+06	0
1.4762e+06	0
1.4763e+06	0
1.4764e+06	0
1.4765e+06	0
1.4766e+06	0
1.4767e+06	0
1.4768e+06	0
1.4769e+06	0
1.477e+06	0
1.4771e+06	0
1.4772e+06	0
1.4773e+06	0
1.4774e+06	0
1.4775e+06	0
1.4776e+06	0
1.4777e+06	0
1.4778e+06	0
1.4779e+06	0
1.478e+06	0
1.4781e+06	0
1.4782e+06	0
1.4783e+06	0
1.4784e+06	0
1.4785e+06	0
1.4786e+06	0
1.4787e+06	0
1.4788e+06	0
1.4789e+06	0
1.479e+06	0
1.4791e+06	0
1.4792e+06	0
1.4793e+06	0
1.4794e+06	0
1.4795e+06	0
1.4796e+06	0
1.4797e+06	0
1.4798e+06	0
1.4799e+06	0
1.48e+06	0
1.4801e+06	0
1.4802e+06	0
1.4803e+06	0
1.4804e+06	0
1.4805e+06	0
1.4806e+06	0
1.4807e+06	0
1.4808e+06	0
1.4809e+06	0
1.481e+06	0
1.4811e+06	0
1.4812e+06	0
1.4813e+06	0
1.4814e+06	0
1.4815e+06	0
1.4816e+06	0
1.4817e+06	0
1.4818e+06	0
1.4819e+06	0
1.482e+06	0
1.4821e+06	0
1.4822e+06	0
1.4823e+06	0
1.4824e+06	0
1.4825e+06	0
1.4826e+06	0
1.4827e+06	0
1.4828e+06	0
1.4829e+06	0
1.483e+06	0
1.4831e+06	0
1.4832e+06	0
1.4833e+06	0
1.4834e+06	0
1.4835e+06	0
1.4836e+06	0
1.4837e+06	0
1.4838e+06	0
1.4839e+06	0
1.484e+06	0
1.4841e+06	0
1.4842e+06	0
1.4843e+06	0
1.4844e+06	0
1.4845e+06	0
1.4846e+06	0
1.4847e+06	0
1.4848e+06	0
1.4849e+06	0
1.485e+06	0
1.4851e+06	0
1.4852e+06	0
1.4853e+06	0
1.4854e+06	0
1.4855e+06	0
1.4856e+06	0
1.4857e+06	0
1.4858e+06	0
1.4859e+06	0
1.486e+06	0
1.4861e+06	0
1.4862e+06	0
1.4863e+06	0
1.4864e+06	0
1.4865e+06	0
1.4866e+06	0
1.4867e+06	0
1.4868e+06	0
1.4869e+06	0
1.487e+06	0
1.4871e+06	0
1.4872e+06	0
1.4873e+06	0
1.4874e+06	0
1.4875e+06	0
1.4876e+06	0
1.4877e+06	0
1.4878e+06	0
1.4879e+06	0
1.488e+06	0
1.4881e+06	0
1.4882e+06	0
1.4883e+06	0
1.4884e+06	0
1.4885e+06	0
1.4886e+06	0
1.4887e+06	0
1.4888e+06	0
1.4889e+06	0
1.489e+06	0
1.4891e+06	0
1.4892e+06	0
1.4893e+06	0
1.4894e+06	0
1.4895e+06	0
1.4896e+06	0
1.4897e+06	0
1.4898e+06	0
1.4899e+06	0
1.49e+06	0
1.4901e+06	0
1.4902e+06	0
1.4903e+06	0
1.4904e+06	0
1.4905e+06	0
1.4906e+06	0
1.4907e+06	0
1.4908e+06	0
1.4909e+06	0
1.491e+06	0
1.4911e+06	0
1.4912e+06	0
1.4913e+06	0
1.4914e+06	0
1.4915e+06	0
1.4916e+06	0
1.4917e+06	0
1.4918e+06	0
1.4919e+06	0
1.492e+06	0
1.4921e+06	0
1.4922e+06	0
1.4923e+06	0
1.4924e+06	0
1.4925e+06	0
1.4926e+06	0
1.4927e+06	0
1.4928e+06	0
1.4929e+06	0
1.493e+06	0
1.4931e+06	0
1.4932e+06	0
1.4933e+06	0
1.4934e+06	0
1.4935e+06	0
1.4936e+06	0
1.4937e+06	0
1.4938e+06	0
1.4939e+06	0
1.494e+06	0
1.4941e+06	0
1.4942e+06	0
1.4943e+06	0
1.4944e+06	0
1.4945e+06	0
1.4946e+06	0
1.4947e+06	0
1.4948e+06	0
1.4949e+06	0
1.495e+06	0
1.4951e+06	0
1.4952e+06	0
1.4953e+06	0
1.4954e+06	0
1.4955e+06	0
1.4956e+06	0
1.4957e+06	0
1.4958e+06	0
1.4959e+06	0
1.496e+06	0
1.4961e+06	0
1.4962e+06	0
1.4963e+06	0
1.4964e+06	0
1.4965e+06	0
1.4966e+06	0
1.4967e+06	0
1.4968e+06	0
1.4969e+06	0
1.497e+06	0
1.4971e+06	0
1.4972e+06	0
1.4973e+06	0
1.4974e+06	0
1.4975e+06	0
1.4976e+06	0
1.4977e+06	0
1.4978e+06	0
1.4979e+06	0
1.498e+06	0
1.4981e+06	0
1.4982e+06	0
1.4983e+06	0
1.4984e+06	0
1.4985e+06	0
1.4986e+06	0
1.4987e+06	0
1.4988e+06	0
1.4989e+06	0
1.499e+06	0
1.4991e+06	0
1.4992e+06	0
1.4993e+06	0
1.4994e+06	0
1.4995e+06	0
1.4996e+06	0
1.4997e+06	0
1.4998e+06	0
1.4999e+06	0
1.5e+06	0
1.5001e+06	0
1.5002e+06	0
1.5003e+06	0
1.5004e+06	0
1.5005e+06	0
1.5006e+06	0
1.5007e+06	0
1.5008e+06	0
1.5009e+06	0
1.501e+06	0
1.5011e+06	0
1.5012e+06	0
1.5013e+06	0
1.5014e+06	0
1.5015e+06	0
1.5016e+06	0
1.5017e+06	0
1.5018e+06	0
1.5019e+06	0
1.502e+06	0
1.5021e+06	0
1.5022e+06	0
1.5023e+06	0
1.5024e+06	0
1.5025e+06	0
1.5026e+06	0
1.5027e+06	0
1.5028e+06	0
1.5029e+06	0
1.503e+06	0
1.5031e+06	0
1.5032e+06	0
1.5033e+06	0
1.5034e+06	0
1.5035e+06	0
1.5036e+06	0
1.5037e+06	0
1.5038e+06	0
1.5039e+06	0
1.504e+06	0
1.5041e+06	0
1.5042e+06	0
1.5043e+06	0
1.5044e+06	0
1.5045e+06	0
1.5046e+06	0
1.5047e+06	0
1.5048e+06	0
1.5049e+06	0
1.505e+06	0
1.5051e+06	0
1.5052e+06	0
1.5053e+06	0
1.5054e+06	0
1.5055e+06	0
1.5056e+06	0
1.5057e+06	0
1.5058e+06	0
1.5059e+06	0
1.506e+06	0
1.5061e+06	0
1.5062e+06	0
1.5063e+06	0
1.5064e+06	0
1.5065e+06	0
1.5066e+06	0
1.5067e+06	0
1.5068e+06	0
1.5069e+06	0
1.507e+06	0
1.5071e+06	0
1.5072e+06	0
1.5073e+06	0
1.5074e+06	0
1.5075e+06	0
1.5076e+06	0
1.5077e+06	0
1.5078e+06	0
1.5079e+06	0
1.508e+06	0
1.5081e+06	0
1.5082e+06	0
1.5083e+06	0
1.5084e+06	0
1.5085e+06	0
1.5086e+06	0
1.5087e+06	0
1.5088e+06	0
1.5089e+06	0
1.509e+06	0
1.5091e+06	0
1.5092e+06	0
1.5093e+06	0
1.5094e+06	0
1.5095e+06	0
1.5096e+06	0
1.5097e+06	0
1.5098e+06	0
1.5099e+06	0
1.51e+06	0
1.5101e+06	0
1.5102e+06	0
1.5103e+06	0
1.5104e+06	0
1.5105e+06	0
1.5106e+06	0
1.5107e+06	0
1.5108e+06	0
1.5109e+06	0
1.511e+06	0
1.5111e+06	0
1.5112e+06	0
1.5113e+06	0
1.5114e+06	0
1.5115e+06	0
1.5116e+06	0
1.5117e+06	0
1.5118e+06	0
1.5119e+06	0
1.512e+06	0
1.5121e+06	0
1.5122e+06	0
1.5123e+06	0
1.5124e+06	0
1.5125e+06	0
1.5126e+06	0
1.5127e+06	0
1.5128e+06	0
1.5129e+06	0
1.513e+06	0
1.5131e+06	0
1.5132e+06	0
1.5133e+06	0
1.5134e+06	0
1.5135e+06	0
1.5136e+06	0
1.5137e+06	0
1.5138e+06	0
1.5139e+06	0
1.514e+06	0
1.5141e+06	0
1.5142e+06	0
1.5143e+06	0
1.5144e+06	0
1.5145e+06	0
1.5146e+06	0
1.5147e+06	0
1.5148e+06	0
1.5149e+06	0
1.515e+06	0
1.5151e+06	0
1.5152e+06	0
1.5153e+06	0
1.5154e+06	0
1.5155e+06	0
1.5156e+06	0
1.5157e+06	0
1.5158e+06	0
1.5159e+06	0
1.516e+06	0
1.5161e+06	0
1.5162e+06	0
1.5163e+06	0
1.5164e+06	0
1.5165e+06	0
1.5166e+06	0
1.5167e+06	0
1.5168e+06	0
1.5169e+06	0
1.517e+06	0
1.5171e+06	0
1.5172e+06	0
1.5173e+06	0
1.5174e+06	0
1.5175e+06	0
1.5176e+06	0
1.5177e+06	0
1.5178e+06	0
1.5179e+06	0
1.518e+06	0
1.5181e+06	0
1.5182e+06	0
1.5183e+06	0
1.5184e+06	0
1.5185e+06	0
1.5186e+06	0
1.5187e+06	0
1.5188e+06	0
1.5189e+06	0
1.519e+06	0
1.5191e+06	0
1.5192e+06	0
1.5193e+06	0
1.5194e+06	0
1.5195e+06	0
1.5196e+06	0
1.5197e+06	0
1.5198e+06	0
1.5199e+06	0
1.52e+06	0
1.5201e+06	0
1.5202e+06	0
1.5203e+06	0
1.5204e+06	0
1.5205e+06	0
1.5206e+06	0
1.5207e+06	0
1.5208e+06	0
1.5209e+06	0
1.521e+06	0
1.5211e+06	0
1.5212e+06	0
1.5213e+06	0
1.5214e+06	0
1.5215e+06	0
1.5216e+06	0
1.5217e+06	0
1.5218e+06	0
1.5219e+06	0
1.522e+06	0
1.5221e+06	0
1.5222e+06	0
1.5223e+06	0
1.5224e+06	0
1.5225e+06	0
1.5226e+06	0
1.5227e+06	0
1.5228e+06	0
1.5229e+06	0
1.523e+06	0
1.5231e+06	0
1.5232e+06	0
1.5233e+06	0
1.5234e+06	0
1.5235e+06	0
1.5236e+06	0
1.5237e+06	0
1.5238e+06	0
1.5239e+06	0
1.524e+06	0
1.5241e+06	0
1.5242e+06	0
1.5243e+06	0
1.5244e+06	0
1.5245e+06	0
1.5246e+06	0
1.5247e+06	0
1.5248e+06	0
1.5249e+06	0
1.525e+06	0
1.5251e+06	0
1.5252e+06	0
1.5253e+06	0
1.5254e+06	0
1.5255e+06	0
1.5256e+06	0
1.5257e+06	0
1.5258e+06	0
1.5259e+06	0
1.526e+06	0
1.5261e+06	0
1.5262e+06	0
1.5263e+06	0
1.5264e+06	0
1.5265e+06	0
1.5266e+06	0
1.5267e+06	0
1.5268e+06	0
1.5269e+06	0
1.527e+06	0
1.5271e+06	0
1.5272e+06	0
1.5273e+06	0
1.5274e+06	0
1.5275e+06	0
1.5276e+06	0
1.5277e+06	0
1.5278e+06	0
1.5279e+06	0
1.528e+06	0
1.5281e+06	0
1.5282e+06	0
1.5283e+06	0
1.5284e+06	0
1.5285e+06	0
1.5286e+06	0
1.5287e+06	0
1.5288e+06	0
1.5289e+06	0
1.529e+06	0
1.5291e+06	0
1.5292e+06	0
1.5293e+06	0
1.5294e+06	0
1.5295e+06	0
1.5296e+06	0
1.5297e+06	0
1.5298e+06	0
1.5299e+06	0
1.53e+06	0
1.5301e+06	0
1.5302e+06	0
1.5303e+06	0
1.5304e+06	0
1.5305e+06	0
1.5306e+06	0
1.5307e+06	0
1.5308e+06	0
1.5309e+06	0
1.531e+06	0
1.5311e+06	0
1.5312e+06	0
1.5313e+06	0
1.5314e+06	0
1.5315e+06	0
1.5316e+06	0
1.5317e+06	0
1.5318e+06	0
1.5319e+06	0
1.532e+06	0
1.5321e+06	0
1.5322e+06	0
1.5323e+06	0
1.5324e+06	0
1.5325e+06	0
1.5326e+06	0
1.5327e+06	0
1.5328e+06	0
1.5329e+06	0
1.533e+06	0
1.5331e+06	0
1.5332e+06	0
1.5333e+06	0
1.5334e+06	0
1.5335e+06	0
1.5336e+06	0
1.5337e+06	0
1.5338e+06	0
1.5339e+06	0
1.534e+06	0
1.5341e+06	0
1.5342e+06	0
1.5343e+06	0
1.5344e+06	0
1.5345e+06	0
1.5346e+06	0
1.5347e+06	0
1.5348e+06	0
1.5349e+06	0
1.535e+06	0
1.5351e+06	0
1.5352e+06	0
1.5353e+06	0
1.5354e+06	0
1.5355e+06	0
1.5356e+06	0
1.5357e+06	0
1.5358e+06	0
1.5359e+06	0
1.536e+06	0
1.5361e+06	0
1.5362e+06	0
1.5363e+06	0
1.5364e+06	0
1.5365e+06	0
1.5366e+06	0
1.5367e+06	0
1.5368e+06	0
1.5369e+06	0
1.537e+06	0
1.5371e+06	0
1.5372e+06	0
1.5373e+06	0
1.5374e+06	0
1.5375e+06	0
1.5376e+06	0
1.5377e+06	0
1.5378e+06	0
1.5379e+06	0
1.538e+06	0
1.5381e+06	0
1.5382e+06	0
1.5383e+06	0
1.5384e+06	0
1.5385e+06	0
1.5386e+06	0
1.5387e+06	0
1.5388e+06	0
1.5389e+06	0
1.539e+06	0
1.5391e+06	0
1.5392e+06	0
1.5393e+06	0
1.5394e+06	0
1.5395e+06	0
1.5396e+06	0
1.5397e+06	0
1.5398e+06	0
1.5399e+06	0
1.54e+06	0
1.5401e+06	0
1.5402e+06	0
1.5403e+06	0
1.5404e+06	0
1.5405e+06	0
1.5406e+06	0
1.5407e+06	0
1.5408e+06	0
1.5409e+06	0
1.541e+06	0
1.5411e+06	0
1.5412e+06	0
1.5413e+06	0
1.5414e+06	0
1.5415e+06	0
1.5416e+06	0
1.5417e+06	0
1.5418e+06	0
1.5419e+06	0
1.542e+06	0
1.5421e+06	0
1.5422e+06	0
1.5423e+06	0
1.5424e+06	0
1.5425e+06	0
1.5426e+06	0
1.5427e+06	0
1.5428e+06	0
1.5429e+06	0
1.543e+06	0
1.5431e+06	0
1.5432e+06	0
1.5433e+06	0
1.5434e+06	0
1.5435e+06	0
1.5436e+06	0
1.5437e+06	0
1.5438e+06	0
1.5439e+06	0
1.544e+06	0
1.5441e+06	0
1.5442e+06	0
1.5443e+06	0
1.5444e+06	0
1.5445e+06	0
1.5446e+06	0
1.5447e+06	0
1.5448e+06	0
1.5449e+06	0
1.545e+06	0
1.5451e+06	0
1.5452e+06	0
1.5453e+06	0
1.5454e+06	0
1.5455e+06	0
1.5456e+06	0
1.5457e+06	0
1.5458e+06	0
1.5459e+06	0
1.546e+06	0
1.5461e+06	0
1.5462e+06	0
1.5463e+06	0
1.5464e+06	0
1.5465e+06	0
1.5466e+06	0
1.5467e+06	0
1.5468e+06	0
1.5469e+06	0
1.547e+06	0
1.5471e+06	0
1.5472e+06	0
1.5473e+06	0
1.5474e+06	0
1.5475e+06	0
1.5476e+06	0
1.5477e+06	0
1.5478e+06	0
1.5479e+06	0
1.548e+06	0
1.5481e+06	0
1.5482e+06	0
1.5483e+06	0
1.5484e+06	0
1.5485e+06	0
1.5486e+06	0
1.5487e+06	0
1.5488e+06	0
1.5489e+06	0
1.549e+06	0
1.5491e+06	0
1.5492e+06	0
1.5493e+06	0
1.5494e+06	0
1.5495e+06	0
1.5496e+06	0
1.5497e+06	0
1.5498e+06	0
1.5499e+06	0
1.55e+06	0
1.5501e+06	0
1.5502e+06	0
1.5503e+06	0
1.5504e+06	0
1.5505e+06	0
1.5506e+06	0
1.5507e+06	0
1.5508e+06	0
1.5509e+06	0
1.551e+06	0
1.5511e+06	0
1.5512e+06	0
1.5513e+06	0
1.5514e+06	0
1.5515e+06	0
1.5516e+06	0
1.5517e+06	0
1.5518e+06	0
1.5519e+06	0
1.552e+06	0
1.5521e+06	0
1.5522e+06	0
1.5523e+06	0
1.5524e+06	0
1.5525e+06	0
1.5526e+06	0
1.5527e+06	0
1.5528e+06	0
1.5529e+06	0
1.553e+06	0
1.5531e+06	0
1.5532e+06	0
1.5533e+06	0
1.5534e+06	0
1.5535e+06	0
1.5536e+06	0
1.5537e+06	0
1.5538e+06	0
1.5539e+06	0
1.554e+06	0
1.5541e+06	0
1.5542e+06	0
1.5543e+06	0
1.5544e+06	0
1.5545e+06	0
1.5546e+06	0
1.5547e+06	0
1.5548e+06	0
1.5549e+06	0
1.555e+06	0
1.5551e+06	0
1.5552e+06	0
1.5553e+06	0
1.5554e+06	0
1.5555e+06	0
1.5556e+06	0
1.5557e+06	0
1.5558e+06	0
1.5559e+06	0
1.556e+06	0
1.5561e+06	0
1.5562e+06	0
1.5563e+06	0
1.5564e+06	0
1.5565e+06	0
1.5566e+06	0
1.5567e+06	0
1.5568e+06	0
1.5569e+06	0
1.557e+06	0
1.5571e+06	0
1.5572e+06	0
1.5573e+06	0
1.5574e+06	0
1.5575e+06	0
1.5576e+06	0
1.5577e+06	0
1.5578e+06	0
1.5579e+06	0
1.558e+06	0
1.5581e+06	0
1.5582e+06	0
1.5583e+06	0
1.5584e+06	0
1.5585e+06	0
1.5586e+06	0
1.5587e+06	0
1.5588e+06	0
1.5589e+06	0
1.559e+06	0
1.5591e+06	0
1.5592e+06	0
1.5593e+06	0
1.5594e+06	0
1.5595e+06	0
1.5596e+06	0
1.5597e+06	0
1.5598e+06	0
1.5599e+06	0
1.56e+06	0
1.5601e+06	0
1.5602e+06	0
1.5603e+06	0
1.5604e+06	0
1.5605e+06	0
1.5606e+06	0
1.5607e+06	0
1.5608e+06	0
1.5609e+06	0
1.561e+06	0
1.5611e+06	0
1.5612e+06	0
1.5613e+06	0
1.5614e+06	0
1.5615e+06	0
1.5616e+06	0
1.5617e+06	0
1.5618e+06	0
1.5619e+06	0
1.562e+06	0
1.5621e+06	0
1.5622e+06	0
1.5623e+06	0
1.5624e+06	0
1.5625e+06	0
1.5626e+06	0
1.5627e+06	0
1.5628e+06	0
1.5629e+06	0
1.563e+06	0
1.5631e+06	0
1.5632e+06	0
1.5633e+06	0
1.5634e+06	0
1.5635e+06	0
1.5636e+06	0
1.5637e+06	0
1.5638e+06	0
1.5639e+06	0
1.564e+06	0
1.5641e+06	0
1.5642e+06	0
1.5643e+06	0
1.5644e+06	0
1.5645e+06	0
1.5646e+06	0
1.5647e+06	0
1.5648e+06	0
1.5649e+06	0
1.565e+06	0
1.5651e+06	0
1.5652e+06	0
1.5653e+06	0
1.5654e+06	0
1.5655e+06	0
1.5656e+06	0
1.5657e+06	0
1.5658e+06	0
1.5659e+06	0
1.566e+06	0
1.5661e+06	0
1.5662e+06	0
1.5663e+06	0
1.5664e+06	0
1.5665e+06	0
1.5666e+06	0
1.5667e+06	0
1.5668e+06	0
1.5669e+06	0
1.567e+06	0
1.5671e+06	0
1.5672e+06	0
1.5673e+06	0
1.5674e+06	0
1.5675e+06	0
1.5676e+06	0
1.5677e+06	0
1.5678e+06	0
1.5679e+06	0
1.568e+06	0
1.5681e+06	0
1.5682e+06	0
1.5683e+06	0
1.5684e+06	0
1.5685e+06	0
1.5686e+06	0
1.5687e+06	0
1.5688e+06	0
1.5689e+06	0
1.569e+06	0
1.5691e+06	0
1.5692e+06	0
1.5693e+06	0
1.5694e+06	0
1.5695e+06	0
1.5696e+06	0
1.5697e+06	0
1.5698e+06	0
1.5699e+06	0
1.57e+06	0
1.5701e+06	0
1.5702e+06	0
1.5703e+06	0
1.5704e+06	0
1.5705e+06	0
1.5706e+06	0
1.5707e+06	0
1.5708e+06	0
1.5709e+06	0
1.571e+06	0
1.5711e+06	0
1.5712e+06	0
1.5713e+06	0
1.5714e+06	0
1.5715e+06	0
1.5716e+06	0
1.5717e+06	0
1.5718e+06	0
1.5719e+06	0
1.572e+06	0
1.5721e+06	0
1.5722e+06	0
1.5723e+06	0
1.5724e+06	0
1.5725e+06	0
1.5726e+06	0
1.5727e+06	0
1.5728e+06	0
1.5729e+06	0
1.573e+06	0
1.5731e+06	0
1.5732e+06	0
1.5733e+06	0
1.5734e+06	0
1.5735e+06	0
1.5736e+06	0
1.5737e+06	0
1.5738e+06	0
1.5739e+06	0
1.574e+06	0
1.5741e+06	0
1.5742e+06	0
1.5743e+06	0
1.5744e+06	0
1.5745e+06	0
1.5746e+06	0
1.5747e+06	0
1.5748e+06	0
1.5749e+06	0
1.575e+06	0
1.5751e+06	0
1.5752e+06	0
1.5753e+06	0
1.5754e+06	0
1.5755e+06	0
1.5756e+06	0
1.5757e+06	0
1.5758e+06	0
1.5759e+06	0
1.576e+06	0
1.5761e+06	0
1.5762e+06	0
1.5763e+06	0
1.5764e+06	0
1.5765e+06	0
1.5766e+06	0
1.5767e+06	0
1.5768e+06	0
1.5769e+06	0
1.577e+06	0
1.5771e+06	0
1.5772e+06	0
1.5773e+06	0
1.5774e+06	0
1.5775e+06	0
1.5776e+06	0
1.5777e+06	0
1.5778e+06	0
1.5779e+06	0
1.578e+06	0
1.5781e+06	0
1.5782e+06	0
1.5783e+06	0
1.5784e+06	0
1.5785e+06	0
1.5786e+06	0
1.5787e+06	0
1.5788e+06	0
1.5789e+06	0
1.579e+06	0
1.5791e+06	0
1.5792e+06	0
1.5793e+06	0
1.5794e+06	0
1.5795e+06	0
1.5796e+06	0
1.5797e+06	0
1.5798e+06	0
1.5799e+06	0
1.58e+06	0
1.5801e+06	0
1.5802e+06	0
1.5803e+06	0
1.5804e+06	0
1.5805e+06	0
1.5806e+06	0
1.5807e+06	0
1.5808e+06	0
1.5809e+06	0
1.581e+06	0
1.5811e+06	0
1.5812e+06	0
1.5813e+06	0
1.5814e+06	0
1.5815e+06	0
1.5816e+06	0
1.5817e+06	0
1.5818e+06	0
1.5819e+06	0
1.582e+06	0
1.5821e+06	0
1.5822e+06	0
1.5823e+06	0
1.5824e+06	0
1.5825e+06	0
1.5826e+06	0
1.5827e+06	0
1.5828e+06	0
1.5829e+06	0
1.583e+06	0
1.5831e+06	0
1.5832e+06	0
1.5833e+06	0
1.5834e+06	0
1.5835e+06	0
1.5836e+06	0
1.5837e+06	0
1.5838e+06	0
1.5839e+06	0
1.584e+06	0
1.5841e+06	0
1.5842e+06	0
1.5843e+06	0
1.5844e+06	0
1.5845e+06	0
1.5846e+06	0
1.5847e+06	0
1.5848e+06	0
1.5849e+06	0
1.585e+06	0
1.5851e+06	0
1.5852e+06	0
1.5853e+06	0
1.5854e+06	0
1.5855e+06	0
1.5856e+06	0
1.5857e+06	0
1.5858e+06	0
1.5859e+06	0
1.586e+06	0
1.5861e+06	0
1.5862e+06	0
1.5863e+06	0
1.5864e+06	0
1.5865e+06	0
1.5866e+06	0
1.5867e+06	0
1.5868e+06	0
1.5869e+06	0
1.587e+06	0
1.5871e+06	0
1.5872e+06	0
1.5873e+06	0
1.5874e+06	0
1.5875e+06	0
1.5876e+06	0
1.5877e+06	0
1.5878e+06	0
1.5879e+06	0
1.588e+06	0
1.5881e+06	0
1.5882e+06	0
1.5883e+06	0
1.5884e+06	0
1.5885e+06	0
1.5886e+06	0
1.5887e+06	0
1.5888e+06	0
1.5889e+06	0
1.589e+06	0
1.5891e+06	0
1.5892e+06	0
1.5893e+06	0
1.5894e+06	0
1.5895e+06	0
1.5896e+06	0
1.5897e+06	0
1.5898e+06	0
1.5899e+06	0
1.59e+06	0
1.5901e+06	0
1.5902e+06	0
1.5903e+06	0
1.5904e+06	0
1.5905e+06	0
1.5906e+06	0
1.5907e+06	0
1.5908e+06	0
1.5909e+06	0
1.591e+06	0
1.5911e+06	0
1.5912e+06	0
1.5913e+06	0
1.5914e+06	0
1.5915e+06	0
1.5916e+06	0
1.5917e+06	0
1.5918e+06	0
1.5919e+06	0
1.592e+06	0
1.5921e+06	0
1.5922e+06	0
1.5923e+06	0
1.5924e+06	0
1.5925e+06	0
1.5926e+06	0
1.5927e+06	0
1.5928e+06	0
1.5929e+06	0
1.593e+06	0
1.5931e+06	0
1.5932e+06	0
1.5933e+06	0
1.5934e+06	0
1.5935e+06	0
1.5936e+06	0
1.5937e+06	0
1.5938e+06	0
1.5939e+06	0
1.594e+06	0
1.5941e+06	0
1.5942e+06	0
1.5943e+06	0
1.5944e+06	0
1.5945e+06	0
1.5946e+06	0
1.5947e+06	0
1.5948e+06	0
1.5949e+06	0
1.595e+06	0
1.5951e+06	0
1.5952e+06	0
1.5953e+06	0
1.5954e+06	0
1.5955e+06	0
1.5956e+06	0
1.5957e+06	0
1.5958e+06	0
1.5959e+06	0
1.596e+06	0
1.5961e+06	0
1.5962e+06	0
1.5963e+06	0
1.5964e+06	0
1.5965e+06	0
1.5966e+06	0
1.5967e+06	0
1.5968e+06	0
1.5969e+06	0
1.597e+06	0
1.5971e+06	0
1.5972e+06	0
1.5973e+06	0
1.5974e+06	0
1.5975e+06	0
1.5976e+06	0
1.5977e+06	0
1.5978e+06	0
1.5979e+06	0
1.598e+06	0
1.5981e+06	0
1.5982e+06	0
1.5983e+06	0
1.5984e+06	0
1.5985e+06	0
1.5986e+06	0
1.5987e+06	0
1.5988e+06	0
1.5989e+06	0
1.599e+06	0
1.5991e+06	0
1.5992e+06	0
1.5993e+06	0
1.5994e+06	0
1.5995e+06	0
1.5996e+06	0
1.5997e+06	0
1.5998e+06	0
1.5999e+06	0
1.6e+06	0
1.6001e+06	0
1.6002e+06	0
1.6003e+06	0
1.6004e+06	0
1.6005e+06	0
1.6006e+06	0
1.6007e+06	0
1.6008e+06	0
1.6009e+06	0
1.601e+06	0
1.6011e+06	0
1.6012e+06	0
1.6013e+06	0
1.6014e+06	0
1.6015e+06	0
1.6016e+06	0
1.6017e+06	0
1.6018e+06	0
1.6019e+06	0
1.602e+06	0
1.6021e+06	0
1.6022e+06	0
1.6023e+06	0
1.6024e+06	0
1.6025e+06	0
1.6026e+06	0
1.6027e+06	0
1.6028e+06	0
1.6029e+06	0
1.603e+06	0
1.6031e+06	0
1.6032e+06	0
1.6033e+06	0
1.6034e+06	0
1.6035e+06	0
1.6036e+06	0
1.6037e+06	0
1.6038e+06	0
1.6039e+06	0
1.604e+06	0
1.6041e+06	0
1.6042e+06	0
1.6043e+06	0
1.6044e+06	0
1.6045e+06	0
1.6046e+06	0
1.6047e+06	0
1.6048e+06	0
1.6049e+06	0
1.605e+06	0
1.6051e+06	0
1.6052e+06	0
1.6053e+06	0
1.6054e+06	0
1.6055e+06	0
1.6056e+06	0
1.6057e+06	0
1.6058e+06	0
1.6059e+06	0
1.606e+06	0
1.6061e+06	0
1.6062e+06	0
1.6063e+06	0
1.6064e+06	0
1.6065e+06	0
1.6066e+06	0
1.6067e+06	0
1.6068e+06	0
1.6069e+06	0
1.607e+06	0
1.6071e+06	0
1.6072e+06	0
1.6073e+06	0
1.6074e+06	0
1.6075e+06	0
1.6076e+06	0
1.6077e+06	0
1.6078e+06	0
1.6079e+06	0
1.608e+06	0
1.6081e+06	0
1.6082e+06	0
1.6083e+06	0
1.6084e+06	0
1.6085e+06	0
1.6086e+06	0
1.6087e+06	0
1.6088e+06	0
1.6089e+06	0
1.609e+06	0
1.6091e+06	0
1.6092e+06	0
1.6093e+06	0
1.6094e+06	0
1.6095e+06	0
1.6096e+06	0
1.6097e+06	0
1.6098e+06	0
1.6099e+06	0
1.61e+06	0
1.6101e+06	0
1.6102e+06	0
1.6103e+06	0
1.6104e+06	0
1.6105e+06	0
1.6106e+06	0
1.6107e+06	0
1.6108e+06	0
1.6109e+06	0
1.611e+06	0
1.6111e+06	0
1.6112e+06	0
1.6113e+06	0
1.6114e+06	0
1.6115e+06	0
1.6116e+06	0
1.6117e+06	0
1.6118e+06	0
1.6119e+06	0
1.612e+06	0
1.6121e+06	0
1.6122e+06	0
1.6123e+06	0
1.6124e+06	0
1.6125e+06	0
1.6126e+06	0
1.6127e+06	0
1.6128e+06	0
1.6129e+06	0
1.613e+06	0
1.6131e+06	0
1.6132e+06	0
1.6133e+06	0
1.6134e+06	0
1.6135e+06	0
1.6136e+06	0
1.6137e+06	0
1.6138e+06	0
1.6139e+06	0
1.614e+06	0
1.6141e+06	0
1.6142e+06	0
1.6143e+06	0
1.6144e+06	0
1.6145e+06	0
1.6146e+06	0
1.6147e+06	0
1.6148e+06	0
1.6149e+06	0
1.615e+06	0
1.6151e+06	0
1.6152e+06	0
1.6153e+06	0
1.6154e+06	0
1.6155e+06	0
1.6156e+06	0
1.6157e+06	0
1.6158e+06	0
1.6159e+06	0
1.616e+06	0
1.6161e+06	0
1.6162e+06	0
1.6163e+06	0
1.6164e+06	0
1.6165e+06	0
1.6166e+06	0
1.6167e+06	0
1.6168e+06	0
1.6169e+06	0
1.617e+06	0
1.6171e+06	0
1.6172e+06	0
1.6173e+06	0
1.6174e+06	0
1.6175e+06	0
1.6176e+06	0
1.6177e+06	0
1.6178e+06	0
1.6179e+06	0
1.618e+06	0
1.6181e+06	0
1.6182e+06	0
1.6183e+06	0
1.6184e+06	0
1.6185e+06	0
1.6186e+06	0
1.6187e+06	0
1.6188e+06	0
1.6189e+06	0
1.619e+06	0
1.6191e+06	0
1.6192e+06	0
1.6193e+06	0
1.6194e+06	0
1.6195e+06	0
1.6196e+06	0
1.6197e+06	0
1.6198e+06	0
1.6199e+06	0
1.62e+06	0
1.6201e+06	0
1.6202e+06	0
1.6203e+06	0
1.6204e+06	0
1.6205e+06	0
1.6206e+06	0
1.6207e+06	0
1.6208e+06	0
1.6209e+06	0
1.621e+06	0
1.6211e+06	0
1.6212e+06	0
1.6213e+06	0
1.6214e+06	0
1.6215e+06	0
1.6216e+06	0
1.6217e+06	0
1.6218e+06	0
1.6219e+06	0
1.622e+06	0
1.6221e+06	0
1.6222e+06	0
1.6223e+06	0
1.6224e+06	0
1.6225e+06	0
1.6226e+06	0
1.6227e+06	0
1.6228e+06	0
1.6229e+06	0
1.623e+06	0
1.6231e+06	0
1.6232e+06	0
1.6233e+06	0
1.6234e+06	0
1.6235e+06	0
1.6236e+06	0
1.6237e+06	0
1.6238e+06	0
1.6239e+06	0
1.624e+06	0
1.6241e+06	0
1.6242e+06	0
1.6243e+06	0
1.6244e+06	0
1.6245e+06	0
1.6246e+06	0
1.6247e+06	0
1.6248e+06	0
1.6249e+06	0
1.625e+06	0
1.6251e+06	0
1.6252e+06	0
1.6253e+06	0
1.6254e+06	0
1.6255e+06	0
1.6256e+06	0
1.6257e+06	0
1.6258e+06	0
1.6259e+06	0
1.626e+06	0
1.6261e+06	0
1.6262e+06	0
1.6263e+06	0
1.6264e+06	0
1.6265e+06	0
1.6266e+06	0
1.6267e+06	0
1.6268e+06	0
1.6269e+06	0
1.627e+06	0
1.6271e+06	0
1.6272e+06	0
1.6273e+06	0
1.6274e+06	0
1.6275e+06	0
1.6276e+06	0
1.6277e+06	0
1.6278e+06	0
1.6279e+06	0
1.628e+06	0
1.6281e+06	0
1.6282e+06	0
1.6283e+06	0
1.6284e+06	0
1.6285e+06	0
1.6286e+06	0
1.6287e+06	0
1.6288e+06	0
1.6289e+06	0
1.629e+06	0
1.6291e+06	0
1.6292e+06	0
1.6293e+06	0
1.6294e+06	0
1.6295e+06	0
1.6296e+06	0
1.6297e+06	0
1.6298e+06	0
1.6299e+06	0
1.63e+06	0
1.6301e+06	0
1.6302e+06	0
1.6303e+06	0
1.6304e+06	0
1.6305e+06	0
1.6306e+06	0
1.6307e+06	0
1.6308e+06	0
1.6309e+06	0
1.631e+06	0
1.6311e+06	0
1.6312e+06	0
1.6313e+06	0
1.6314e+06	0
1.6315e+06	0
1.6316e+06	0
1.6317e+06	0
1.6318e+06	0
1.6319e+06	0
1.632e+06	0
1.6321e+06	0
1.6322e+06	0
1.6323e+06	0
1.6324e+06	0
1.6325e+06	0
1.6326e+06	0
1.6327e+06	0
1.6328e+06	0
1.6329e+06	0
1.633e+06	0
1.6331e+06	0
1.6332e+06	0
1.6333e+06	0
1.6334e+06	0
1.6335e+06	0
1.6336e+06	0
1.6337e+06	0
1.6338e+06	0
1.6339e+06	0
1.634e+06	0
1.6341e+06	0
1.6342e+06	0
1.6343e+06	0
1.6344e+06	0
1.6345e+06	0
1.6346e+06	0
1.6347e+06	0
1.6348e+06	0
1.6349e+06	0
1.635e+06	0
1.6351e+06	0
1.6352e+06	0
1.6353e+06	0
1.6354e+06	0
1.6355e+06	0
1.6356e+06	0
1.6357e+06	0
1.6358e+06	0
1.6359e+06	0
1.636e+06	0
1.6361e+06	0
1.6362e+06	0
1.6363e+06	0
1.6364e+06	0
1.6365e+06	0
1.6366e+06	0
1.6367e+06	0
1.6368e+06	0
1.6369e+06	0
1.637e+06	0
1.6371e+06	0
1.6372e+06	0
1.6373e+06	0
1.6374e+06	0
1.6375e+06	0
1.6376e+06	0
1.6377e+06	0
1.6378e+06	0
1.6379e+06	0
1.638e+06	0
1.6381e+06	0
1.6382e+06	0
1.6383e+06	0
1.6384e+06	0
1.6385e+06	0
1.6386e+06	0
1.6387e+06	0
1.6388e+06	0
1.6389e+06	0
1.639e+06	0
1.6391e+06	0
1.6392e+06	0
1.6393e+06	0
1.6394e+06	0
1.6395e+06	0
1.6396e+06	0
1.6397e+06	0
1.6398e+06	0
1.6399e+06	0
1.64e+06	0
1.6401e+06	0
1.6402e+06	0
1.6403e+06	0
1.6404e+06	0
1.6405e+06	0
1.6406e+06	0
1.6407e+06	0
1.6408e+06	0
1.6409e+06	0
1.641e+06	0
1.6411e+06	0
1.6412e+06	0
1.6413e+06	0
1.6414e+06	0
1.6415e+06	0
1.6416e+06	0
1.6417e+06	0
1.6418e+06	0
1.6419e+06	0
1.642e+06	0
1.6421e+06	0
1.6422e+06	0
1.6423e+06	0
1.6424e+06	0
1.6425e+06	0
1.6426e+06	0
1.6427e+06	0
1.6428e+06	0
1.6429e+06	0
1.643e+06	0
1.6431e+06	0
1.6432e+06	0
1.6433e+06	0
1.6434e+06	0
1.6435e+06	0
1.6436e+06	0
1.6437e+06	0
1.6438e+06	0
1.6439e+06	0
1.644e+06	0
1.6441e+06	0
1.6442e+06	0
1.6443e+06	0
1.6444e+06	0
1.6445e+06	0
1.6446e+06	0
1.6447e+06	0
1.6448e+06	0
1.6449e+06	0
1.645e+06	0
1.6451e+06	0
1.6452e+06	0
1.6453e+06	0
1.6454e+06	0
1.6455e+06	0
1.6456e+06	0
1.6457e+06	0
1.6458e+06	0
1.6459e+06	0
1.646e+06	0
1.6461e+06	0
1.6462e+06	0
1.6463e+06	0
1.6464e+06	0
1.6465e+06	0
1.6466e+06	0
1.6467e+06	0
1.6468e+06	0
1.6469e+06	0
1.647e+06	0
1.6471e+06	0
1.6472e+06	0
1.6473e+06	0
1.6474e+06	0
1.6475e+06	0
1.6476e+06	0
1.6477e+06	0
1.6478e+06	0
1.6479e+06	0
1.648e+06	0
1.6481e+06	0
1.6482e+06	0
1.6483e+06	0
1.6484e+06	0
1.6485e+06	0
1.6486e+06	0
1.6487e+06	0
1.6488e+06	0
1.6489e+06	0
1.649e+06	0
1.6491e+06	0
1.6492e+06	0
1.6493e+06	0
1.6494e+06	0
1.6495e+06	0
1.6496e+06	0
1.6497e+06	0
1.6498e+06	0
1.6499e+06	0
1.65e+06	0
1.6501e+06	0
1.6502e+06	0
1.6503e+06	0
1.6504e+06	0
1.6505e+06	0
1.6506e+06	0
1.6507e+06	0
1.6508e+06	0
1.6509e+06	0
1.651e+06	0
1.6511e+06	0
1.6512e+06	0
1.6513e+06	0
1.6514e+06	0
1.6515e+06	0
1.6516e+06	0
1.6517e+06	0
1.6518e+06	0
1.6519e+06	0
1.652e+06	0
1.6521e+06	0
1.6522e+06	0
1.6523e+06	0
1.6524e+06	0
1.6525e+06	0
1.6526e+06	0
1.6527e+06	0
1.6528e+06	0
1.6529e+06	0
1.653e+06	0
1.6531e+06	0
1.6532e+06	0
1.6533e+06	0
1.6534e+06	0
1.6535e+06	0
1.6536e+06	0
1.6537e+06	0
1.6538e+06	0
1.6539e+06	0
1.654e+06	0
1.6541e+06	0
1.6542e+06	0
1.6543e+06	0
1.6544e+06	0
1.6545e+06	0
1.6546e+06	0
1.6547e+06	0
1.6548e+06	0
1.6549e+06	0
1.655e+06	0
1.6551e+06	0
1.6552e+06	0
1.6553e+06	0
1.6554e+06	0
1.6555e+06	0
1.6556e+06	0
1.6557e+06	0
1.6558e+06	0
1.6559e+06	0
1.656e+06	0
1.6561e+06	0
1.6562e+06	0
1.6563e+06	0
1.6564e+06	0
1.6565e+06	0
1.6566e+06	0
1.6567e+06	0
1.6568e+06	0
1.6569e+06	0
1.657e+06	0
1.6571e+06	0
1.6572e+06	0
1.6573e+06	0
1.6574e+06	0
1.6575e+06	0
1.6576e+06	0
1.6577e+06	0
1.6578e+06	0
1.6579e+06	0
1.658e+06	0
1.6581e+06	0
1.6582e+06	0
1.6583e+06	0
1.6584e+06	0
1.6585e+06	0
1.6586e+06	2.96439e-323
1.6587e+06	1.28951e-321
1.6588e+06	5.95497e-320
1.6589e+06	2.72733e-318
1.659e+06	1.23666e-316
1.6591e+06	5.55159e-315
1.6592e+06	2.46742e-313
1.6593e+06	1.08574e-311
1.6594e+06	4.73004e-310
1.6595e+06	2.04014e-308
1.6596e+06	8.71193e-307
1.6597e+06	3.6832e-305
1.6598e+06	1.54167e-303
1.6599e+06	6.38877e-302
1.66e+06	2.62119e-300
1.6601e+06	1.06473e-298
1.6602e+06	4.28187e-297
1.6603e+06	1.70485e-295
1.6604e+06	6.72042e-294
1.6605e+06	2.62279e-292
1.6606e+06	1.01342e-290
1.6607e+06	3.87676e-289
1.6608e+06	1.46827e-287
1.6609e+06	5.50557e-286
1.661e+06	2.04387e-284
1.6611e+06	7.51214e-283
1.6612e+06	2.73357e-281
1.6613e+06	9.84812e-280
1.6614e+06	3.51264e-278
1.6615e+06	1.24043e-276
1.6616e+06	4.33677e-275
1.6617e+06	1.50113e-273
1.6618e+06	5.1443e-272
1.6619e+06	1.74539e-270
1.662e+06	5.86293e-269
1.6621e+06	1.94982e-267
1.6622e+06	6.41995e-266
1.6623e+06	2.09279e-264
1.6624e+06	6.75424e-263
1.6625e+06	2.15817e-261
1.6626e+06	6.82732e-260
1.6627e+06	2.13832e-258
1.6628e+06	6.63058e-257
1.6629e+06	2.03558e-255
1.663e+06	6.18702e-254
1.6631e+06	1.86179e-252
1.6632e+06	5.54676e-251
1.6633e+06	1.63608e-249
1.6634e+06	4.77777e-248
1.6635e+06	1.38135e-246
1.6636e+06	3.95403e-245
1.6637e+06	1.12055e-243
1.6638e+06	3.144e-242
1.6639e+06	8.73351e-241
1.664e+06	2.40189e-239
1.6641e+06	6.53994e-238
1.6642e+06	1.763e-236
1.6643e+06	4.7053e-235
1.6644e+06	1.24331e-233
1.6645e+06	3.25258e-232
1.6646e+06	8.42432e-231
1.6647e+06	2.16022e-229
1.6648e+06	5.48426e-228
1.6649e+06	1.37847e-226
1.665e+06	3.43029e-225
1.6651e+06	8.45127e-224
1.6652e+06	2.06144e-222
1.6653e+06	4.97824e-221
1.6654e+06	1.19025e-219
1.6655e+06	2.81746e-218
1.6656e+06	6.60291e-217
1.6657e+06	1.53204e-215
1.6658e+06	3.51933e-214
1.6659e+06	8.00402e-213
1.666e+06	1.80224e-211
1.6661e+06	4.01768e-210
1.6662e+06	8.86736e-209
1.6663e+06	1.93763e-207
1.6664e+06	4.19183e-206
1.6665e+06	8.9783e-205
1.6666e+06	1.90389e-203
1.6667e+06	3.99711e-202
1.6668e+06	8.30821e-201
1.6669e+06	1.70972e-199
1.667e+06	3.48338e-198
1.6671e+06	7.02642e-197
1.6672e+06	1.40321e-195
1.6673e+06	2.77441e-194
1.6674e+06	5.43093e-193
1.6675e+06	1.05253e-191
1.6676e+06	2.01954e-190
1.6677e+06	3.83644e-189
1.6678e+06	7.21539e-188
1.6679e+06	1.34354e-186
1.668e+06	2.47682e-185
1.6681e+06	4.52062e-184
1.6682e+06	8.16881e-183
1.6683e+06	1.46142e-181
1.6684e+06	2.58851e-180
1.6685e+06	4.53922e-179
1.6686e+06	7.8808e-178
1.6687e+06	1.35461e-176
1.6688e+06	2.30525e-175
1.6689e+06	3.88399e-174
1.669e+06	6.4788e-173
1.6691e+06	1.06996e-171
1.6692e+06	1.74944e-170
1.6693e+06	2.83196e-169
1.6694e+06	4.5387e-168
1.6695e+06	7.20168e-167
1.6696e+06	1.13134e-165
1.6697e+06	1.75958e-164
1.6698e+06	2.70946e-163
1.6699e+06	4.13059e-162
1.67e+06	6.23447e-161
1.6701e+06	9.3163e-160
1.6702e+06	1.3783e-158
1.6703e+06	2.01885e-157
1.6704e+06	2.92765e-156
1.6705e+06	4.20331e-155
1.6706e+06	5.97477e-154
1.6707e+06	8.40829e-153
1.6708e+06	1.17152e-151
1.6709e+06	1.61604e-150
1.671e+06	2.20704e-149
1.6711e+06	2.98418e-148
1.6712e+06	3.99481e-147
1.6713e+06	5.29451e-146
1.6714e+06	6.94723e-145
1.6715e+06	9.02515e-144
1.6716e+06	1.16079e-142
1.6717e+06	1.47813e-141
1.6718e+06	1.86349e-140
1.6719e+06	2.32593e-139
1.672e+06	2.87426e-138
1.6721e+06	3.5165e-137
1.6722e+06	4.25945e-136
1.6723e+06	5.10803e-135
1.6724e+06	6.0647e-134
1.6725e+06	7.12891e-133
1.6726e+06	8.29648e-132
1.6727e+06	9.5592e-131
1.6728e+06	1.09045e-129
1.6729e+06	1.23154e-128
1.673e+06	1.37704e-127
1.6731e+06	1.52441e-126
1.6732e+06	1.67077e-125
1.6733e+06	1.81295e-124
1.6734e+06	1.94766e-123
1.6735e+06	2.07156e-122
1.6736e+06	2.18142e-121
1.6737e+06	2.27424e-120
1.6738e+06	2.34743e-119
1.6739e+06	2.39886e-118
1.674e+06	2.42702e-117
1.6741e+06	2.43109e-116
1.6742e+06	2.41093e-115
1.6743e+06	2.36714e-114
1.6744e+06	2.30103e-113
1.6745e+06	2.21451e-112
1.6746e+06	2.11003e-111
1.6747e+06	1.99048e-110
1.6748e+06	1.85902e-109
1.6749e+06	1.71896e-108
1.675e+06	1.57364e-107
1.6751e+06	1.42628e-106
1.6752e+06	1.27985e-105
1.6753e+06	1.13702e-104
1.6754e+06	1.00009e-103
1.6755e+06	8.70888e-103
1.6756e+06	7.50835e-102
1.6757e+06	6.40891e-101
1.6758e+06	5.41602e-100
1.6759e+06	4.53142e-99
1.676e+06	3.75357e-98
1.6761e+06	3.07831e-97
1.6762e+06	2.49941e-96
1.6763e+06	2.00918e-95
1.6764e+06	1.59903e-94
1.6765e+06	1.25995e-93
1.6766e+06	9.82892e-93
1.6767e+06	7.59129e-92
1.6768e+06	5.80474e-91
1.6769e+06	4.39447e-90
1.677e+06	3.29373e-89
1.6771e+06	2.44414e-88
1.6772e+06	1.79565e-87
1.6773e+06	1.30609e-86
1.6774e+06	9.40552e-86
1.6775e+06	6.70578e-85
1.6776e+06	4.73339e-84
1.6777e+06	3.30791e-83
1.6778e+06	2.28871e-82
1.6779e+06	1.56778e-81
1.678e+06	1.06325e-80
1.6781e+06	7.13914e-80
1.6782e+06	4.74582e-79
1.6783e+06	3.12345e-78
1.6784e+06	2.03523e-77
1.6785e+06	1.31296e-76
1.6786e+06	8.38581e-76
1.6787e+06	5.30269e-75
1.6788e+06	3.31974e-74
1.6789e+06	2.05764e-73
1.679e+06	1.26267e-72
1.6791e+06	7.67133e-72
1.6792e+06	4.61431e-71
1.6793e+06	2.7479e-70
1.6794e+06	1.62013e-69
1.6795e+06	9.45711e-69
1.6796e+06	5.46541e-68
1.6797e+06	3.12712e-67
1.6798e+06	1.77143e-66
1.6799e+06	9.93479e-66
1.68e+06	5.51635e-65
1.6801e+06	3.0325e-64
1.6802e+06	1.65047e-63
1.6803e+06	8.89349e-63
1.6804e+06	4.74453e-62
1.6805e+06	2.50594e-61
1.6806e+06	1.31041e-60
1.6807e+06	6.7842e-60
1.6808e+06	3.47734e-59
1.6809e+06	1.76463e-58
1.681e+06	8.86578e-58
1.6811e+06	4.40999e-57
1.6812e+06	2.17178e-56
1.6813e+06	1.05889e-55
1.6814e+06	5.11141e-55
1.6815e+06	2.44281e-54
1.6816e+06	1.15583e-53
1.6817e+06	5.41449e-53
1.6818e+06	2.51118e-52
1.6819e+06	1.15307e-51
1.682e+06	5.24189e-51
1.6821e+06	2.35928e-50
1.6822e+06	1.0513e-49
1.6823e+06	4.63801e-49
1.6824e+06	2.02579e-48
1.6825e+06	8.76019e-48
1.6826e+06	3.7505e-47
1.6827e+06	1.58973e-46
1.6828e+06	6.67134e-46
1.6829e+06	2.77179e-45
1.683e+06	1.14016e-44
1.6831e+06	4.64329e-44
1.6832e+06	1.87217e-43
1.6833e+06	7.47344e-43
1.6834e+06	2.95361e-42
1.6835e+06	1.15569e-41
1.6836e+06	4.47702e-41
1.6837e+06	1.71709e-40
1.6838e+06	6.5201e-40
1.6839e+06	2.45116e-39
1.684e+06	9.12319e-39
1.6841e+06	3.36185e-38
1.6842e+06	1.2265e-37
1.6843e+06	4.43011e-37
1.6844e+06	1.58423e-36
1.6845e+06	5.6089e-36
1.6846e+06	1.96605e-35
1.6847e+06	6.8229e-35
1.6848e+06	2.34423e-34
1.6849e+06	7.97424e-34
1.685e+06	2.68556e-33
1.6851e+06	8.95441e-33
1.6852e+06	2.95595e-32
1.6853e+06	9.66081e-32
1.6854e+06	3.12599e-31
1.6855e+06	1.00142e-30
1.6856e+06	3.17618e-30
1.6857e+06	9.97357e-30
1.6858e+06	3.10065e-29
1.6859e+06	9.54359e-29
1.686e+06	2.90822e-28
1.6861e+06	8.77406e-28
1.6862e+06	2.62078e-27
1.6863e+06	7.75029e-27
1.6864e+06	2.26915e-26
1.6865e+06	6.57755e-26
1.6866e+06	1.88765e-25
1.6867e+06	5.36337e-25
1.6868e+06	1.50873e-24
1.6869e+06	4.20184e-24
1.687e+06	1.15858e-23
1.6871e+06	3.16279e-23
1.6872e+06	8.54812e-23
1.6873e+06	2.28733e-22
1.6874e+06	6.05959e-22
1.6875e+06	1.58933e-21
1.6876e+06	4.12709e-21
1.6877e+06	1.06104e-20
1.6878e+06	2.70068e-20
1.6879e+06	6.80571e-20
1.688e+06	1.69797e-19
1.6881e+06	4.19416e-19
1.6882e+06	1.02569e-18
1.6883e+06	2.48339e-18
1.6884e+06	5.95292e-18
1.6885e+06	1.41277e-17
1.6886e+06	3.31949e-17
1.6887e+06	7.72197e-17
1.6888e+06	1.77845e-16
1.6889e+06	4.0552e-16
1.689e+06	9.15462e-16
1.6891e+06	2.04609e-15
1.6892e+06	4.52759e-15
1.6893e+06	9.91895e-15
1.6894e+06	2.1514e-14
1.6895e+06	4.61992e-14
1.6896e+06	9.82211e-14
1.6897e+06	2.06743e-13
1.6898e+06	4.3084e-13
1.6899e+06	8.88909e-13
1.69e+06	1.81575e-12
1.6901e+06	3.67207e-12
1.6902e+06	7.3523e-12
1.6903e+06	1.45745e-11
1.6904e+06	2.86035e-11
1.6905e+06	5.5578e-11
1.6906e+06	1.06916e-10
1.6907e+06	2.0363e-10
1.6908e+06	3.83969e-10
1.6909e+06	7.16816e-10
1.691e+06	1.32488e-09
1.6911e+06	2.42439e-09
1.6912e+06	4.39223e-09
1.6913e+06	7.87816e-09
1.6914e+06	1.39901e-08
1.6915e+06	2.45967e-08
1.6916e+06	4.28142e-08
1.6917e+06	7.37829e-08
1.6918e+06	1.25887e-07
1.6919e+06	2.12649e-07
1.692e+06	3.55633e-07
1.6921e+06	5.88842e-07
1.6922e+06	9.65278e-07
1.6923e+06	1.56662e-06
1.6924e+06	2.51727e-06
1.6925e+06	4.00456e-06
1.6926e+06	6.3072e-06
1.6927e+06	9.83503e-06
1.6928e+06	1.51835e-05
1.6929e+06	2.32073e-05
1.693e+06	3.51184e-05
1.6931e+06	5.2614e-05
1.6932e+06	7.80415e-05
1.6933e+06	0.000114606
1.6934e+06	0.000166627
1.6935e+06	0.00023985
1.6936e+06	0.000341816
1.6937e+06	0.000482283
1.6938e+06	0.000673703
1.6939e+06	0.000931734
1.694e+06	0.00127577
1.6941e+06	0.00172946
1.6942e+06	0.00232116
1.6943e+06	0.00308431
1.6944e+06	0.00405759
1.6945e+06	0.00528488
1.6946e+06	0.00681491
1.6947e+06	0.00870048
1.6948e+06	0.0109972
1.6949e+06	0.0137621
1.695e+06	0.0170507
1.6951e+06	0.0209151
1.6952e+06	0.0254004
1.6953e+06	0.0305409
1.6954e+06	0.0363571
1.6955e+06	0.0428513
1.6956e+06	0.0500045
1.6957e+06	0.057774
1.6958e+06	0.0660906
1.6959e+06	0.0748586
1.696e+06	0.0839564
1.6961e+06	0.0932383
1.6962e+06	0.10254
1.6963e+06	0.111682
1.6964e+06	0.120481
1.6965e+06	0.128758
1.6966e+06	0.136345
1.6967e+06	0.143104
1.6968e+06	0.148933
1.6969e+06	0.153779
1.697e+06	0.157653
1.6971e+06	0.160633
1.6972e+06	0.16288
1.6973e+06	0.164637
1.6974e+06	0.166238
1.6975e+06	0.168105
1.6976e+06	0.170744
1.6977e+06	0.174741
1.6978e+06	0.180751
1.6979e+06	0.189479
1.698e+06	0.201666
1.6981e+06	0.218059
1.6982e+06	0.239392
1.6983e+06	0.266346
1.6984e+06	0.299517
1.6985e+06	0.339384
1.6986e+06	0.386263
1.6987e+06	0.440278
1.6988e+06	0.501323
1.6989e+06	0.569039
1.699e+06	0.642788
1.6991e+06	0.721649
1.6992e+06	0.804418
1.6993e+06	0.889629
1.6994e+06	0.975579
1.6995e+06	1.06038
1.6996e+06	1.14203
1.6997e+06	1.21845
1.6998e+06	1.28761
1.6999e+06	1.34758
1.7e+06	1.39663
1.7001e+06	1.43331
1.7002e+06	1.45648
1.7003e+06	1.46544
1.7004e+06	1.45986
1.7005e+06	1.43991
1.7006e+06	1.40614
1.7007e+06	1.35954
1.7008e+06	1.30142
1.7009e+06	1.23341
1.701e+06	1.15733
1.7011e+06	1.07515
1.7012e+06	0.988865
1.7013e+06	0.900461
1.7014e+06	0.811804
1.7015e+06	0.724594
1.7016e+06	0.640319
1.7017e+06	0.560216
1.7018e+06	0.485257
1.7019e+06	0.416146
1.702e+06	0.353327
1.7021e+06	0.297005
1.7022e+06	0.247178
1.7023e+06	0.203663
1.7024e+06	0.166139
1.7025e+06	0.13418
1.7026e+06	0.10729
1.7027e+06	0.084936
1.7028e+06	0.0665701
1.7029e+06	0.0516564
1.703e+06	0.0396849
1.7031e+06	0.0301845
1.7032e+06	0.0227301
1.7033e+06	0.0169462
1.7034e+06	0.0125085
1.7035e+06	0.00914094
1.7036e+06	0.00661355
1.7037e+06	0.00473736
1.7038e+06	0.00335965
1.7039e+06	0.0023589
1.704e+06	0.00163977
1.7041e+06	0.00112853
1.7042e+06	0.00076895
1.7043e+06	0.00051873
1.7044e+06	0.000346451
1.7045e+06	0.000229087
1.7046e+06	0.000149973
1.7047e+06	9.72044e-05
1.7048e+06	6.23756e-05
1.7049e+06	3.96279e-05
1.705e+06	2.49255e-05
1.7051e+06	1.55219e-05
1.7052e+06	9.56975e-06
1.7053e+06	5.84137e-06
1.7054e+06	3.53009e-06
1.7055e+06	2.1121e-06
1.7056e+06	1.25112e-06
1.7057e+06	7.33739e-07
1.7058e+06	4.26031e-07
1.7059e+06	2.44905e-07
1.706e+06	1.39383e-07
1.7061e+06	7.85383e-08
1.7062e+06	4.38136e-08
1.7063e+06	2.41988e-08
1.7064e+06	1.32323e-08
1.7065e+06	7.16364e-09
1.7066e+06	3.83963e-09
1.7067e+06	2.03752e-09
1.7068e+06	1.07047e-09
1.7069e+06	5.568e-10
1.707e+06	2.86737e-10
1.7071e+06	1.46192e-10
1.7072e+06	7.37943e-11
1.7073e+06	3.68789e-11
1.7074e+06	1.82469e-11
1.7075e+06	8.93839e-12
1.7076e+06	4.33497e-12
1.7077e+06	2.08147e-12
1.7078e+06	9.89486e-13
1.7079e+06	4.65701e-13
1.708e+06	2.17001e-13
1.7081e+06	1.00109e-13
1.7082e+06	4.57238e-14
1.7083e+06	2.06761e-14
1.7084e+06	9.25658e-15
1.7085e+06	4.1029e-15
1.7086e+06	1.80048e-15
1.7087e+06	7.82242e-16
1.7088e+06	3.36475e-16
1.7089e+06	1.43291e-16
1.709e+06	6.04151e-17
1.7091e+06	2.5219e-17
1.7092e+06	1.04224e-17
1.7093e+06	4.26445e-18
1.7094e+06	1.72749e-18
1.7095e+06	6.9283e-19
1.7096e+06	2.75102e-19
1.7097e+06	1.08148e-19
1.7098e+06	4.20921e-20
1.7099e+06	1.62196e-20
1.71e+06	6.18778e-21
1.7101e+06	2.33715e-21
1.7102e+06	8.73972e-22
1.7103e+06	3.23567e-22
1.7104e+06	1.18601e-22
1.7105e+06	4.30397e-23
1.7106e+06	1.54635e-23
1.7107e+06	5.5005e-24
1.7108e+06	1.93711e-24
1.7109e+06	6.75404e-25
1.711e+06	2.33147e-25
1.7111e+06	7.96806e-26
1.7112e+06	2.69608e-26
1.7113e+06	9.03172e-27
1.7114e+06	2.99547e-27
1.7115e+06	9.83596e-28
1.7116e+06	3.19761e-28
1.7117e+06	1.02918e-28
1.7118e+06	3.27954e-29
1.7119e+06	1.03465e-29
1.712e+06	3.23169e-30
1.7121e+06	9.99364e-31
1.7122e+06	3.05967e-31
1.7123e+06	9.27433e-32
1.7124e+06	2.78322e-32
1.7125e+06	8.26932e-33
1.7126e+06	2.43248e-33
1.7127e+06	7.0841e-34
1.7128e+06	2.04258e-34
1.7129e+06	5.8308e-35
1.713e+06	1.64792e-35
1.7131e+06	4.61105e-36
1.7132e+06	1.27738e-36
1.7133e+06	3.50348e-37
1.7134e+06	9.5134e-38
1.7135e+06	2.55757e-38
1.7136e+06	6.80735e-39
1.7137e+06	1.79384e-39
1.7138e+06	4.68003e-40
1.7139e+06	1.20884e-40
1.714e+06	3.09134e-41
1.7141e+06	7.82676e-42
1.7142e+06	1.96189e-42
1.7143e+06	4.86881e-43
1.7144e+06	1.19627e-43
1.7145e+06	2.91e-44
1.7146e+06	7.0083e-45
1.7147e+06	1.67105e-45
1.7148e+06	3.94479e-46
1.7149e+06	9.21967e-47
1.715e+06	2.13336e-47
1.7151e+06	4.8873e-48
1.7152e+06	1.10849e-48
1.7153e+06	2.48915e-49
1.7154e+06	5.53386e-50
1.7155e+06	1.21804e-50
1.7156e+06	2.65432e-51
1.7157e+06	5.72667e-52
1.7158e+06	1.22334e-52
1.7159e+06	2.59251e-53
1.716e+06	5.68436e-54
1.7161e+06	2.37677e-54
1.7162e+06	6.03456e-54
1.7163e+06	2.66425e-53
1.7164e+06	1.20663e-52
1.7165e+06	5.41911e-52
1.7166e+06	2.40974e-51
1.7167e+06	1.06089e-50
1.7168e+06	4.6241e-50
1.7169e+06	1.99545e-49
1.717e+06	8.52536e-49
1.7171e+06	3.60613e-48
1.7172e+06	1.51017e-47
1.7173e+06	6.26137e-47
1.7174e+06	2.57021e-46
1.7175e+06	1.04454e-45
1.7176e+06	4.2028e-45
1.7177e+06	1.67421e-44
1.7178e+06	6.60295e-44
1.7179e+06	2.57824e-43
1.718e+06	9.96701e-43
1.7181e+06	3.81473e-42
1.7182e+06	1.44551e-41
1.7183e+06	5.42292e-41
1.7184e+06	2.0142e-40
1.7185e+06	7.40679e-40
1.7186e+06	2.69659e-39
1.7187e+06	9.71977e-39
1.7188e+06	3.4686e-38
1.7189e+06	1.22549e-37
1.719e+06	4.28669e-37
1.7191e+06	1.48454e-36
1.7192e+06	5.09001e-36
1.7193e+06	1.72783e-35
1.7194e+06	5.80688e-35
1.7195e+06	1.93215e-34
1.7196e+06	6.36496e-34
1.7197e+06	2.0759e-33
1.7198e+06	6.70311e-33
1.7199e+06	2.1429e-32
1.72e+06	6.78243e-32
1.7201e+06	2.12533e-31
1.7202e+06	6.5936e-31
1.7203e+06	2.02524e-30
1.7204e+06	6.15869e-30
1.7205e+06	1.8542e-29
1.7206e+06	5.5269e-29
1.7207e+06	1.63104e-28
1.7208e+06	4.76545e-28
1.7209e+06	1.37848e-27
1.721e+06	3.94779e-27
1.7211e+06	1.11935e-26
1.7212e+06	3.14219e-26
1.7213e+06	8.73287e-26
1.7214e+06	2.40292e-25
1.7215e+06	6.54603e-25
1.7216e+06	1.76552e-24
1.7217e+06	4.7144e-24
1.7218e+06	1.24634e-23
1.7219e+06	3.26215e-23
1.722e+06	8.45334e-23
1.7221e+06	2.16875e-22
1.7222e+06	5.50868e-22
1.7223e+06	1.3853e-21
1.7224e+06	3.44902e-21
1.7225e+06	8.50168e-21
1.7226e+06	2.07478e-20
1.7227e+06	5.01297e-20
1.7228e+06	1.19916e-19
1.7229e+06	2.83997e-19
1.723e+06	6.65898e-19
1.7231e+06	1.54582e-18
1.7232e+06	3.55278e-18
1.7233e+06	8.08415e-18
1.7234e+06	1.8212e-17
1.7235e+06	4.06197e-17
1.7236e+06	8.96962e-17
1.7237e+06	1.96096e-16
1.7238e+06	4.24443e-16
1.7239e+06	9.09552e-16
1.724e+06	1.92971e-15
1.7241e+06	4.05336e-15
1.7242e+06	8.42936e-15
1.7243e+06	1.73553e-14
1.7244e+06	3.53773e-14
1.7245e+06	7.13962e-14
1.7246e+06	1.42654e-13
1.7247e+06	2.82194e-13
1.7248e+06	5.52674e-13
1.7249e+06	1.07164e-12
1.725e+06	2.05723e-12
1.7251e+06	3.91e-12
1.7252e+06	7.35743e-12
1.7253e+06	1.37067e-11
1.7254e+06	2.52812e-11
1.7255e+06	4.61656e-11
1.7256e+06	8.34635e-11
1.7257e+06	1.49394e-10
1.7258e+06	2.64743e-10
1.7259e+06	4.64487e-10
1.726e+06	8.06826e-10
1.7261e+06	1.38753e-09
1.7262e+06	2.36246e-09
1.7263e+06	3.98237e-09
1.7264e+06	6.64624e-09
1.7265e+06	1.09816e-08
1.7266e+06	1.79645e-08
1.7267e+06	2.90952e-08
1.7268e+06	4.66536e-08
1.7269e+06	7.40636e-08
1.727e+06	1.16408e-07
1.7271e+06	1.8114e-07
1.7272e+06	2.79066e-07
1.7273e+06	4.25652e-07
1.7274e+06	6.42776e-07
1.7275e+06	9.60997e-07
1.7276e+06	1.42246e-06
1.7277e+06	2.08458e-06
1.7278e+06	3.02448e-06
1.7279e+06	4.34452e-06
1.728e+06	6.17858e-06
1.7281e+06	8.69948e-06
1.7282e+06	1.2127e-05
1.7283e+06	1.67368e-05
1.7284e+06	2.28691e-05
1.7285e+06	3.09373e-05
1.7286e+06	4.14354e-05
1.7287e+06	5.49438e-05
1.7288e+06	7.21311e-05
1.7289e+06	9.37526e-05
1.729e+06	0.000120643
1.7291e+06	0.000153701
1.7292e+06	0.000193869
1.7293e+06	0.000242102
1.7294e+06	0.000299326
1.7295e+06	0.000366393
1.7296e+06	0.000444025
1.7297e+06	0.000532752
1.7298e+06	0.000632848
1.7299e+06	0.000744271
1.73e+06	0.000866602
1.7301e+06	0.000999
1.7302e+06	0.00114017
1.7303e+06	0.00128833
1.7304e+06	0.00144127
1.7305e+06	0.00159631
1.7306e+06	0.00175045
1.7307e+06	0.00190037
1.7308e+06	0.0020426
1.7309e+06	0.00217362
1.731e+06	0.00229004
1.7311e+06	0.00238869
1.7312e+06	0.00246679
1.7313e+06	0.00252211
1.7314e+06	0.002553
1.7315e+06	0.00255856
1.7316e+06	0.00253861
1.7317e+06	0.00249376
1.7318e+06	0.00242533
1.7319e+06	0.0023353
1.732e+06	0.00222624
1.7321e+06	0.00210116
1.7322e+06	0.00196338
1.7323e+06	0.00181637
1.7324e+06	0.00166365
1.7325e+06	0.00150861
1.7326e+06	0.00135441
1.7327e+06	0.00120387
1.7328e+06	0.00105942
1.7329e+06	0.000923022
1.733e+06	0.00079619
1.7331e+06	0.00067996
1.7332e+06	0.000574932
1.7333e+06	0.000481312
1.7334e+06	0.000398964
1.7335e+06	0.000327476
1.7336e+06	0.000266225
1.7337e+06	0.000214444
1.7338e+06	0.000171286
1.7339e+06	0.000135887
1.734e+06	0.000107421
1.7341e+06	8.51523e-05
1.7342e+06	6.84904e-05
1.7343e+06	5.70433e-05
1.7344e+06	5.06772e-05
1.7345e+06	4.95878e-05
1.7346e+06	5.43867e-05
1.7347e+06	6.62108e-05
1.7348e+06	8.68601e-05
1.7349e+06	0.00011897
1.735e+06	0.000166227
1.7351e+06	0.000233627
1.7352e+06	0.000327791
1.7353e+06	0.000457333
1.7354e+06	0.000633281
1.7355e+06	0.000869556
1.7356e+06	0.00118351
1.7357e+06	0.0015965
1.7358e+06	0.00213452
1.7359e+06	0.0028289
1.736e+06	0.00371698
1.7361e+06	0.00484297
1.7362e+06	0.00625877
1.7363e+06	0.00802502
1.7364e+06	0.0102123
1.7365e+06	0.0129026
1.7366e+06	0.0161911
1.7367e+06	0.0201887
1.7368e+06	0.0250247
1.7369e+06	0.0308506
1.737e+06	0.0378444
1.7371e+06	0.0462157
1.7372e+06	0.0562116
1.7373e+06	0.0681227
1.7374e+06	0.0822894
1.7375e+06	0.0991071
1.7376e+06	0.119031
1.7377e+06	0.142577
1.7378e+06	0.170322
1.7379e+06	0.202894
1.738e+06	0.240965
1.7381e+06	0.285228
1.7382e+06	0.336374
1.7383e+06	0.395055
1.7384e+06	0.461849
1.7385e+06	0.537204
1.7386e+06	0.621396
1.7387e+06	0.714468
1.7388e+06	0.816184
1.7389e+06	0.925984
1.739e+06	1.04294
1.7391e+06	1.16575
1.7392e+06	1.29272
1.7393e+06	1.42179
1.7394e+06	1.55057
1.7395e+06	1.67639
1.7396e+06	1.79643
1.7397e+06	1.90777
1.7398e+06	2.00753
1.7399e+06	2.09299
1.74e+06	2.16172
1.7401e+06	2.21169
1.7402e+06	2.24135
1.7403e+06	2.24976
1.7404e+06	2.23658
1.7405e+06	2.20213
1.7406e+06	2.14736
1.7407e+06	2.07382
1.7408e+06	1.98355
1.7409e+06	1.87904
1.741e+06	1.76309
1.7411e+06	1.63866
1.7412e+06	1.50882
1.7413e+06	1.37655
1.7414e+06	1.2447
1.7415e+06	1.11588
1.7416e+06	0.992386
1.7417e+06	0.876161
1.7418e+06	0.768786
1.7419e+06	0.671466
1.742e+06	0.585053
1.7421e+06	0.510076
1.7422e+06	0.446779
1.7423e+06	0.395164
1.7424e+06	0.35504
1.7425e+06	0.326059
1.7426e+06	0.307754
1.7427e+06	0.299562
1.7428e+06	0.300849
1.7429e+06	0.310912
1.743e+06	0.328988
1.7431e+06	0.354246
1.7432e+06	0.385784
1.7433e+06	0.422624
1.7434e+06	0.463703
1.7435e+06	0.507879
1.7436e+06	0.553935
1.7437e+06	0.600592
1.7438e+06	0.646534
1.7439e+06	0.690439
1.744e+06	0.731011
1.7441e+06	0.767022
1.7442e+06	0.797361
1.7443e+06	0.821065
1.7444e+06	0.837365
1.7445e+06	0.845716
1.7446e+06	0.845815
1.7447e+06	0.837618
1.7448e+06	0.821335
1.7449e+06	0.797419
1.745e+06	0.766542
1.7451e+06	0.729563
1.7452e+06	0.687484
1.7453e+06	0.641402
1.7454e+06	0.592468
1.7455e+06	0.54183
1.7456e+06	0.490596
1.7457e+06	0.439791
1.7458e+06	0.390327
1.7459e+06	0.342982
1.746e+06	0.298382
1.7461e+06	0.257
1.7462e+06	0.219155
1.7463e+06	0.185024
1.7464e+06	0.154654
1.7465e+06	0.127983
1.7466e+06	0.104858
1.7467e+06	0.085057
1.7468e+06	0.0683084
1.7469e+06	0.054312
1.747e+06	0.0427538
1.7471e+06	0.0333204
1.7472e+06	0.0257101
1.7473e+06	0.0196405
1.7474e+06	0.0148546
1.7475e+06	0.0111231
1.7476e+06	0.00824607
1.7477e+06	0.00605237
1.7478e+06	0.00439806
1.7479e+06	0.00316413
1.748e+06	0.00225374
1.7481e+06	0.00158932
1.7482e+06	0.00110962
1.7483e+06	0.000767001
1.7484e+06	0.000524897
1.7485e+06	0.000355639
1.7486e+06	0.000238562
1.7487e+06	0.000158435
1.7488e+06	0.000104174
1.7489e+06	6.78143e-05
1.749e+06	4.3706e-05
1.7491e+06	2.78881e-05
1.7492e+06	1.76179e-05
1.7493e+06	1.10191e-05
1.7494e+06	6.82329e-06
1.7495e+06	4.18312e-06
1.7496e+06	2.539e-06
1.7497e+06	1.52575e-06
1.7498e+06	9.07736e-07
1.7499e+06	5.3468e-07
1.75e+06	3.11806e-07
1.7501e+06	1.80025e-07
1.7502e+06	1.02905e-07
1.7503e+06	5.82372e-08
1.7504e+06	3.26302e-08
1.7505e+06	1.81007e-08
1.7506e+06	9.94098e-09
1.7507e+06	5.4053e-09
1.7508e+06	2.90983e-09
1.7509e+06	1.55086e-09
1.751e+06	8.18339e-10
1.7511e+06	4.27516e-10
1.7512e+06	2.2112e-10
1.7513e+06	1.1323e-10
1.7514e+06	5.74051e-11
1.7515e+06	2.88136e-11
1.7516e+06	1.43186e-11
1.7517e+06	7.0447e-12
1.7518e+06	3.43147e-12
1.7519e+06	1.65484e-12
1.752e+06	7.9011e-13
1.7521e+06	3.73488e-13
1.7522e+06	1.74793e-13
1.7523e+06	8.09891e-14
1.7524e+06	3.71524e-14
1.7525e+06	1.68735e-14
1.7526e+06	7.58715e-15
1.7527e+06	3.37762e-15
1.7528e+06	1.48867e-15
1.7529e+06	6.49598e-16
1.753e+06	2.80639e-16
1.7531e+06	1.20035e-16
1.7532e+06	5.08305e-17
1.7533e+06	2.13107e-17
1.7534e+06	8.84563e-18
1.7535e+06	3.6351e-18
1.7536e+06	1.47898e-18
1.7537e+06	5.9575e-19
1.7538e+06	2.37587e-19
1.7539e+06	9.38079e-20
1.754e+06	3.66701e-20
1.7541e+06	1.4192e-20
1.7542e+06	5.43789e-21
1.7543e+06	2.06288e-21
1.7544e+06	7.74776e-22
1.7545e+06	2.88094e-22
1.7546e+06	1.0606e-22
1.7547e+06	3.86566e-23
1.7548e+06	1.39493e-23
1.7549e+06	4.98356e-24
1.755e+06	1.76272e-24
1.7551e+06	6.17283e-25
1.7552e+06	2.14014e-25
1.7553e+06	7.34611e-26
1.7554e+06	2.49649e-26
1.7555e+06	8.3996e-27
1.7556e+06	2.79798e-27
1.7557e+06	9.22758e-28
1.7558e+06	3.01292e-28
1.7559e+06	9.7397e-29
1.756e+06	3.11716e-29
1.7561e+06	9.87714e-30
1.7562e+06	3.09856e-30
1.7563e+06	9.62377e-31
1.7564e+06	2.95929e-31
1.7565e+06	9.00923e-32
1.7566e+06	2.71547e-32
1.7567e+06	8.10323e-33
1.7568e+06	2.39403e-33
1.7569e+06	7.00256e-34
1.757e+06	2.02788e-34
1.7571e+06	5.81411e-35
1.7572e+06	1.65038e-35
1.7573e+06	4.63809e-36
1.7574e+06	1.29048e-36
1.7575e+06	3.55486e-37
1.7576e+06	9.69503e-38
1.7577e+06	2.61778e-38
1.7578e+06	6.99802e-39
1.7579e+06	1.85214e-39
1.758e+06	4.85321e-40
1.7581e+06	1.25905e-40
1.7582e+06	3.23378e-41
1.7583e+06	8.22314e-42
1.7584e+06	2.07024e-42
1.7585e+06	5.16015e-43
1.7586e+06	1.27339e-43
1.7587e+06	3.11111e-44
1.7588e+06	7.52535e-45
1.7589e+06	1.80217e-45
1.759e+06	4.27289e-46
1.7591e+06	1.00301e-46
1.7592e+06	2.33101e-47
1.7593e+06	5.36343e-48
1.7594e+06	1.22179e-48
1.7595e+06	2.75555e-49
1.7596e+06	6.15285e-50
1.7597e+06	1.3602e-50
1.7598e+06	2.97704e-51
1.7599e+06	6.45095e-52
1.76e+06	1.38395e-52
1.7601e+06	2.9395e-53
1.7602e+06	6.18137e-54
1.7603e+06	1.28692e-54
1.7604e+06	2.65263e-55
1.7605e+06	5.41326e-56
1.7606e+06	1.0937e-56
1.7607e+06	2.18773e-57
1.7608e+06	4.33258e-58
1.7609e+06	8.49487e-59
1.761e+06	1.64901e-59
1.7611e+06	3.16919e-60
1.7612e+06	6.03017e-61
1.7613e+06	1.13597e-61
1.7614e+06	2.11867e-62
1.7615e+06	3.91216e-63
1.7616e+06	7.15222e-64
1.7617e+06	1.29595e-64
1.7618e+06	2.40236e-65
1.7619e+06	8.68386e-66
1.762e+06	2.5697e-65
1.7621e+06	1.35287e-64
1.7622e+06	7.24247e-64
1.7623e+06	3.84195e-63
1.7624e+06	2.01783e-62
1.7625e+06	1.04924e-61
1.7626e+06	5.40162e-61
1.7627e+06	2.75315e-60
1.7628e+06	1.38929e-59
1.7629e+06	6.94083e-59
1.763e+06	3.43311e-58
1.7631e+06	1.68121e-57
1.7632e+06	8.15102e-57
1.7633e+06	3.91255e-56
1.7634e+06	1.85936e-55
1.7635e+06	8.74835e-55
1.7636e+06	4.07516e-54
1.7637e+06	1.87941e-53
1.7638e+06	8.58131e-53
1.7639e+06	3.87921e-52
1.764e+06	1.73616e-51
1.7641e+06	7.69298e-51
1.7642e+06	3.37486e-50
1.7643e+06	1.4658e-49
1.7644e+06	6.30303e-49
1.7645e+06	2.68338e-48
1.7646e+06	1.13102e-47
1.7647e+06	4.71973e-47
1.7648e+06	1.94994e-46
1.7649e+06	7.97593e-46
1.765e+06	3.22997e-45
1.7651e+06	1.29501e-44
1.7652e+06	5.1405e-44
1.7653e+06	2.0202e-43
1.7654e+06	7.86031e-43
1.7655e+06	3.02791e-42
1.7656e+06	1.15479e-41
1.7657e+06	4.36033e-41
1.7658e+06	1.63002e-40
1.7659e+06	6.03288e-40
1.766e+06	2.21061e-39
1.7661e+06	8.0197e-39
1.7662e+06	2.88045e-38
1.7663e+06	1.02428e-37
1.7664e+06	3.60608e-37
1.7665e+06	1.25692e-36
1.7666e+06	4.3375e-36
1.7667e+06	1.48193e-35
1.7668e+06	5.0127e-35
1.7669e+06	1.6787e-34
1.767e+06	5.56586e-34
1.7671e+06	1.82704e-33
1.7672e+06	5.93773e-33
1.7673e+06	1.91052e-32
1.7674e+06	6.08608e-32
1.7675e+06	1.91947e-31
1.7676e+06	5.99353e-31
1.7677e+06	1.85285e-30
1.7678e+06	5.67095e-30
1.7679e+06	1.71841e-29
1.768e+06	5.15534e-29
1.7681e+06	1.53124e-28
1.7682e+06	4.50284e-28
1.7683e+06	1.31095e-27
1.7684e+06	3.77872e-27
1.7685e+06	1.07835e-26
1.7686e+06	3.04671e-26
1.7687e+06	8.52235e-26
1.7688e+06	2.36018e-25
1.7689e+06	6.47124e-25
1.769e+06	1.75666e-24
1.7691e+06	4.72111e-24
1.7692e+06	1.2562e-23
1.7693e+06	3.30925e-23
1.7694e+06	8.63092e-23
1.7695e+06	2.22865e-22
1.7696e+06	5.6975e-22
1.7697e+06	1.44206e-21
1.7698e+06	3.6136e-21
1.7699e+06	8.96505e-21
1.77e+06	2.20203e-20
1.7701e+06	5.35489e-20
1.7702e+06	1.28924e-19
1.7703e+06	3.0731e-19
1.7704e+06	7.25229e-19
1.7705e+06	1.69446e-18
1.7706e+06	3.91962e-18
1.7707e+06	8.97663e-18
1.7708e+06	2.03535e-17
1.7709e+06	4.56903e-17
1.771e+06	1.01546e-16
1.7711e+06	2.23441e-16
1.7712e+06	4.86763e-16
1.7713e+06	1.04986e-15
1.7714e+06	2.24181e-15
1.7715e+06	4.73942e-15
1.7716e+06	9.91993e-15
1.7717e+06	2.05565e-14
1.7718e+06	4.21741e-14
1.7719e+06	8.56644e-14
1.772e+06	1.72271e-13
1.7721e+06	3.42989e-13
1.7722e+06	6.76093e-13
1.7723e+06	1.31944e-12
1.7724e+06	2.54935e-12
1.7725e+06	4.8767e-12
1.7726e+06	9.23593e-12
1.7727e+06	1.73178e-11
1.7728e+06	3.21485e-11
1.7729e+06	5.90863e-11
1.773e+06	1.07515e-10
1.7731e+06	1.93692e-10
1.7732e+06	3.45469e-10
1.7733e+06	6.10049e-10
1.7734e+06	1.06654e-09
1.7735e+06	1.84608e-09
1.7736e+06	3.16358e-09
1.7737e+06	5.36745e-09
1.7738e+06	9.01602e-09
1.7739e+06	1.49941e-08
1.774e+06	2.46881e-08
1.7741e+06	4.02453e-08
1.7742e+06	6.49538e-08
1.7743e+06	1.0379e-07
1.7744e+06	1.642e-07
1.7745e+06	2.57192e-07
1.7746e+06	3.98852e-07
1.7747e+06	6.12403e-07
1.7748e+06	9.30982e-07
1.7749e+06	1.40129e-06
1.775e+06	2.08835e-06
1.7751e+06	3.0816e-06
1.7752e+06	4.50255e-06
1.7753e+06	6.51424e-06
1.7754e+06	9.33277e-06
1.7755e+06	1.3241e-05
1.7756e+06	1.86046e-05
1.7757e+06	2.5891e-05
1.7758e+06	3.56903e-05
1.7759e+06	4.87394e-05
1.776e+06	6.59494e-05
1.7761e+06	8.84364e-05
1.7762e+06	0.000117558
1.7763e+06	0.000154959
1.7764e+06	0.000202624
1.7765e+06	0.000262957
1.7766e+06	0.000338888
1.7767e+06	0.00043402
1.7768e+06	0.000552848
1.7769e+06	0.000701078
1.777e+06	0.000886066
1.7771e+06	0.00111746
1.7772e+06	0.00140805
1.7773e+06	0.00177498
1.7774e+06	0.00224127
1.7775e+06	0.0028379
1.7776e+06	0.00360632
1.7777e+06	0.00460169
1.7778e+06	0.00589674
1.7779e+06	0.00758624
1.778e+06	0.00979223
1.7781e+06	0.0126697
1.7782e+06	0.0164126
1.7783e+06	0.0212598
1.7784e+06	0.0275011
1.7785e+06	0.0354812
1.7786e+06	0.0456034
1.7787e+06	0.0583302
1.7788e+06	0.0741802
1.7789e+06	0.093722
1.779e+06	0.117562
1.7791e+06	0.14633
1.7792e+06	0.18065
1.7793e+06	0.221121
1.7794e+06	0.268273
1.7795e+06	0.322537
1.7796e+06	0.384198
1.7797e+06	0.453354
1.7798e+06	0.529877
1.7799e+06	0.613375
1.78e+06	0.703168
1.7801e+06	0.798266
1.7802e+06	0.897369
1.7803e+06	0.99888
1.7804e+06	1.10094
1.7805e+06	1.20145
1.7806e+06	1.29819
1.7807e+06	1.38885
1.7808e+06	1.47112
1.7809e+06	1.54281
1.781e+06	1.60195
1.7811e+06	1.64685
1.7812e+06	1.6762
1.7813e+06	1.68912
1.7814e+06	1.68523
1.7815e+06	1.66464
1.7816e+06	1.62796
1.7817e+06	1.57627
1.7818e+06	1.51105
1.7819e+06	1.43413
1.782e+06	1.34759
1.7821e+06	1.25369
1.7822e+06	1.15474
1.7823e+06	1.05303
1.7824e+06	0.950734
1.7825e+06	0.849853
1.7826e+06	0.752135
1.7827e+06	0.659048
1.7828e+06	0.57176
1.7829e+06	0.491122
1.783e+06	0.417691
1.7831e+06	0.351741
1.7832e+06	0.293298
1.7833e+06	0.242181
1.7834e+06	0.19804
1.7835e+06	0.160399
1.7836e+06	0.128693
1.7837e+06	0.102312
1.7838e+06	0.080623
1.7839e+06	0.0630042
1.784e+06	0.0488603
1.7841e+06	0.0376387
1.7842e+06	0.0288389
1.7843e+06	0.0220173
1.7844e+06	0.0167888
1.7845e+06	0.0128251
1.7846e+06	0.00985117
1.7847e+06	0.00764084
1.7848e+06	0.00601083
1.7849e+06	0.00481513
1.785e+06	0.00393931
1.7851e+06	0.00329515
1.7852e+06	0.00281583
1.7853e+06	0.00245166
1.7854e+06	0.00216646
1.7855e+06	0.00193453
1.7856e+06	0.00173808
1.7857e+06	0.00156525
1.7858e+06	0.00140851
1.7859e+06	0.00126334
1.786e+06	0.00112733
1.7861e+06	0.000999438
1.7862e+06	0.000879407
1.7863e+06	0.000767431
1.7864e+06	0.000663865
1.7865e+06	0.000569051
1.7866e+06	0.000483218
1.7867e+06	0.00040642
1.7868e+06	0.000338527
1.7869e+06	0.000279227
1.787e+06	0.000228056
1.7871e+06	0.000184428
1.7872e+06	0.000147673
1.7873e+06	0.000117072
1.7874e+06	9.18914e-05
1.7875e+06	7.14111e-05
1.7876e+06	5.49441e-05
1.7877e+06	4.18541e-05
1.7878e+06	3.15657e-05
1.7879e+06	2.35697e-05
1.788e+06	1.74241e-05
1.7881e+06	1.27527e-05
1.7882e+06	9.24094e-06
1.7883e+06	6.62958e-06
1.7884e+06	4.70883e-06
1.7885e+06	3.3113e-06
1.7886e+06	2.30537e-06
1.7887e+06	1.58906e-06
1.7888e+06	1.08441e-06
1.7889e+06	7.32671e-07
1.789e+06	4.90094e-07
1.7891e+06	3.24569e-07
1.7892e+06	2.1281e-07
1.7893e+06	1.38145e-07
1.7894e+06	8.87836e-08
1.7895e+06	5.64922e-08
1.7896e+06	3.55878e-08
1.7897e+06	2.21958e-08
1.7898e+06	1.37056e-08
1.7899e+06	8.37882e-09
