558785	5.74e-06
558885	9.41646e-06
558985	1.5294e-05
559085	2.45929e-05
559185	3.91523e-05
559285	6.17108e-05
559385	9.62991e-05
559485	0.000148779
559585	0.00022757
559685	0.000344626
559785	0.000516698
559885	0.000766979
559985	0.00112716
560085	0.00164001
560185	0.00236246
560285	0.0033693
560385	0.00475741
560485	0.00665058
560585	0.0092046
560685	0.0126127
560785	0.0171107
560885	0.0229818
560985	0.0305604
561085	0.0402337
561185	0.0524418
561285	0.0676741
561385	0.0864619
561485	0.109366
561585	0.136962
561685	0.169814
561785	0.208451
561885	0.253333
561985	0.304815
562085	0.363109
562185	0.428249
562285	0.500048
562385	0.578075
562485	0.661628
562585	0.749723
562685	0.841094
562785	0.934212
562885	1.02731
562985	1.11846
563085	1.20557
563185	1.28653
563285	1.35927
563385	1.42184
563485	1.47248
563585	1.50976
563685	1.53257
563785	1.54026
563885	1.53257
563985	1.50976
564085	1.47248
564185	1.42184
564285	1.35927
564385	1.28653
564485	1.20557
564585	1.11846
564685	1.02731
564785	0.934212
564885	0.841094
564985	0.749723
565085	0.661628
565185	0.578075
565285	0.500048
565385	0.428249
565485	0.363109
565585	0.304815
565685	0.253333
565785	0.208451
565885	0.169814
565985	0.136962
566085	0.109366
566185	0.0864619
566285	0.0676741
566385	0.0524418
566485	0.0402337
566585	0.0305604
566685	0.0229818
566785	0.0171107
566885	0.0126127
566985	0.0092046
567085	0.00665058
567185	0.00475741
567285	0.0033693
567385	0.00236246
567485	0.00164001
567585	0.00112716
567685	0.000766979
567785	0.000516698
567885	0.000344626
567985	0.00022757
568085	0.000148779
568185	9.62991e-05
568285	6.17108e-05
568385	3.91523e-05
568485	2.45929e-05
568585	1.5294e-05
568685	9.41646e-06
568785	5.74e-06
568885	3.46412e-06
568985	2.06981e-06
569085	1.22441e-06
569185	7.17099e-07
569285	4.15804e-07
569385	2.38702e-07
569485	1.35668e-07
569585	7.63413e-08
569685	4.25302e-08
569785	2.34581e-08
569885	1.28098e-08
569985	6.92553e-09
570085	3.70697e-09
570185	1.96445e-09
570285	1.03068e-09
570385	5.35376e-10
570485	2.7533e-10
570585	1.40186e-10
570685	7.06664e-11
570785	3.52678e-11
570885	1.74261e-11
570985	8.52472e-12
571085	4.12873e-12
571185	1.97975e-12
571285	9.39854e-13
571385	4.41742e-13
571485	2.05557e-13
571585	9.4701e-14
571685	4.3195e-14
571785	1.95061e-14
571885	8.72092e-15
571985	3.86022e-15
572085	1.69168e-15
572185	7.33979e-16
572285	3.15286e-16
572385	1.34086e-16
572485	5.64571e-17
572585	2.35348e-17
572685	9.71323e-18
572785	3.96909e-18
572885	1.60618e-18
572985	6.44697e-19
573085	2.59379e-19
573185	1.11735e-19
573285	6.94294e-20
573385	9.42776e-20
573485	2.09724e-19
573585	5.21789e-19
573685	1.31115e-18
573785	3.27166e-18
573885	8.08602e-18
573985	1.97873e-17
574085	4.79403e-17
574185	1.14993e-16
574285	2.73086e-16
574385	6.42074e-16
574485	1.49461e-15
574585	3.44451e-15
574685	7.8593e-15
574785	1.7754e-14
574885	3.97071e-14
574985	8.79216e-14
575085	1.92744e-13
575185	4.18333e-13
575285	8.9892e-13
575385	1.91239e-12
575485	4.028e-12
575585	8.39962e-12
575685	1.73415e-11
575785	3.54463e-11
575885	7.17319e-11
575985	1.43718e-10
576085	2.85079e-10
576185	5.59858e-10
576285	1.08855e-09
576385	2.09543e-09
576485	3.99354e-09
576585	7.53526e-09
576685	1.40765e-08
576785	2.60346e-08
576885	4.76719e-08
576985	8.64233e-08
577085	1.55116e-07
577185	2.75638e-07
577285	4.84931e-07
577385	8.4465e-07
577485	1.45657e-06
577585	2.48681e-06
577685	4.20349e-06
577785	7.03453e-06
577885	1.16551e-05
577985	1.91186e-05
578085	3.10494e-05
578185	4.99237e-05
578285	7.94726e-05
578385	0.000125252
578485	0.000195438
578585	0.000301919
578685	0.000461774
578785	0.000699239
578885	0.00104828
578985	0.00155592
579085	0.00228642
579185	0.00332644
579285	0.00479138
579385	0.0068328
579485	0.00964703
579585	0.0134848
579685	0.0186619
579785	0.0255695
579885	0.0346853
579985	0.0465828
580085	0.0619388
580185	0.0815375
580285	0.10627
580385	0.137125
580485	0.17518
580585	0.221568
580685	0.277451
580785	0.343972
580885	0.422199
580985	0.51306
581085	0.617271
581185	0.73526
581285	0.867088
581385	1.01238
581485	1.17025
581585	1.33928
581685	1.51748
581785	1.70228
581885	1.89058
581985	2.07882
582085	2.26305
582185	2.4391
582285	2.60269
582385	2.74962
582485	2.87594
582585	2.97813
582685	3.05326
582785	3.09915
582885	3.11442
582985	3.09863
583085	3.05224
583185	2.97663
583285	2.87401
583385	2.74731
583485	2.60007
583585	2.43624
583685	2.26002
583785	2.07568
583885	1.88741
583985	1.69914
584085	1.51443
584185	1.33636
584285	1.16751
584385	1.00983
584485	0.864764
584585	0.733166
584685	0.61541
584785	0.511427
584885	0.420785
584985	0.342762
585085	0.276429
585185	0.220714
585285	0.174476
585385	0.136551
585485	0.105807
585585	0.081169
585685	0.0616486
585785	0.0463567
585885	0.0345111
585985	0.0254368
586085	0.018562
586185	0.0134104
586285	0.00959217
586385	0.0067928
586485	0.00476253
586585	0.00330586
586685	0.00227189
586785	0.00154578
586885	0.00104127
586985	0.000694446
587085	0.000458533
587185	0.00029975
587285	0.000194001
587385	0.00012431
587485	7.88617e-05
587585	4.95316e-05
587685	3.08004e-05
587785	1.89621e-05
587885	1.15578e-05
587985	6.97461e-06
588085	4.16698e-06
588185	2.46479e-06
588285	1.44343e-06
588385	8.36893e-07
588485	4.80397e-07
588585	2.73015e-07
588685	1.53614e-07
588785	8.55722e-08
588885	4.71945e-08
588985	2.57695e-08
589085	1.39309e-08
589185	7.45605e-09
589285	3.95089e-09
589385	2.07271e-09
589485	1.07656e-09
589585	5.53601e-10
589685	2.81846e-10
589785	1.42064e-10
589885	7.08945e-11
589985	3.50267e-11
590085	1.71333e-11
590185	8.2974e-12
590285	3.97831e-12
590385	1.88848e-12
590485	8.87533e-13
590585	4.12964e-13
590685	1.90238e-13
590785	8.67642e-14
590885	3.91778e-14
590985	1.75144e-14
591085	7.75193e-15
591185	3.39688e-15
591285	1.4737e-15
591385	6.32984e-16
591485	2.69175e-16
591585	1.13327e-16
591685	4.72378e-17
591785	1.94941e-17
591885	7.96476e-18
591985	3.22181e-18
592085	1.29028e-18
592185	5.11593e-19
592285	2.00827e-19
592385	7.8051e-20
592485	3.00325e-20
592585	1.14409e-20
592685	4.31506e-21
592785	1.61128e-21
592885	5.95677e-22
592985	2.18026e-22
593085	7.90065e-23
593185	2.83449e-23
593285	1.0068e-23
593385	3.54054e-24
593485	1.23269e-24
593585	4.24905e-25
593685	1.45007e-25
593785	4.8994e-26
593885	1.63891e-26
593985	5.42778e-27
594085	1.7797e-27
594185	5.77737e-28
594285	1.85682e-28
594385	5.90834e-29
594485	1.86131e-29
594585	5.80537e-30
594685	1.79266e-30
594785	5.48052e-31
594885	1.65884e-31
594985	4.97098e-32
595085	1.47482e-32
595185	4.33202e-33
595285	1.2598e-33
595385	3.62717e-34
595485	1.03393e-34
595585	2.91792e-35
595685	8.15288e-36
595785	2.25531e-36
595885	6.17673e-37
595985	1.67482e-37
596085	4.49608e-38
596185	1.19497e-38
596285	3.1444e-39
596385	8.19172e-40
596485	2.11286e-40
596585	5.39537e-41
596685	1.36405e-41
596785	3.41425e-42
596885	8.46094e-43
596985	2.07586e-43
597085	5.04238e-44
597185	1.21263e-44
597285	2.88722e-45
597385	6.80594e-46
597485	1.58838e-46
597585	3.67008e-47
597685	8.39566e-48
597785	1.90148e-48
597885	4.26368e-49
597985	9.46531e-50
598085	2.08038e-50
598185	4.52696e-51
598285	9.75277e-52
598385	2.08021e-52
598485	4.39281e-53
598585	9.18407e-54
598685	1.90101e-54
598785	3.89576e-55
598885	7.90416e-56
598985	1.58773e-56
599085	3.15758e-57
599185	6.21712e-58
599285	1.21194e-58
599385	2.339e-59
599485	4.46927e-60
599585	8.45474e-61
599685	1.58351e-61
599785	2.93628e-62
599885	5.39054e-63
599985	9.79769e-64
600085	1.76308e-64
600185	3.14107e-65
600285	5.54039e-66
600385	9.67521e-67
600485	1.67277e-67
600585	2.86333e-68
600685	4.85246e-69
600785	8.1416e-70
600885	1.35243e-70
600985	2.22422e-71
601085	3.62156e-72
601185	5.83811e-73
601285	9.31762e-74
601385	1.4723e-74
601485	2.30326e-75
601585	3.56736e-76
601685	5.47027e-77
601785	8.30476e-78
601885	1.24825e-78
601985	1.85753e-79
602085	2.73668e-80
602185	3.99182e-81
602285	5.76468e-82
602385	8.24207e-83
602485	1.16669e-83
602585	1.63504e-84
602685	2.26862e-85
602785	3.11638e-86
602885	4.23834e-87
602985	5.70688e-88
603085	7.6078e-89
603185	1.0041e-89
603285	1.31205e-90
603385	1.69739e-91
603485	2.17406e-92
603585	2.75687e-93
603685	3.46114e-94
603785	4.30208e-95
603885	5.29413e-96
603985	6.45013e-97
604085	7.78035e-98
604185	9.29153e-99
604285	1.09858e-99
604385	1.28598e-100
604485	1.49037e-101
604585	1.71005e-102
604685	1.94259e-103
604785	2.1848e-104
604885	2.43276e-105
604985	2.68191e-106
605085	2.92715e-107
605185	3.16303e-108
605285	3.38391e-109
605385	3.58419e-110
605485	3.75855e-111
605585	3.90218e-112
605685	4.01098e-113
605785	4.0818e-114
605885	4.11253e-115
605985	4.10227e-116
606085	4.05131e-117
606185	3.96118e-118
606285	3.83452e-119
606385	3.67497e-120
606485	3.48701e-121
606585	3.27575e-122
606685	3.04667e-123
606785	2.80541e-124
606885	2.55755e-125
606985	2.30839e-126
607085	2.06278e-127
607185	1.82495e-128
607285	1.59848e-129
607385	1.38619e-130
607485	1.19012e-131
607585	1.01163e-132
607685	8.51343e-134
607785	7.09327e-135
607885	5.85121e-136
607985	4.77861e-137
608085	3.8638e-138
608185	3.09303e-139
608285	2.45138e-140
608385	1.92351e-141
608485	1.4943e-142
608585	1.1493e-143
608685	8.75165e-145
608785	6.59785e-146
608885	4.92461e-147
608985	3.63914e-148
609085	2.66245e-149
609185	1.92851e-150
609285	1.38299e-151
609385	9.81917e-153
609485	6.90218e-154
609585	4.80347e-155
609685	3.30964e-156
609785	2.25769e-157
609885	1.52477e-158
609985	1.01953e-159
610085	6.74924e-161
610185	4.4235e-162
610285	2.87035e-163
610385	1.84399e-164
610485	1.17285e-165
610585	7.38552e-167
610685	4.60445e-168
610785	2.84204e-169
610885	1.73677e-170
610985	1.05077e-171
611085	6.2941e-173
611185	3.73263e-174
611285	2.19156e-175
611385	1.27394e-176
611485	7.33166e-178
611585	4.17746e-179
611685	2.35656e-180
611785	1.31614e-181
611885	7.27754e-183
611985	3.98403e-184
612085	2.15932e-185
612185	1.1587e-186
612285	6.15572e-188
612385	3.23777e-189
612485	1.68604e-190
612585	8.69259e-192
612685	4.43697e-193
612785	2.24224e-194
612885	1.12185e-195
612985	5.55702e-197
613085	2.72526e-198
613185	1.32321e-199
613285	6.36077e-201
613385	3.02724e-202
613485	1.4264e-203
613585	6.65414e-205
613685	3.07326e-206
613785	1.40529e-207
613885	6.3619e-209
613985	2.85145e-210
614085	1.26533e-211
614185	5.55899e-213
614285	2.41794e-214
614385	1.04125e-215
614485	4.43934e-217
614585	1.87387e-218
614685	7.83102e-220
614785	3.24007e-221
614885	1.32723e-222
614985	5.38265e-224
615085	2.16124e-225
615185	8.59146e-227
615285	3.38133e-228
615385	1.31755e-229
615485	5.08278e-231
615585	1.9413e-232
615685	7.34078e-234
615785	2.7482e-235
615885	1.01862e-236
615985	3.73794e-238
616085	1.35803e-239
616185	4.88477e-241
616285	1.73954e-242
616385	6.13315e-244
616485	2.14087e-245
616585	7.39864e-247
616685	2.53146e-248
616785	8.57528e-250
616885	2.87596e-251
616985	9.54933e-253
617085	3.13921e-254
617185	1.02171e-255
617285	3.29221e-257
617385	1.05028e-258
617485	3.31729e-260
617585	1.03733e-261
617685	3.21149e-263
617785	9.8436e-265
617885	2.98716e-266
617985	8.9747e-268
618085	2.66955e-269
618185	7.86165e-271
618285	2.29217e-272
618385	6.61662e-274
618485	1.89096e-275
618585	5.3504e-277
618685	1.49881e-278
618785	4.15686e-280
618885	1.14141e-281
618985	3.10293e-283
619085	8.35143e-285
619185	2.22539e-286
619285	5.87097e-288
619385	1.53345e-289
619485	3.96541e-291
619585	1.01522e-292
619685	2.57332e-294
619785	6.45776e-296
619885	1.60445e-297
619985	3.94666e-299
620085	9.61146e-301
620185	2.31743e-302
620285	5.53197e-304
620385	1.30741e-305
620485	3.05913e-307
620585	7.08668e-309
620685	1.62534e-310
620785	3.69066e-312
620885	8.29698e-314
620985	1.84669e-315
621085	4.06933e-317
621185	8.87787e-319
621285	1.91747e-320
621385	4.15015e-322
621485	1.4822e-323
621585	0
621685	0
621785	0
621885	0
621985	0
622085	0
622185	0
622285	0
622385	0
622485	0
622585	0
622685	0
622785	0
622885	0
622985	0
623085	0
623185	0
623285	0
623385	0
623485	0
623585	0
623685	0
623785	0
623885	0
623985	0
624085	0
624185	0
624285	0
624385	0
624485	0
624585	0
624685	0
624785	0
624885	0
624985	0
625085	0
625185	0
625285	0
625385	0
625485	0
625585	0
625685	0
625785	0
625885	0
625985	0
626085	0
626185	0
626285	0
626385	0
626485	0
626585	0
626685	0
626785	0
626885	0
626985	0
627085	0
627185	0
627285	0
627385	0
627485	0
627585	0
627685	0
627785	0
627885	0
627985	0
628085	0
628185	0
628285	0
628385	0
628485	0
628585	0
628685	0
628785	0
628885	0
628985	0
629085	0
629185	0
629285	0
629385	0
629485	0
629585	0
629685	0
629785	0
629885	0
629985	0
630085	0
630185	0
630285	0
630385	0
630485	0
630585	0
630685	0
630785	0
630885	0
630985	0
631085	0
631185	0
631285	0
631385	0
631485	0
631585	0
631685	0
631785	0
631885	0
631985	0
632085	0
632185	0
632285	0
632385	0
632485	0
632585	0
632685	0
632785	0
632885	0
632985	0
633085	0
633185	0
633285	0
633385	0
633485	0
633585	0
633685	0
633785	0
633885	0
633985	0
634085	0
634185	0
634285	0
634385	0
634485	0
634585	0
634685	0
634785	0
634885	0
634985	0
635085	0
635185	0
635285	0
635385	0
635485	0
635585	0
635685	0
635785	0
635885	0
635985	0
636085	0
636185	0
636285	0
636385	0
636485	0
636585	0
636685	0
636785	0
636885	0
636985	0
637085	0
637185	0
637285	0
637385	0
637485	0
637585	0
637685	0
637785	0
637885	0
637985	0
638085	0
638185	0
638285	0
638385	0
638485	0
638585	0
638685	0
638785	0
638885	0
638985	0
639085	0
639185	0
639285	0
639385	0
639485	0
639585	0
639685	0
639785	0
639885	0
639985	0
640085	0
640185	0
640285	0
640385	0
640485	0
640585	0
640685	0
640785	0
640885	0
640985	0
641085	0
641185	0
641285	0
641385	0
641485	0
641585	0
641685	0
641785	0
641885	0
641985	0
642085	0
642185	0
642285	0
642385	0
642485	0
642585	0
642685	0
642785	0
642885	0
642985	0
643085	0
643185	0
643285	0
643385	0
643485	0
643585	0
643685	0
643785	0
643885	0
643985	0
644085	0
644185	0
644285	0
644385	0
644485	0
644585	0
644685	0
644785	0
644885	0
644985	0
645085	0
645185	0
645285	0
645385	0
645485	0
645585	0
645685	0
645785	0
645885	0
645985	0
646085	0
646185	0
646285	0
646385	0
646485	0
646585	0
646685	0
646785	0
646885	0
646985	0
647085	0
647185	0
647285	0
647385	0
647485	0
647585	0
647685	0
647785	0
647885	0
647985	0
648085	0
648185	0
648285	0
648385	0
648485	0
648585	0
648685	0
648785	0
648885	0
648985	0
649085	0
649185	0
649285	0
649385	0
649485	0
649585	0
649685	0
649785	0
649885	0
649985	0
650085	0
650185	0
650285	0
650385	0
650485	0
650585	0
650685	0
650785	0
650885	0
650985	0
651085	0
651185	0
651285	0
651385	0
651485	0
651585	0
651685	0
651785	0
651885	0
651985	0
652085	0
652185	0
652285	0
652385	0
652485	0
652585	0
652685	0
652785	0
652885	0
652985	0
653085	0
653185	0
653285	0
653385	0
653485	0
653585	0
653685	0
653785	0
653885	0
653985	0
654085	0
654185	0
654285	0
654385	0
654485	0
654585	0
654685	0
654785	0
654885	0
654985	0
655085	0
655185	0
655285	0
655385	0
655485	0
655585	0
655685	0
655785	0
655885	0
655985	0
656085	0
656185	0
656285	0
656385	0
656485	0
656585	0
656685	0
656785	0
656885	0
656985	0
657085	0
657185	0
657285	0
657385	0
657485	0
657585	0
657685	0
657785	0
657885	0
657985	0
658085	0
658185	0
658285	0
658385	0
658485	0
658585	0
658685	0
658785	0
658885	0
658985	0
659085	0
659185	0
659285	0
659385	0
659485	0
659585	0
659685	0
659785	0
659885	0
659985	0
660085	0
660185	0
660285	0
660385	0
660485	0
660585	0
660685	0
660785	0
660885	0
660985	0
661085	0
661185	0
661285	0
661385	0
661485	0
661585	0
661685	0
661785	0
661885	0
661985	0
662085	0
662185	0
662285	0
662385	0
662485	0
662585	0
662685	0
662785	0
662885	0
662985	0
663085	0
663185	0
663285	0
663385	0
663485	0
663585	0
663685	0
663785	0
663885	0
663985	0
664085	0
664185	0
664285	0
664385	0
664485	0
664585	0
664685	0
664785	0
664885	0
664985	0
665085	0
665185	0
665285	0
665385	0
665485	0
665585	0
665685	0
665785	0
665885	0
665985	0
666085	0
666185	0
666285	0
666385	0
666485	0
666585	0
666685	0
666785	0
666885	0
666985	0
667085	0
667185	0
667285	0
667385	0
667485	0
667585	0
667685	0
667785	0
667885	0
667985	0
668085	0
668185	0
668285	0
668385	0
668485	0
668585	0
668685	0
668785	0
668885	0
668985	0
669085	0
669185	0
669285	0
669385	0
669485	0
669585	0
669685	0
669785	0
669885	0
669985	0
670085	0
670185	0
670285	0
670385	0
670485	0
670585	0
670685	0
670785	0
670885	0
670985	0
671085	0
671185	0
671285	0
671385	0
671485	0
671585	0
671685	0
671785	0
671885	0
671985	0
672085	0
672185	0
672285	0
672385	0
672485	0
672585	0
672685	0
672785	0
672885	0
672985	0
673085	0
673185	0
673285	0
673385	0
673485	0
673585	0
673685	0
673785	0
673885	0
673985	0
674085	0
674185	0
674285	0
674385	0
674485	0
674585	0
674685	0
674785	0
674885	0
674985	0
675085	0
675185	0
675285	0
675385	0
675485	0
675585	0
675685	0
675785	0
675885	0
675985	0
676085	0
676185	0
676285	0
676385	0
676485	0
676585	0
676685	0
676785	0
676885	0
676985	0
677085	0
677185	0
677285	0
677385	0
677485	0
677585	0
677685	0
677785	0
677885	0
677985	0
678085	0
678185	0
678285	0
678385	0
678485	0
678585	0
678685	0
678785	0
678885	0
678985	0
679085	0
679185	0
679285	0
679385	0
679485	0
679585	0
679685	0
679785	0
679885	0
679985	0
680085	0
680185	0
680285	0
680385	0
680485	0
680585	0
680685	0
680785	0
680885	0
680985	0
681085	0
681185	0
681285	0
681385	0
681485	0
681585	0
681685	0
681785	0
681885	0
681985	0
682085	0
682185	0
682285	0
682385	0
682485	0
682585	0
682685	0
682785	0
682885	0
682985	0
683085	0
683185	0
683285	0
683385	0
683485	0
683585	0
683685	0
683785	0
683885	0
683985	0
684085	0
684185	0
684285	0
684385	0
684485	0
684585	0
684685	0
684785	0
684885	0
684985	0
685085	0
685185	0
685285	0
685385	0
685485	0
685585	0
685685	0
685785	0
685885	0
685985	0
686085	0
686185	0
686285	0
686385	0
686485	0
686585	0
686685	0
686785	0
686885	0
686985	0
687085	0
687185	0
687285	0
687385	0
687485	0
687585	0
687685	0
687785	0
687885	0
687985	0
688085	0
688185	0
688285	0
688385	0
688485	0
688585	0
688685	0
688785	0
688885	0
688985	0
689085	0
689185	0
689285	0
689385	0
689485	0
689585	0
689685	0
689785	0
689885	0
689985	0
690085	0
690185	0
690285	0
690385	0
690485	0
690585	0
690685	0
690785	0
690885	0
690985	0
691085	0
691185	0
691285	0
691385	0
691485	0
691585	0
691685	0
691785	0
691885	0
691985	0
692085	0
692185	0
692285	0
692385	0
692485	0
692585	0
692685	0
692785	0
692885	0
692985	0
693085	0
693185	0
693285	0
693385	0
693485	0
693585	0
693685	0
693785	0
693885	0
693985	0
694085	0
694185	0
694285	0
694385	0
694485	0
694585	0
694685	0
694785	0
694885	0
694985	0
695085	0
695185	0
695285	0
695385	0
695485	0
695585	0
695685	0
695785	0
695885	0
695985	0
696085	0
696185	0
696285	0
696385	0
696485	0
696585	0
696685	0
696785	0
696885	0
696985	0
697085	0
697185	0
697285	0
697385	0
697485	0
697585	0
697685	0
697785	0
697885	0
697985	0
698085	0
698185	0
698285	0
698385	0
698485	0
698585	0
698685	0
698785	0
698885	0
698985	0
699085	0
699185	0
699285	0
699385	0
699485	0
699585	0
699685	0
699785	0
699885	0
699985	0
700085	0
700185	0
700285	0
700385	0
700485	0
700585	0
700685	0
700785	0
700885	0
700985	0
701085	0
701185	0
701285	0
701385	0
701485	0
701585	0
701685	0
701785	0
701885	0
701985	0
702085	0
702185	0
702285	0
702385	0
702485	0
702585	0
702685	0
702785	0
702885	0
702985	0
703085	0
703185	0
703285	0
703385	0
703485	0
703585	0
703685	0
703785	0
703885	0
703985	0
704085	0
704185	0
704285	0
704385	0
704485	0
704585	0
704685	0
704785	0
704885	0
704985	0
705085	0
705185	0
705285	0
705385	0
705485	0
705585	0
705685	0
705785	0
705885	0
705985	0
706085	0
706185	0
706285	0
706385	0
706485	0
706585	0
706685	0
706785	0
706885	0
706985	0
707085	0
707185	0
707285	0
707385	0
707485	0
707585	0
707685	0
707785	0
707885	0
707985	0
708085	0
708185	0
708285	0
708385	0
708485	0
708585	0
708685	0
708785	0
708885	0
708985	0
709085	0
709185	0
709285	0
709385	0
709485	0
709585	0
709685	0
709785	0
709885	0
709985	0
710085	0
710185	0
710285	0
710385	0
710485	0
710585	0
710685	0
710785	0
710885	0
710985	0
711085	0
711185	0
711285	0
711385	0
711485	0
711585	0
711685	0
711785	0
711885	0
711985	0
712085	0
712185	0
712285	0
712385	0
712485	0
712585	0
712685	0
712785	0
712885	0
712985	0
713085	0
713185	0
713285	0
713385	0
713485	0
713585	0
713685	0
713785	0
713885	0
713985	0
714085	0
714185	0
714285	0
714385	0
714485	0
714585	0
714685	0
714785	0
714885	0
714985	0
715085	0
715185	0
715285	0
715385	0
715485	0
715585	0
715685	0
715785	0
715885	0
715985	0
716085	0
716185	0
716285	0
716385	0
716485	0
716585	0
716685	0
716785	0
716885	0
716985	0
717085	0
717185	0
717285	0
717385	0
717485	0
717585	0
717685	0
717785	0
717885	0
717985	0
718085	0
718185	0
718285	0
718385	0
718485	0
718585	0
718685	0
718785	0
718885	0
718985	0
719085	0
719185	0
719285	0
719385	0
719485	0
719585	0
719685	0
719785	0
719885	0
719985	0
720085	0
720185	0
720285	0
720385	0
720485	0
720585	0
720685	0
720785	0
720885	0
720985	0
721085	0
721185	0
721285	0
721385	0
721485	0
721585	0
721685	0
721785	0
721885	0
721985	0
722085	0
722185	0
722285	0
722385	0
722485	0
722585	0
722685	0
722785	0
722885	0
722985	0
723085	0
723185	0
723285	0
723385	0
723485	0
723585	0
723685	0
723785	0
723885	0
723985	0
724085	0
724185	0
724285	0
724385	0
724485	0
724585	0
724685	0
724785	0
724885	0
724985	0
725085	0
725185	0
725285	0
725385	0
725485	0
725585	0
725685	0
725785	0
725885	0
725985	0
726085	0
726185	0
726285	0
726385	0
726485	0
726585	0
726685	0
726785	0
726885	0
726985	0
727085	0
727185	0
727285	0
727385	0
727485	0
727585	0
727685	0
727785	0
727885	0
727985	0
728085	0
728185	0
728285	0
728385	0
728485	0
728585	0
728685	0
728785	0
728885	0
728985	0
729085	0
729185	0
729285	0
729385	0
729485	0
729585	0
729685	0
729785	0
729885	0
729985	0
730085	0
730185	0
730285	0
730385	0
730485	0
730585	0
730685	0
730785	0
730885	0
730985	0
731085	0
731185	0
731285	0
731385	0
731485	0
731585	0
731685	0
731785	0
731885	0
731985	0
732085	0
732185	0
732285	0
732385	0
732485	0
732585	0
732685	0
732785	0
732885	0
732985	0
733085	0
733185	0
733285	0
733385	0
733485	0
733585	0
733685	0
733785	0
733885	0
733985	0
734085	0
734185	0
734285	0
734385	0
734485	0
734585	0
734685	0
734785	0
734885	0
734985	0
735085	0
735185	0
735285	0
735385	0
735485	0
735585	0
735685	0
735785	0
735885	0
735985	0
736085	0
736185	0
736285	0
736385	0
736485	0
736585	0
736685	0
736785	0
736885	0
736985	0
737085	0
737185	0
737285	0
737385	0
737485	0
737585	0
737685	0
737785	0
737885	0
737985	0
738085	0
738185	0
738285	0
738385	0
738485	0
738585	0
738685	0
738785	0
738885	0
738985	0
739085	0
739185	0
739285	0
739385	0
739485	0
739585	0
739685	0
739785	0
739885	0
739985	0
740085	0
740185	0
740285	0
740385	0
740485	0
740585	0
740685	0
740785	0
740885	0
740985	0
741085	0
741185	0
741285	0
741385	0
741485	0
741585	0
741685	0
741785	0
741885	0
741985	0
742085	0
742185	0
742285	0
742385	0
742485	0
742585	0
742685	0
742785	0
742885	0
742985	0
743085	0
743185	0
743285	0
743385	0
743485	0
743585	0
743685	0
743785	0
743885	0
743985	0
744085	0
744185	0
744285	0
744385	0
744485	0
744585	0
744685	0
744785	0
744885	0
744985	0
745085	0
745185	0
745285	0
745385	0
745485	0
745585	0
745685	0
745785	0
745885	0
745985	0
746085	0
746185	0
746285	0
746385	0
746485	0
746585	0
746685	0
746785	0
746885	0
746985	0
747085	0
747185	0
747285	0
747385	0
747485	0
747585	0
747685	0
747785	0
747885	0
747985	0
748085	0
748185	0
748285	0
748385	0
748485	0
748585	0
748685	0
748785	0
748885	0
748985	0
749085	0
749185	0
749285	0
749385	0
749485	0
749585	0
749685	0
749785	0
749885	0
749985	0
750085	0
750185	0
750285	0
750385	0
750485	0
750585	0
750685	0
750785	0
750885	0
750985	0
751085	0
751185	0
751285	0
751385	0
751485	0
751585	0
751685	0
751785	0
751885	0
751985	0
752085	0
752185	0
752285	0
752385	0
752485	0
752585	0
752685	0
752785	0
752885	0
752985	0
753085	0
753185	0
753285	0
753385	0
753485	0
753585	0
753685	0
753785	0
753885	0
753985	0
754085	0
754185	0
754285	0
754385	0
754485	0
754585	0
754685	0
754785	0
754885	0
754985	0
755085	0
755185	0
755285	0
755385	0
755485	0
755585	0
755685	0
755785	0
755885	0
755985	0
756085	0
756185	0
756285	0
756385	0
756485	0
756585	0
756685	0
756785	0
756885	0
756985	0
757085	0
757185	0
757285	0
757385	0
757485	0
757585	0
757685	0
757785	0
757885	0
757985	0
758085	0
758185	0
758285	0
758385	0
758485	0
758585	0
758685	0
758785	0
758885	0
758985	0
759085	0
759185	0
759285	0
759385	0
759485	0
759585	0
759685	0
759785	0
759885	0
759985	0
760085	0
760185	0
760285	0
760385	0
760485	0
760585	0
760685	0
760785	0
760885	0
760985	0
761085	0
761185	0
761285	0
761385	0
761485	0
761585	0
761685	0
761785	0
761885	0
761985	0
762085	0
762185	0
762285	0
762385	0
762485	0
762585	0
762685	0
762785	0
762885	0
762985	0
763085	0
763185	0
763285	0
763385	0
763485	0
763585	0
763685	0
763785	0
763885	0
763985	0
764085	0
764185	0
764285	0
764385	0
764485	0
764585	0
764685	0
764785	0
764885	0
764985	0
765085	0
765185	0
765285	0
765385	0
765485	0
765585	0
765685	0
765785	0
765885	0
765985	0
766085	0
766185	0
766285	0
766385	0
766485	0
766585	0
766685	0
766785	0
766885	0
766985	0
767085	0
767185	0
767285	0
767385	0
767485	0
767585	0
767685	0
767785	0
767885	0
767985	0
768085	0
768185	0
768285	0
768385	0
768485	0
768585	0
768685	0
768785	0
768885	0
768985	0
769085	0
769185	0
769285	0
769385	0
769485	0
769585	0
769685	0
769785	0
769885	0
769985	0
770085	0
770185	0
770285	0
770385	0
770485	0
770585	0
770685	0
770785	0
770885	0
770985	0
771085	0
771185	0
771285	0
771385	0
771485	0
771585	0
771685	0
771785	0
771885	0
771985	0
772085	0
772185	0
772285	0
772385	0
772485	0
772585	0
772685	0
772785	0
772885	0
772985	0
773085	0
773185	0
773285	0
773385	0
773485	0
773585	0
773685	0
773785	0
773885	0
773985	0
774085	0
774185	0
774285	0
774385	0
774485	0
774585	0
774685	0
774785	0
774885	0
774985	0
775085	0
775185	0
775285	0
775385	0
775485	0
775585	0
775685	0
775785	0
775885	0
775985	0
776085	0
776185	0
776285	0
776385	0
776485	0
776585	0
776685	0
776785	0
776885	0
776985	0
777085	0
777185	0
777285	0
777385	0
777485	0
777585	0
777685	0
777785	0
777885	0
777985	0
778085	0
778185	0
778285	0
778385	0
778485	0
778585	0
778685	0
778785	0
778885	0
778985	0
779085	0
779185	0
779285	0
779385	0
779485	0
779585	0
779685	0
779785	0
779885	0
779985	0
780085	0
780185	0
780285	0
780385	0
780485	0
780585	0
780685	0
780785	0
780885	0
780985	0
781085	0
781185	0
781285	0
781385	0
781485	0
781585	0
781685	0
781785	0
781885	0
781985	0
782085	0
782185	0
782285	0
782385	0
782485	0
782585	0
782685	0
782785	0
782885	0
782985	0
783085	0
783185	0
783285	0
783385	0
783485	0
783585	0
783685	0
783785	0
783885	0
783985	0
784085	0
784185	0
784285	0
784385	0
784485	0
784585	0
784685	0
784785	0
784885	0
784985	0
785085	0
785185	0
785285	0
785385	0
785485	0
785585	0
785685	0
785785	0
785885	0
785985	0
786085	0
786185	0
786285	0
786385	0
786485	0
786585	0
786685	0
786785	0
786885	0
786985	0
787085	0
787185	0
787285	0
787385	0
787485	0
787585	0
787685	0
787785	0
787885	0
787985	0
788085	0
788185	0
788285	0
788385	0
788485	0
788585	0
788685	0
788785	0
788885	0
788985	0
789085	0
789185	0
789285	0
789385	0
789485	0
789585	0
789685	0
789785	0
789885	0
789985	0
790085	0
790185	0
790285	0
790385	0
790485	0
790585	0
790685	0
790785	0
790885	0
790985	0
791085	0
791185	0
791285	0
791385	0
791485	0
791585	0
791685	0
791785	0
791885	0
791985	0
792085	0
792185	0
792285	0
792385	0
792485	0
792585	0
792685	0
792785	0
792885	0
792985	0
793085	0
793185	0
793285	0
793385	0
793485	0
793585	0
793685	0
793785	0
793885	0
793985	0
794085	0
794185	0
794285	0
794385	0
794485	0
794585	0
794685	0
794785	0
794885	0
794985	0
795085	0
795185	0
795285	0
795385	0
795485	0
795585	0
795685	0
795785	0
795885	0
795985	0
796085	0
796185	0
796285	0
796385	0
796485	0
796585	0
796685	0
796785	0
796885	0
796985	0
797085	0
797185	0
797285	0
797385	0
797485	0
797585	0
797685	0
797785	0
797885	0
797985	0
798085	0
798185	0
798285	0
798385	0
798485	0
798585	0
798685	0
798785	0
798885	0
798985	0
799085	0
799185	0
799285	0
799385	0
799485	0
799585	0
799685	0
799785	0
799885	0
799985	0
800085	0
800185	0
800285	0
800385	0
800485	0
800585	0
800685	0
800785	0
800885	0
800985	0
801085	0
801185	0
801285	0
801385	0
801485	0
801585	0
801685	0
801785	0
801885	0
801985	0
802085	0
802185	0
802285	0
802385	0
802485	0
802585	0
802685	0
802785	0
802885	0
802985	0
803085	0
803185	0
803285	0
803385	0
803485	0
803585	0
803685	0
803785	0
803885	0
803985	0
804085	0
804185	0
804285	0
804385	0
804485	0
804585	0
804685	0
804785	0
804885	0
804985	0
805085	0
805185	0
805285	0
805385	0
805485	0
805585	0
805685	0
805785	0
805885	0
805985	0
806085	0
806185	0
806285	0
806385	0
806485	0
806585	0
806685	0
806785	0
806885	0
806985	0
807085	0
807185	0
807285	0
807385	0
807485	0
807585	0
807685	0
807785	0
807885	0
807985	0
808085	0
808185	0
808285	0
808385	0
808485	0
808585	0
808685	0
808785	0
808885	0
808985	0
809085	0
809185	0
809285	0
809385	0
809485	0
809585	0
809685	0
809785	0
809885	0
809985	0
810085	0
810185	0
810285	0
810385	0
810485	0
810585	0
810685	0
810785	0
810885	0
810985	0
811085	0
811185	0
811285	0
811385	0
811485	0
811585	0
811685	0
811785	0
811885	0
811985	0
812085	0
812185	0
812285	0
812385	0
812485	0
812585	0
812685	0
812785	0
812885	0
812985	0
813085	0
813185	0
813285	0
813385	0
813485	0
813585	0
813685	0
813785	0
813885	0
813985	0
814085	0
814185	0
814285	0
814385	0
814485	0
814585	0
814685	0
814785	0
814885	0
814985	0
815085	0
815185	0
815285	0
815385	0
815485	0
815585	0
815685	0
815785	0
815885	0
815985	0
816085	0
816185	0
816285	0
816385	0
816485	0
816585	0
816685	0
816785	0
816885	0
816985	0
817085	0
817185	0
817285	0
817385	0
817485	0
817585	0
817685	0
817785	0
817885	0
817985	0
818085	0
818185	0
818285	0
818385	0
818485	0
818585	0
818685	0
818785	0
818885	0
818985	0
819085	0
819185	0
819285	0
819385	0
819485	0
819585	0
819685	0
819785	0
819885	0
819985	0
820085	0
820185	0
820285	0
820385	0
820485	0
820585	0
820685	0
820785	0
820885	0
820985	0
821085	0
821185	0
821285	0
821385	0
821485	0
821585	0
821685	0
821785	0
821885	0
821985	0
822085	0
822185	0
822285	0
822385	0
822485	0
822585	0
822685	0
822785	0
822885	0
822985	0
823085	0
823185	0
823285	0
823385	0
823485	0
823585	0
823685	0
823785	0
823885	0
823985	0
824085	0
824185	0
824285	0
824385	0
824485	0
824585	0
824685	0
824785	0
824885	0
824985	0
825085	0
825185	0
825285	0
825385	0
825485	0
825585	0
825685	0
825785	0
825885	0
825985	0
826085	0
826185	0
826285	0
826385	0
826485	0
826585	0
826685	0
826785	0
826885	0
826985	0
827085	0
827185	0
827285	0
827385	0
827485	0
827585	0
827685	0
827785	0
827885	0
827985	0
828085	0
828185	0
828285	0
828385	0
828485	0
828585	0
828685	0
828785	0
828885	0
828985	0
829085	0
829185	0
829285	0
829385	0
829485	0
829585	0
829685	0
829785	0
829885	0
829985	0
830085	0
830185	0
830285	0
830385	0
830485	0
830585	0
830685	0
830785	0
830885	0
830985	0
831085	0
831185	0
831285	0
831385	0
831485	0
831585	0
831685	0
831785	0
831885	0
831985	0
832085	0
832185	0
832285	0
832385	0
832485	0
832585	0
832685	0
832785	0
832885	0
832985	0
833085	0
833185	0
833285	0
833385	0
833485	0
833585	0
833685	0
833785	0
833885	0
833985	0
834085	0
834185	0
834285	0
834385	0
834485	0
834585	0
834685	0
834785	0
834885	0
834985	0
835085	0
835185	0
835285	0
835385	0
835485	2.47033e-323
835585	1.01283e-321
835685	4.71339e-320
835785	2.17121e-318
835885	9.90264e-317
835985	4.47155e-315
836085	1.99904e-313
836185	8.84794e-312
836285	3.87722e-310
836385	1.68211e-308
836485	7.22516e-307
836585	3.07253e-305
836685	1.29361e-303
836785	5.3922e-302
836885	2.22529e-300
836985	9.09208e-299
837085	3.67788e-297
837185	1.47295e-295
837285	5.84033e-294
837385	2.29268e-292
837485	8.91057e-291
837585	3.42867e-289
837685	1.30618e-287
837785	4.92647e-286
837885	1.83961e-284
837985	6.80102e-283
838085	2.48931e-281
838185	9.02072e-280
838285	3.23639e-278
838385	1.14957e-276
838485	4.04268e-275
838585	1.40754e-273
838685	4.85184e-272
838785	1.65581e-270
838885	5.59465e-269
838985	1.8715e-267
839085	6.19821e-266
839185	2.03235e-264
839285	6.59764e-263
839385	2.12048e-261
839485	6.74744e-260
839585	2.12569e-258
839685	6.63006e-257
839785	2.04735e-255
839885	6.25928e-254
839985	1.89458e-252
840085	5.67753e-251
840185	1.68447e-249
840285	4.94792e-248
840385	1.43893e-246
840485	4.14299e-245
840585	1.18099e-243
840685	3.33299e-242
840785	9.31277e-241
840885	2.57621e-239
840985	7.05571e-238
841085	1.91319e-236
841185	5.13607e-235
841285	1.36509e-233
841385	3.59211e-232
841485	9.35824e-231
841585	2.41377e-229
841685	6.16389e-228
841785	1.55837e-226
841885	3.90071e-225
841985	9.6666e-224
842085	2.37171e-222
842185	5.7611e-221
842285	1.3855e-219
842385	3.29887e-218
842485	7.77643e-217
842585	1.8149e-215
842685	4.19355e-214
842785	9.59331e-213
842885	2.17276e-211
842985	4.87206e-210
843085	1.08161e-208
843185	2.37731e-207
843285	5.17317e-206
843385	1.11451e-204
843485	2.37723e-203
843585	5.02012e-202
843685	1.04958e-200
843785	2.17256e-199
843885	4.45231e-198
843985	9.03352e-197
844085	1.81462e-195
844185	3.60886e-194
844285	7.1058e-193
844385	1.3852e-191
844485	2.67343e-190
844585	5.10837e-189
844685	9.6639e-188
844785	1.81001e-186
844885	3.35633e-185
844985	6.16179e-184
845085	1.11997e-182
845185	2.0154e-181
845285	3.59066e-180
845385	6.3335e-179
845485	1.10604e-177
845585	1.9123e-176
845685	3.27338e-175
845785	5.54746e-174
845885	9.30785e-173
845985	1.54619e-171
846085	2.54291e-170
846185	4.14055e-169
846285	6.67484e-168
846385	1.06532e-166
846485	1.68337e-165
846585	2.6335e-164
846685	4.07892e-163
846785	6.25481e-162
846885	9.49598e-161
846985	1.42732e-159
847085	2.12404e-158
847185	3.12939e-157
847285	4.56471e-156
847385	6.59211e-155
847485	9.42524e-154
847585	1.33419e-152
847685	1.86982e-151
847785	2.59441e-150
847885	3.56398e-149
847985	4.84718e-148
848085	6.52679e-147
848185	8.70095e-146
848285	1.1484e-144
848385	1.50063e-143
848485	1.94138e-142
848585	2.48661e-141
848685	3.15326e-140
848785	3.95886e-139
848885	4.92081e-138
848985	6.05565e-137
849085	7.37805e-136
849185	8.89979e-135
849285	1.06286e-133
849385	1.25669e-132
849485	1.47108e-131
849585	1.70491e-130
849685	1.95626e-129
849785	2.22232e-128
849885	2.49944e-127
849985	2.78316e-126
850085	3.06824e-125
850185	3.34887e-124
850285	3.61879e-123
850385	3.87156e-122
850485	4.10078e-121
850585	4.30034e-120
850685	4.46475e-119
850785	4.58932e-118
850885	4.67042e-117
850985	4.70566e-116
851085	4.694e-115
851185	4.63577e-114
851285	4.53271e-113
851385	4.38785e-112
851485	4.20535e-111
851585	3.99033e-110
851685	3.74864e-109
851785	3.48654e-108
851885	3.21051e-107
851985	2.92691e-106
852085	2.64181e-105
852185	2.36076e-104
852285	2.08861e-103
852385	1.82946e-102
852485	1.58651e-101
852585	1.36214e-100
852685	1.15786e-99
852785	9.74424e-99
852885	8.1189e-98
852985	6.69735e-97
853085	5.46974e-96
853185	4.42269e-95
853285	3.54049e-94
853385	2.80607e-93
853485	2.20186e-92
853585	1.71056e-91
853685	1.31566e-90
853785	1.00186e-89
853885	7.55311e-89
853985	5.63771e-88
854085	4.16616e-87
854185	3.04808e-86
854285	2.20788e-85
854385	1.58336e-84
854485	1.1242e-83
854585	7.90243e-83
854685	5.49967e-82
854785	3.7894e-81
854885	2.585e-80
854985	1.74585e-79
855085	1.16738e-78
855185	7.72811e-78
855285	5.06514e-77
855385	3.28675e-76
855485	2.11154e-75
855585	1.34304e-74
855685	8.45738e-74
855785	5.27278e-73
855885	3.25462e-72
855985	1.98892e-71
856085	1.20335e-70
856185	7.20816e-70
856285	4.27478e-69
856385	2.50992e-68
856485	1.45902e-67
856585	8.39697e-67
856685	4.78454e-66
856785	2.69907e-65
856885	1.50746e-64
856985	8.33554e-64
857085	4.5633e-63
857185	2.47333e-62
857285	1.32721e-61
857385	7.05111e-61
857485	3.70878e-60
857585	1.93135e-59
857685	9.95749e-59
857785	5.0827e-58
857885	2.5686e-57
857985	1.28515e-56
858085	6.36607e-56
858185	3.12208e-55
858285	1.51591e-54
858385	7.28721e-54
858485	3.46821e-53
858585	1.63421e-52
858685	7.62369e-52
858785	3.52112e-51
858885	1.6101e-50
858985	7.28924e-50
859085	3.26715e-49
859185	1.44981e-48
859285	6.36961e-48
859385	2.77058e-47
859485	1.19312e-46
859585	5.08695e-46
859685	2.14727e-45
859785	8.97371e-45
859885	3.71291e-44
859985	1.52095e-43
860085	6.16839e-43
860185	2.47677e-42
860285	9.84594e-42
860385	3.87512e-41
860485	1.50998e-40
860585	5.82523e-40
860685	2.22491e-39
860785	8.41335e-39
860885	3.14979e-38
860985	1.16749e-37
861085	4.28431e-37
861185	1.55656e-36
861285	5.59895e-36
861385	1.99391e-35
861485	7.0301e-35
861585	2.454e-34
861685	8.48094e-34
861785	2.90182e-33
861885	9.83004e-33
861985	3.29683e-32
862085	1.0947e-31
862185	3.59873e-31
862285	1.17128e-30
862385	3.77426e-30
862485	1.20409e-29
862585	3.80313e-29
862685	1.18927e-28
862785	3.68196e-28
862885	1.12858e-27
862985	3.42488e-27
863085	1.029e-26
863185	3.06083e-26
863285	9.01411e-26
863385	2.62823e-25
863485	7.58682e-25
863585	2.16827e-24
863685	6.13514e-24
863785	1.71867e-23
863885	4.7667e-23
863985	1.30888e-22
864085	3.55827e-22
864185	9.57713e-22
864285	2.55205e-21
864385	6.73286e-21
864485	1.7586e-20
864585	4.5477e-20
864685	1.16432e-19
864785	2.95129e-19
864885	7.4064e-19
864985	1.84018e-18
865085	4.52658e-18
865185	1.10239e-17
865285	2.65803e-17
865385	6.34515e-17
865485	1.49961e-16
865585	3.50893e-16
865685	8.12881e-16
865785	1.86439e-15
865885	4.23353e-15
865985	9.51756e-15
866085	2.11839e-14
866185	4.66814e-14
866285	1.01845e-13
866385	2.19983e-13
866485	4.70433e-13
866585	9.9601e-13
866685	2.08779e-12
866785	4.33278e-12
866885	8.90232e-12
866985	1.81091e-11
867085	3.6471e-11
867185	7.27203e-11
867285	1.43556e-10
867385	2.80571e-10
867485	5.42903e-10
867585	1.04006e-09
867685	1.97266e-09
867785	3.70426e-09
867885	6.88667e-09
867985	1.26757e-08
868085	2.30991e-08
868185	4.16748e-08
868285	7.44405e-08
868385	1.31644e-07
868485	2.3049e-07
868585	3.99538e-07
868685	6.85681e-07
868785	1.16505e-06
868885	1.95984e-06
868985	3.26404e-06
869085	5.38205e-06
869185	8.78611e-06
869285	1.42005e-05
869385	2.2723e-05
869485	3.59987e-05
869585	5.6463e-05
869685	8.76795e-05
869785	0.0001348
869885	0.000205181
869985	0.000309203
870085	0.000461324
870185	0.000681437
870285	0.000996557
870385	0.0014429
870485	0.00206836
870585	0.00293545
870685	0.00412458
870785	0.00573775
870885	0.00790243
870985	0.0107755
871085	0.0145469
871185	0.0194428
871285	0.0257281
871385	0.0337063
871485	0.0437193
871585	0.0561424
871685	0.0713784
871785	0.0898461
871885	0.111967
871985	0.138145
872085	0.168748
872185	0.20408
872285	0.244353
872385	0.289663
872485	0.339957
872585	0.395015
872685	0.454422
872785	0.517562
872885	0.583609
872985	0.651538
873085	0.720135
873185	0.788034
873285	0.853755
873385	0.915754
873485	0.972481
873585	1.02245
873685	1.06428
873785	1.09681
873885	1.11908
873985	1.13044
874085	1.13056
874185	1.11943
874285	1.09737
874385	1.06505
874485	1.0234
874585	0.973585
874685	0.916982
874785	0.855077
874885	0.789417
874985	0.721547
875085	0.65295
875185	0.584995
875285	0.518898
875385	0.455689
875485	0.396198
875585	0.341046
875685	0.29065
875785	0.245236
875885	0.20486
875985	0.169428
876085	0.13873
876185	0.112464
876285	0.0902639
876385	0.0717251
876485	0.0564268
876585	0.0439498
876685	0.033891
876785	0.0258744
876885	0.0195575
876985	0.0146356
877085	0.0108435
877185	0.00795393
877285	0.00577633
877385	0.00415317
877485	0.00295641
877585	0.00208356
877685	0.0014538
877785	0.00100429
877885	0.000686868
877985	0.000465097
878085	0.000311796
878185	0.000206945
878285	0.000135986
878385	8.84695e-05
878485	5.69835e-05
878585	3.6338e-05
878685	2.2942e-05
878785	1.43403e-05
878885	8.87443e-06
878985	5.43727e-06
879085	3.29821e-06
879185	1.98077e-06
879285	1.17773e-06
879385	6.93287e-07
879485	4.04054e-07
879585	2.33143e-07
879685	1.33187e-07
879785	7.53284e-08
879885	4.21806e-08
879985	2.33843e-08
880085	1.28349e-08
880185	6.97456e-09
880285	3.75231e-09
880385	1.99866e-09
880485	1.05399e-09
880585	5.50285e-10
880685	2.84445e-10
880785	1.45568e-10
880885	7.37548e-11
880985	3.69975e-11
881085	1.83743e-11
881185	9.03455e-12
881285	4.39804e-12
881385	2.11967e-12
881485	1.01143e-12
881585	4.77815e-13
881685	2.23481e-13
881785	1.03485e-13
881885	4.74432e-14
881985	2.15341e-14
882085	9.67691e-15
882185	4.30538e-15
882285	1.89664e-15
882385	8.27682e-16
882485	3.58799e-16
882585	1.57009e-16
882685	7.55218e-17
882785	5.40605e-17
882885	7.72518e-17
882985	1.64482e-16
883085	3.85131e-16
883185	9.10387e-16
883285	2.13777e-15
883385	4.9728e-15
883485	1.14535e-14
883585	2.61182e-14
883685	5.89664e-14
883785	1.31802e-13
883885	2.91675e-13
883985	6.39047e-13
884085	1.38619e-12
884185	2.97694e-12
884285	6.32957e-12
884385	1.3324e-11
884485	2.77686e-11
884585	5.72966e-11
884685	1.17047e-10
884785	2.36729e-10
884885	4.74021e-10
884985	9.39725e-10
885085	1.84443e-09
885185	3.58409e-09
885285	6.89531e-09
885385	1.31337e-08
885485	2.47671e-08
885585	4.62403e-08
885685	8.5472e-08
885785	1.56417e-07
885885	2.83401e-07
885985	5.08364e-07
886085	9.0283e-07
886185	1.58743e-06
886285	2.76337e-06
886385	4.76258e-06
886485	8.12646e-06
886585	1.37283e-05
886685	2.2961e-05
886785	3.80209e-05
886885	6.23318e-05
886985	0.000101171
887085	0.000162576
887185	0.000258651
887285	0.000407409
887385	0.000635336
887485	0.00098092
887585	0.00149941
887685	0.00226916
887785	0.0033999
887885	0.00504341
887985	0.00740695
888085	0.0107699
888185	0.0155039
888285	0.0220967
888385	0.0311796
888485	0.0435583
888585	0.0602461
888685	0.082498
888785	0.111845
888885	0.150122
888985	0.199494
889085	0.262466
889185	0.341879
889285	0.440889
889385	0.562916
889485	0.711565
889585	0.890518
889685	1.10339
889785	1.35354
889885	1.64388
889985	1.97663
890085	2.35309
890185	2.77338
890285	3.23621
890385	3.73871
890485	4.27625
890585	4.84241
890685	5.42897
890785	6.02602
890885	6.62217
890985	7.20488
891085	7.76088
891185	8.2766
891285	8.73876
891385	9.13493
891485	9.45404
891585	9.68694
891685	9.82682
891785	9.86952
891885	9.81378
891985	9.66126
892085	9.41648
892185	9.08657
892285	8.68098
892385	8.21097
892485	7.68913
892585	7.12881
892685	6.54355
892785	5.94658
892885	5.3503
892985	4.76592
893085	4.20312
893185	3.66989
893285	3.17244
893385	2.71512
893485	2.30061
893585	1.92998
893685	1.60295
893785	1.31809
893885	1.07306
893985	0.864897
894085	0.690176
894185	0.545271
894285	0.426503
894385	0.330285
894485	0.253229
894585	0.192218
894685	0.144455
894785	0.10748
894885	0.0791733
894985	0.0577415
895085	0.0416921
895185	0.0298042
895285	0.0210939
895385	0.0147807
895485	0.0102539
895585	0.00704273
895685	0.00478905
895785	0.00322415
895885	0.00214901
895985	0.00141813
896085	0.000926518
896185	0.000599305
896285	0.000383794
896385	0.000243336
896485	0.000152746
896585	9.49277e-05
896685	5.8408e-05
896785	3.55802e-05
896885	2.14586e-05
896985	1.2813e-05
897085	7.57459e-06
897185	4.43326e-06
897285	2.56888e-06
897385	1.47375e-06
897485	8.37064e-07
897585	4.70707e-07
897685	2.6206e-07
897785	1.44447e-07
897885	7.88263e-08
897985	4.25884e-08
898085	2.27808e-08
898185	1.20644e-08
898285	6.32552e-09
898385	3.28356e-09
898485	1.68753e-09
898585	8.58647e-10
898685	4.32548e-10
898785	2.15731e-10
898885	1.06524e-10
898985	5.2076e-11
899085	2.52049e-11
899185	1.20779e-11
899285	5.72999e-12
899385	2.69137e-12
899485	1.25155e-12
899585	5.76213e-13
899685	2.62648e-13
899785	1.18528e-13
899885	5.29574e-14
899985	2.34255e-14
900085	1.02591e-14
900185	4.44819e-15
900285	1.90949e-15
900385	8.11534e-16
900485	3.41471e-16
900585	1.42252e-16
900685	5.86704e-17
900785	2.39573e-17
900885	9.68529e-18
900985	3.87655e-18
901085	1.53615e-18
901185	6.02672e-19
901285	2.34091e-19
901385	9.00213e-20
901485	3.42739e-20
901585	1.29193e-20
901685	4.82136e-21
901785	1.78139e-21
901885	6.51635e-22
901985	2.35997e-22
902085	8.46189e-23
902185	3.00389e-23
902285	1.05574e-23
902385	3.67358e-24
902485	1.26555e-24
902585	4.31642e-25
902685	1.45756e-25
902785	4.87287e-26
902885	1.61288e-26
902985	5.28536e-27
903085	1.71477e-27
903185	5.50799e-28
903285	1.75161e-28
903385	5.51492e-29
903485	1.71909e-29
903585	5.30535e-30
903685	1.62102e-30
903785	4.90362e-31
903885	1.4686e-31
903985	4.3546e-32
904085	1.27835e-32
904185	3.71542e-33
904285	1.06911e-33
904385	3.04576e-34
904485	8.59062e-35
904585	2.39889e-35
904685	6.63215e-36
904785	1.81533e-36
904885	4.9194e-37
904985	1.31986e-37
905085	3.50589e-38
905185	9.21992e-39
905285	2.40056e-39
905385	6.18808e-40
905485	1.57927e-40
905585	3.99037e-41
905685	9.98221e-42
905785	2.47228e-42
905885	6.06214e-43
905985	1.47167e-43
906085	3.53715e-44
906185	8.41691e-45
906285	1.98294e-45
906385	4.62514e-46
906485	1.06818e-46
906585	2.44768e-47
906685	5.79146e-48
906785	2.42574e-48
906885	5.55433e-48
906985	2.3307e-47
907085	1.01354e-46
907185	4.37388e-46
907285	1.86897e-45
907385	7.90671e-45
907485	3.31167e-44
907585	1.37327e-43
907685	5.63795e-43
907785	2.29163e-42
907885	9.22196e-42
907985	3.67418e-41
908085	1.44929e-40
908185	5.65985e-40
908285	2.18833e-39
908385	8.37679e-39
908485	3.17468e-38
908585	1.19118e-37
908685	4.42502e-37
908785	1.62745e-36
908885	5.92595e-36
908985	2.13632e-35
909085	7.62482e-35
909185	2.69433e-34
909285	9.42605e-34
909385	3.26486e-33
909485	1.11959e-32
909585	3.80108e-32
909685	1.27766e-31
909785	4.25185e-31
909885	1.40087e-30
909985	4.56958e-30
910085	1.47574e-29
910185	4.71849e-29
910285	1.49366e-28
910385	4.68121e-28
910485	1.45252e-27
910585	4.46212e-27
910685	1.35712e-26
910785	4.08651e-26
910885	1.21827e-25
910985	3.59578e-25
911085	1.05075e-24
911185	3.03991e-24
911285	8.70723e-24
911385	2.4692e-23
911485	6.93251e-23
911585	1.927e-22
911685	5.30309e-22
911785	1.44489e-21
911885	3.89759e-21
911985	1.04091e-20
912085	2.75227e-20
912185	7.20483e-20
912285	1.8673e-19
912385	4.79138e-19
912485	1.21721e-18
912585	3.06144e-18
912685	7.62333e-18
912785	1.8794e-17
912885	4.58725e-17
912985	1.10852e-16
913085	2.65209e-16
913185	6.28192e-16
913285	1.47317e-15
913385	3.42035e-15
913485	7.86222e-15
913585	1.78927e-14
913685	4.03149e-14
913785	8.99315e-14
913885	1.98616e-13
913985	4.34285e-13
914085	9.40139e-13
914185	2.01496e-12
914285	4.2756e-12
914385	8.98226e-12
914485	1.86823e-11
914585	3.8471e-11
914685	7.84319e-11
914785	1.5831e-10
914885	3.16361e-10
914985	6.25912e-10
915085	1.22603e-09
915185	2.37764e-09
915285	4.56507e-09
915385	8.67773e-09
915485	1.63313e-08
915585	3.04295e-08
915685	5.61339e-08
915785	1.02521e-07
915885	1.85377e-07
915985	3.31862e-07
916085	5.88187e-07
916185	1.03212e-06
916285	1.79309e-06
916385	3.08413e-06
916485	5.25193e-06
916585	8.85446e-06
916685	1.47796e-05
916785	2.44242e-05
916885	3.99609e-05
916985	6.47302e-05
917085	0.000103809
917185	0.000164824
917285	0.000259098
917385	0.00040324
917485	0.000621328
917585	0.00094784
917685	0.00143155
917785	0.00214059
917885	0.00316898
917985	0.00464474
918085	0.00674002
918185	0.00968317
918285	0.0137731
918385	0.0193955
918485	0.0270414
918585	0.0373262
918685	0.05101
918785	0.0690166
918885	0.0924505
918985	0.122609
919085	0.160987
919185	0.209276
919285	0.269341
919385	0.343197
919485	0.432954
919585	0.540751
919685	0.668666
919785	0.818613
919885	0.992213
919985	1.19066
920085	1.41458
920185	1.6639
920285	1.93767
920385	2.23405
920485	2.55012
920585	2.88195
920685	3.22455
920785	3.57198
920885	3.91747
920985	4.25363
921085	4.57268
921185	4.86675
921285	5.12819
921385	5.3499
921485	5.52567
921585	5.65043
921685	5.72051
921785	5.73383
921885	5.69
921985	5.59032
922085	5.43774
922185	5.23669
922285	4.9929
922385	4.71308
922485	4.40469
922585	4.07551
922685	3.73341
922785	3.386
922885	3.04036
922985	2.70283
923085	2.37887
923185	2.07291
923285	1.78833
923385	1.52746
923485	1.29167
923585	1.0814
923685	0.89636
923785	0.735587
923885	0.597645
923985	0.48074
924085	0.382857
924185	0.301872
924285	0.235654
924385	0.182137
924485	0.139383
924585	0.105619
924685	0.0792629
924785	0.0589296
924885	0.0434343
924985	0.031782
925085	0.0231539
925185	0.0168909
925285	0.0124753
925385	0.00951326
925485	0.00771851
925585	0.00689833
925685	0.00694172
925785	0.00781025
925885	0.00953125
925985	0.012193
926085	0.0159416
926185	0.0209785
926285	0.027559
926385	0.0359892
926485	0.0466226
926585	0.059854
926685	0.0761113
926785	0.0958426
926885	0.119501
926985	0.147525
927085	0.180313
927185	0.218198
927285	0.261418
927385	0.310082
927485	0.364146
927585	0.423382
927685	0.487356
927785	0.555415
927885	0.62668
927985	0.700053
928085	0.774236
928185	0.847759
928285	0.919029
928385	0.986376
928485	1.04812
928585	1.10266
928685	1.14848
928785	1.18431
928885	1.20911
928985	1.22214
929085	1.22302
929185	1.21172
929285	1.18859
929385	1.15429
929485	1.10983
929585	1.05646
929685	0.995656
929785	0.929012
929885	0.858204
929985	0.784905
930085	0.710723
930185	0.637149
930285	0.565507
930385	0.496927
930485	0.432319
930585	0.372369
930685	0.31754
930785	0.268091
930885	0.224089
930985	0.185446
931085	0.15194
931185	0.123249
931285	0.0989809
931385	0.0787003
931485	0.0619525
931585	0.0482834
931685	0.0372558
931785	0.0284608
931885	0.0215258
931985	0.0161186
932085	0.0119497
932185	0.00877095
932285	0.00637396
932385	0.00458632
932485	0.00326787
932585	0.00230646
932685	0.00161376
932785	0.00112142
932885	0.000777634
932985	0.000544148
933085	0.000394003
933185	0.000309847
933285	0.00028301
933385	0.000313394
933485	0.000410315
933585	0.000594507
933685	0.000901566
933785	0.00138722
933885	0.00213495
933985	0.00326655
934085	0.00495648
934185	0.00745084
934285	0.011092
934385	0.01635
934485	0.0238618
934585	0.0344787
934685	0.0493241
934785	0.0698596
934885	0.0979604
934985	0.135998
935085	0.186927
935185	0.25437
935285	0.342704
935385	0.457119
935485	0.603666
935585	0.789261
935685	1.02165
935785	1.3093
935885	1.66125
935985	2.08683
936085	2.59535
936185	3.19568
936285	3.89571
936385	4.70183
936485	5.61829
936585	6.64659
936685	7.78485
936785	9.02732
936885	10.3639
936985	11.7801
937085	13.2565
937185	14.7694
937285	16.2914
937385	17.7914
937485	19.2361
937585	20.5912
937685	21.8225
937785	22.8973
937885	23.7859
937985	24.4632
938085	24.9094
938185	25.1114
938285	25.0632
938385	24.7661
938485	24.229
938585	23.4678
938685	22.5042
938785	21.3656
938885	20.0827
938985	18.689
939085	17.2189
939185	15.7067
939285	14.1847
939385	12.6827
939485	11.2269
939585	9.83935
939685	8.53748
939785	7.33415
939885	6.23774
939985	5.25245
940085	4.37878
940185	3.61412
940285	2.9533
940385	2.3893
940485	1.91377
940585	1.51763
940685	1.19152
940785	0.926172
940885	0.712754
940985	0.543056
941085	0.409644
941185	0.305933
941285	0.226205
941385	0.16559
941485	0.120012
941585	0.0861139
941685	0.0611756
941785	0.0430271
941885	0.0299616
941985	0.0206563
942085	0.0140999
942185	0.00952959
942285	0.00637803
942385	0.0042285
942485	0.00277903
942585	0.00181368
942685	0.00118023
942785	0.000773006
942885	0.000520028
942985	0.000373558
943085	0.00030327
943185	0.000291466
943285	0.000329839
943385	0.000417396
943485	0.000559234
943585	0.000765948
943685	0.00105349
943785	0.00144333
943885	0.0019628
943985	0.00264554
944085	0.0035319
944185	0.00466918
944285	0.00611174
944385	0.00792065
944485	0.0101629
944585	0.0129104
944685	0.0162373
944785	0.0202185
944885	0.0249253
944985	0.0304221
945085	0.0367616
945185	0.0439802
945285	0.0520927
945385	0.0610877
945485	0.0709231
945585	0.0815227
945685	0.092774
945785	0.104528
945885	0.116599
945985	0.128769
946085	0.140795
946185	0.152413
946285	0.163347
946385	0.173324
946485	0.182081
946585	0.189376
946685	0.195004
946785	0.198801
946885	0.200656
946985	0.200513
947085	0.198376
947185	0.194309
947285	0.188431
947385	0.180914
947485	0.171967
947585	0.161837
947685	0.150788
947785	0.139096
947885	0.127033
947985	0.114862
948085	0.102824
948185	0.0911314
948285	0.0799649
948385	0.0694685
948485	0.0597494
948585	0.0508787
948685	0.0428939
948785	0.0358024
948885	0.029586
948985	0.0242056
949085	0.0196067
949185	0.0157235
949285	0.0124839
949385	0.00981319
949485	0.00763706
949585	0.00588436
949685	0.00448879
949785	0.00339013
949885	0.0025349
949985	0.00187656
950085	0.00137537
950185	0.000998013
950285	0.000716983
950385	0.000509963
950485	0.000359108
950585	0.000250362
950685	0.00017281
950785	0.000118094
950885	7.98991e-05
950985	5.35197e-05
951085	3.5493e-05
951185	2.33039e-05
951285	1.51486e-05
951385	9.74926e-06
951485	6.21196e-06
951585	3.91871e-06
951685	2.44745e-06
951785	1.51336e-06
951885	9.26463e-07
951985	5.61527e-07
952085	3.36954e-07
952185	2.00183e-07
952285	1.17744e-07
952385	6.85663e-08
952485	3.95311e-08
952585	2.25644e-08
952685	1.27516e-08
952785	7.13451e-09
952885	3.95203e-09
952985	2.16737e-09
953085	1.1768e-09
953185	6.32601e-10
953285	3.36678e-10
953385	1.77401e-10
953485	9.25451e-11
953585	4.77979e-11
953685	2.44411e-11
953785	1.23734e-11
953885	6.20179e-12
953985	3.07752e-12
954085	1.51196e-12
954185	7.35426e-13
954285	3.54155e-13
954385	1.68852e-13
954485	7.97029e-14
954585	3.72477e-14
954685	1.72339e-14
954785	7.89447e-15
954885	3.5803e-15
954985	1.60759e-15
955085	7.14636e-16
955185	3.14524e-16
955285	1.3705e-16
955385	5.91236e-17
955485	2.52523e-17
955585	1.06782e-17
955685	4.47044e-18
955785	1.85294e-18
955885	7.60376e-19
955985	3.08925e-19
956085	1.24261e-19
956185	4.9485e-20
956285	1.95105e-20
956385	7.61591e-21
956485	2.94328e-21
956585	1.12616e-21
956685	4.26602e-22
956785	1.59994e-22
956885	5.94076e-23
956985	2.18392e-23
957085	7.94858e-24
957185	2.86417e-24
957285	1.0218e-24
957385	3.60901e-25
957485	1.26203e-25
957585	4.36925e-26
957685	1.49762e-26
957785	5.08221e-27
957885	1.7075e-27
957985	5.67972e-28
958085	1.87047e-28
958185	6.0986e-29
958285	1.96866e-29
958385	6.29213e-30
958485	1.99253e-30
958585	6.29636e-31
958685	2.133e-31
958785	1.24471e-31
958885	2.28918e-31
958985	6.81829e-31
959085	2.14973e-30
959185	6.75461e-30
959285	2.10253e-29
959385	6.4799e-29
959485	1.97722e-28
959585	5.97307e-28
959685	1.78648e-27
959785	5.29003e-27
959885	1.55087e-26
959985	4.50144e-26
960085	1.29356e-25
960185	3.68025e-25
960285	1.03664e-24
960385	2.89093e-24
960485	7.98189e-24
960585	2.18189e-23
960685	5.90502e-23
960785	1.58223e-22
960885	4.19736e-22
960985	1.10241e-21
961085	2.86664e-21
961185	7.38014e-21
961285	1.88113e-20
961385	4.74716e-20
961485	1.18608e-19
961585	2.93399e-19
961685	7.18568e-19
961785	1.74239e-18
961885	4.18301e-18
961985	9.94265e-18
962085	2.33984e-17
962185	5.45183e-17
962285	1.25769e-16
962385	2.87264e-16
962485	6.49633e-16
962585	1.45458e-15
962685	3.22472e-15
962785	7.07839e-15
962885	1.5384e-14
962985	3.31058e-14
963085	7.05407e-14
963185	1.48828e-13
963285	3.10916e-13
963385	6.43169e-13
963485	1.31746e-12
963585	2.67232e-12
963685	5.36772e-12
963785	1.06771e-11
963885	2.10325e-11
963985	4.10315e-11
964085	7.92773e-11
964185	1.51706e-10
964285	2.87543e-10
964385	5.39843e-10
964485	1.00397e-09
964585	1.84968e-09
964685	3.37613e-09
964785	6.10555e-09
964885	1.09408e-08
964985	1.94283e-08
965085	3.41919e-08
965185	5.96435e-08
965285	1.03135e-07
965385	1.76812e-07
965485	3.00563e-07
965585	5.06689e-07
965685	8.4722e-07
965785	1.4053e-06
965885	2.31278e-06
965985	3.77714e-06
966085	6.12253e-06
966185	9.85171e-06
966285	1.57391e-05
966385	2.4969e-05
966485	3.93411e-05
966585	6.15706e-05
966685	9.57272e-05
966785	0.000147869
966885	0.000226951
966985	0.000346121
967085	0.000524537
967185	0.000789912
967285	0.00118202
967385	0.00175749
967485	0.00259629
967585	0.00381031
967685	0.00555476
967785	0.00804284
967885	0.0115645
967985	0.0165102
968085	0.0233996
968185	0.0329174
968285	0.0459545
968385	0.0636562
968485	0.0874765
968585	0.119237
968685	0.161187
968785	0.216066
968885	0.287156
968985	0.378327
969085	0.494064
969185	0.639464
969285	0.820202
969385	1.04245
969485	1.31275
969585	1.63783
969685	2.02432
969785	2.4785
969885	3.00588
969985	3.6108
970085	4.29599
970185	5.06214
970285	5.90742
970385	6.82715
970485	7.81352
970585	8.85537
970685	9.93823
970785	11.0445
970885	12.1536
970985	13.2428
971085	14.2878
971185	15.2636
971285	16.1453
971385	16.9095
971485	17.5349
971585	18.0038
971685	18.3023
971785	18.4216
971885	18.3581
971985	18.1135
972085	17.695
972185	17.1147
972285	16.3892
972385	15.5387
972485	14.5861
972585	13.5559
972685	12.4733
972785	11.3632
972885	10.249
972985	9.1522
973085	8.09153
973185	7.08268
973285	6.13797
973385	5.26639
973485	4.47364
973585	3.76243
973685	3.13282
973785	2.58262
973885	2.10788
973985	1.70329
974085	1.36267
974185	1.07932
974285	0.846389
974385	0.657123
974485	0.505104
974585	0.384391
974685	0.289616
974785	0.216038
974885	0.15955
974985	0.116659
975085	0.0844498
975185	0.0605252
975285	0.0429468
975385	0.0301706
975485	0.0209842
975585	0.0144497
975685	0.00985109
975785	0.00664915
975885	0.00444329
975985	0.00293968
976085	0.00192554
976185	0.00124872
976285	0.000801735
976385	0.000509631
976485	0.000320728
976585	0.000199837
976685	0.000123274
976785	7.52878e-05
976885	4.55234e-05
976985	2.72522e-05
977085	1.6152e-05
977185	9.4778e-06
977285	5.50613e-06
977385	3.16695e-06
977485	1.80341e-06
977585	1.01673e-06
977685	5.67506e-07
977785	3.13613e-07
977885	1.71583e-07
977985	9.29423e-08
978085	4.98435e-08
978185	2.64643e-08
978285	1.39114e-08
978385	7.23995e-09
978485	3.73043e-09
978585	1.903e-09
978685	9.61118e-10
978785	4.80586e-10
978885	2.37916e-10
978985	1.16609e-10
979085	5.65844e-11
979185	2.71844e-11
979285	1.293e-11
979385	6.08886e-12
979485	2.83877e-12
979585	1.31033e-12
979685	5.9881e-13
979785	2.70928e-13
979885	1.2136e-13
979985	5.38214e-14
980085	2.36315e-14
980185	1.02727e-14
980285	4.42115e-15
980385	1.88384e-15
980485	7.94713e-16
980585	3.31931e-16
980685	1.37285e-16
980785	5.62775e-17
980885	2.2991e-17
980985	9.66014e-18
981085	4.86971e-18
981185	4.34281e-18
981285	7.34476e-18
981385	1.58684e-17
981485	3.58192e-17
981585	8.08063e-17
981685	1.80767e-16
981785	4.00467e-16
981885	8.78395e-16
981985	1.90754e-15
982085	4.10123e-15
982185	8.72997e-15
982285	1.83979e-14
982385	3.83867e-14
982485	7.92958e-14
982585	1.62172e-13
982685	3.28368e-13
982785	6.58266e-13
982885	1.30647e-12
982985	2.56716e-12
983085	4.99419e-12
983185	9.6191e-12
983285	1.83426e-11
983385	3.46293e-11
983485	6.47267e-11
983585	1.19779e-10
983685	2.1945e-10
983785	3.98058e-10
983885	7.14849e-10
983985	1.27098e-09
984085	2.23729e-09
984185	3.89907e-09
984285	6.72756e-09
984385	1.14924e-08
984485	1.94367e-08
984585	3.25454e-08
984685	5.39528e-08
984785	8.85515e-08
984885	1.43891e-07
984985	2.31489e-07
985085	3.68709e-07
985185	5.81425e-07
985285	9.07739e-07
985385	1.40309e-06
985485	2.14717e-06
985585	3.25315e-06
985685	4.87977e-06
985785	7.24689e-06
985885	1.06552e-05
985985	1.55106e-05
986085	2.23538e-05
986185	3.18957e-05
986285	4.50577e-05
986385	6.30179e-05
986485	8.72601e-05
986585	0.000119626
986685	0.000162364
986785	0.000218179
986885	0.000290264
986985	0.000382323
987085	0.000498568
987185	0.000643688
987285	0.000822779
987385	0.00104123
987485	0.00130458
987585	0.00161827
987685	0.00198741
987785	0.00241646
987885	0.00290891
987985	0.00346687
988085	0.00409075
988185	0.00477886
988285	0.00552717
988385	0.00632905
988485	0.00717516
988585	0.00805344
988685	0.00894928
988785	0.00984583
988885	0.0107244
988985	0.0115652
989085	0.0123477
989185	0.013052
989285	0.0136593
989385	0.0141525
989485	0.0145177
989585	0.0147441
989685	0.014825
989785	0.0147581
989885	0.0145453
989985	0.0141929
990085	0.0137112
990185	0.0131141
990285	0.0124182
990385	0.0116422
990485	0.0108061
990585	0.00993025
990685	0.00903459
990785	0.00813792
990885	0.00725731
990985	0.00640759
991085	0.00560107
991185	0.00484735
991285	0.00415331
991385	0.00352324
991485	0.00295901
991585	0.00246041
991685	0.00202547
991785	0.00165083
991885	0.00133209
991985	0.0010642
992085	0.000841727
992185	0.000659136
992285	0.000511018
992385	0.000392242
992485	0.000298078
992585	0.000224265
992685	0.000167052
992785	0.000123196
992885	8.99497e-05
992985	6.5022e-05
993085	4.65348e-05
993185	3.29725e-05
993285	2.31304e-05
993385	1.60647e-05
993485	1.10463e-05
993585	7.52004e-06
993685	5.0685e-06
993785	3.38218e-06
993885	2.23445e-06
993985	1.46151e-06
994085	9.46431e-07
994185	6.06784e-07
994285	3.85155e-07
994385	2.42044e-07
994485	1.50595e-07
994585	9.27651e-08
994685	5.65737e-08
994785	3.41588e-08
994885	2.04196e-08
994985	1.2085e-08
995085	7.08119e-09
995185	4.10792e-09
995285	2.35936e-09
995385	1.3416e-09
995485	7.55284e-10
995585	4.20973e-10
995685	2.32303e-10
995785	1.26915e-10
995885	6.8648e-11
995985	3.67621e-11
996085	1.94908e-11
996185	1.02309e-11
996285	5.31689e-12
996385	2.73563e-12
996485	1.39353e-12
996585	7.02797e-13
996685	3.50914e-13
996785	1.73472e-13
996885	8.49014e-14
996985	4.11393e-14
997085	1.97359e-14
997185	9.37375e-15
997285	4.40785e-15
997385	2.0521e-15
997485	9.45857e-16
997585	4.31629e-16
997685	1.95008e-16
997785	8.72271e-17
997885	3.86285e-17
997985	1.69364e-17
998085	7.35175e-18
998185	3.1595e-18
998285	1.34432e-18
998385	5.66296e-19
998485	2.36179e-19
998585	9.75207e-20
998685	3.98666e-20
998785	1.61354e-20
998885	6.46555e-21
998985	2.56501e-21
999085	1.00746e-21
999185	3.91767e-22
999285	1.50828e-22
999385	5.74902e-23
999485	2.16952e-23
999585	8.10567e-24
999685	2.99828e-24
999785	1.09802e-24
999885	3.98115e-25
999985	1.4291e-25
1.00008e+06	5.07895e-26
1.00018e+06	1.78707e-26
1.00028e+06	6.22541e-27
1.00038e+06	2.14709e-27
1.00048e+06	7.33145e-28
1.00058e+06	2.47848e-28
1.00068e+06	8.29545e-29
1.00078e+06	2.74885e-29
1.00088e+06	9.01816e-30
1.00098e+06	2.92916e-30
1.00108e+06	9.41943e-31
1.00118e+06	2.99891e-31
1.00128e+06	9.45277e-32
1.00138e+06	2.94993e-32
1.00148e+06	9.11428e-33
1.00158e+06	2.78798e-33
1.00168e+06	8.44332e-34
1.00178e+06	2.5316e-34
1.00188e+06	7.51506e-35
1.00198e+06	2.20866e-35
1.00208e+06	6.42658e-36
1.00218e+06	1.85135e-36
1.00228e+06	5.28027e-37
1.00238e+06	1.49101e-37
1.00248e+06	4.16831e-38
1.00258e+06	1.15371e-38
1.00268e+06	3.16149e-39
1.00278e+06	8.57717e-40
1.00288e+06	2.30384e-40
1.00298e+06	6.12659e-41
1.00308e+06	1.61303e-41
1.00318e+06	4.20457e-42
1.00328e+06	1.08507e-42
1.00338e+06	2.77238e-43
1.00348e+06	7.01299e-44
1.00358e+06	1.75635e-44
1.00368e+06	4.35489e-45
1.00378e+06	1.06905e-45
1.00388e+06	2.59823e-46
1.00398e+06	6.25194e-47
1.00408e+06	1.48939e-47
1.00418e+06	3.51284e-48
1.00428e+06	8.20288e-49
1.00438e+06	1.8964e-49
1.00448e+06	4.34063e-50
1.00458e+06	9.83629e-51
1.00468e+06	2.20682e-51
1.00478e+06	4.90185e-52
1.00488e+06	1.07798e-52
1.00498e+06	2.34702e-53
1.00508e+06	5.05918e-54
1.00518e+06	1.0797e-54
1.00528e+06	2.28129e-55
1.00538e+06	4.77216e-56
1.00548e+06	9.88341e-57
1.00558e+06	2.02654e-57
1.00568e+06	4.11398e-58
1.00578e+06	8.26848e-59
1.00588e+06	1.6453e-59
1.00598e+06	3.24133e-60
1.00608e+06	6.32205e-61
1.00618e+06	1.22081e-61
1.00628e+06	2.33399e-62
1.00638e+06	4.41778e-63
1.00648e+06	8.27879e-64
1.00658e+06	1.53598e-64
1.00668e+06	2.82139e-65
1.00678e+06	5.13095e-66
1.00688e+06	9.23822e-67
1.00698e+06	1.64678e-67
1.00708e+06	2.90631e-68
1.00718e+06	5.07813e-69
1.00728e+06	8.78462e-70
1.00738e+06	1.50452e-70
1.00748e+06	2.55113e-71
1.00758e+06	4.28275e-72
1.00768e+06	7.1182e-73
1.00778e+06	1.17132e-73
1.00788e+06	1.90825e-74
1.00798e+06	3.0779e-75
1.00808e+06	4.91508e-76
1.00818e+06	7.77075e-77
1.00828e+06	1.21633e-77
1.00838e+06	1.88495e-78
1.00848e+06	2.89203e-79
1.00858e+06	4.39303e-80
1.00868e+06	6.60666e-81
1.00878e+06	9.83688e-82
1.00888e+06	1.45007e-82
1.00898e+06	2.11631e-83
1.00908e+06	3.05791e-84
1.00918e+06	4.37449e-85
1.00928e+06	6.19567e-86
1.00938e+06	8.68771e-87
1.00948e+06	1.20609e-87
1.00958e+06	1.65772e-88
1.00968e+06	2.2558e-89
1.00978e+06	3.0391e-90
1.00988e+06	4.05367e-91
1.00998e+06	5.35313e-92
1.01008e+06	6.99881e-93
1.01018e+06	9.05938e-94
1.01028e+06	1.16099e-94
1.01038e+06	1.47305e-95
1.01048e+06	1.85038e-96
1.01058e+06	2.30125e-97
1.01068e+06	2.8335e-98
1.01078e+06	3.45413e-99
1.01088e+06	4.16881e-100
1.01098e+06	4.9813e-101
1.01108e+06	5.89291e-102
1.01118e+06	6.90199e-103
1.01128e+06	8.00342e-104
1.01138e+06	9.18828e-105
1.01148e+06	1.04436e-105
1.01158e+06	1.17523e-106
1.01168e+06	1.30934e-107
1.01178e+06	1.44424e-108
1.01188e+06	1.57718e-109
1.01198e+06	1.70523e-110
1.01208e+06	1.82533e-111
1.01218e+06	1.93444e-112
1.01228e+06	2.02968e-113
1.01238e+06	2.10842e-114
1.01248e+06	2.16842e-115
1.01258e+06	2.20793e-116
1.01268e+06	2.2258e-117
1.01278e+06	2.22148e-118
1.01288e+06	2.19512e-119
1.01298e+06	2.14748e-120
1.01308e+06	2.07997e-121
1.01318e+06	1.99454e-122
1.01328e+06	1.89359e-123
1.01338e+06	1.77986e-124
1.01348e+06	1.65631e-125
1.01358e+06	1.526e-126
1.01368e+06	1.39196e-127
1.01378e+06	1.25705e-128
1.01388e+06	1.12393e-129
1.01398e+06	9.94902e-131
1.01408e+06	8.71925e-132
1.01418e+06	7.56546e-133
1.01428e+06	6.49902e-134
1.01438e+06	5.52737e-135
1.01448e+06	4.6542e-136
1.01458e+06	3.87998e-137
1.01468e+06	3.20237e-138
1.01478e+06	2.61679e-139
1.01488e+06	2.11702e-140
1.01498e+06	1.69565e-141
1.01508e+06	1.34464e-142
1.01518e+06	1.05568e-143
1.01528e+06	8.20572e-145
1.01538e+06	6.31477e-146
1.01548e+06	4.81122e-147
1.01558e+06	3.62919e-148
1.01568e+06	2.71033e-149
1.01578e+06	2.00397e-150
1.01588e+06	1.46695e-151
1.01598e+06	1.06316e-152
1.01608e+06	7.62851e-154
1.01618e+06	5.41922e-155
1.01628e+06	3.81145e-156
1.01638e+06	2.65401e-157
1.01648e+06	1.82966e-158
1.01658e+06	1.24881e-159
1.01668e+06	8.43875e-161
1.01678e+06	5.64569e-162
1.01688e+06	3.7395e-163
1.01698e+06	2.45226e-164
1.01708e+06	1.59213e-165
1.01718e+06	1.0234e-166
1.01728e+06	6.51284e-168
1.01738e+06	4.10348e-169
1.01748e+06	2.55971e-170
1.01758e+06	1.58084e-171
1.01768e+06	9.66584e-173
1.01778e+06	5.85126e-174
1.01788e+06	3.50685e-175
1.01798e+06	2.08085e-176
1.01808e+06	1.22242e-177
1.01818e+06	7.10985e-179
1.01828e+06	4.09407e-180
1.01838e+06	2.33404e-181
1.01848e+06	1.3174e-182
1.01858e+06	7.36179e-184
1.01868e+06	4.07293e-185
1.01878e+06	2.23094e-186
1.01888e+06	1.20983e-187
1.01898e+06	6.49561e-189
1.01908e+06	3.4528e-190
1.01918e+06	1.81711e-191
1.01928e+06	9.46773e-193
1.01938e+06	4.88392e-194
1.01948e+06	2.4943e-195
1.01958e+06	1.26121e-196
1.01968e+06	6.31364e-198
1.01978e+06	3.12918e-199
1.01988e+06	1.53546e-200
1.01998e+06	7.45941e-202
1.02008e+06	3.58779e-203
1.02018e+06	1.70846e-204
1.02028e+06	8.05457e-206
1.02038e+06	3.75955e-207
1.02048e+06	1.73748e-208
1.02058e+06	8.24474e-210
1.02068e+06	6.91226e-210
1.02078e+06	1.43568e-208
1.02088e+06	3.11379e-207
1.02098e+06	6.6869e-206
1.02108e+06	1.42173e-204
1.02118e+06	2.99273e-203
1.02128e+06	6.23699e-202
1.02138e+06	1.28688e-200
1.02148e+06	2.62882e-199
1.02158e+06	5.31666e-198
1.02168e+06	1.06457e-196
1.02178e+06	2.11041e-195
1.02188e+06	4.14206e-194
1.02198e+06	8.04865e-193
1.02208e+06	1.54841e-191
1.02218e+06	2.94922e-190
1.02228e+06	5.56141e-189
1.02238e+06	1.03829e-187
1.02248e+06	1.91916e-186
1.02258e+06	3.51205e-185
1.02268e+06	6.36307e-184
1.02278e+06	1.14138e-182
1.02288e+06	2.02698e-181
1.02298e+06	3.56391e-180
1.02308e+06	6.20384e-179
1.02318e+06	1.06918e-177
1.02328e+06	1.82432e-176
1.02338e+06	3.08181e-175
1.02348e+06	5.15428e-174
1.02358e+06	8.53468e-173
1.02368e+06	1.39915e-171
1.02378e+06	2.2709e-170
1.02388e+06	3.64912e-169
1.02398e+06	5.80545e-168
1.02408e+06	9.14409e-167
1.02418e+06	1.42594e-165
1.02428e+06	2.20151e-164
1.02438e+06	3.36509e-163
1.02448e+06	5.09248e-162
1.02458e+06	7.62991e-161
1.02468e+06	1.13179e-159
1.02478e+06	1.66215e-158
1.02488e+06	2.41675e-157
1.02498e+06	3.47897e-156
1.02508e+06	4.95822e-155
1.02518e+06	6.99613e-154
1.02528e+06	9.77343e-153
1.02538e+06	1.35174e-151
1.02548e+06	1.85096e-150
1.02558e+06	2.50933e-149
1.02568e+06	3.36802e-148
1.02578e+06	4.47558e-147
1.02588e+06	5.88818e-146
1.02598e+06	7.66956e-145
1.02608e+06	9.89045e-144
1.02618e+06	1.26275e-142
1.02628e+06	1.59617e-141
1.02638e+06	1.99754e-140
1.02648e+06	2.47497e-139
1.02658e+06	3.03599e-138
1.02668e+06	3.68713e-137
1.02678e+06	4.43337e-136
1.02688e+06	5.2776e-135
1.02698e+06	6.22008e-134
1.02708e+06	7.25792e-133
1.02718e+06	8.38466e-132
1.02728e+06	9.58994e-131
1.02738e+06	1.08593e-129
1.02748e+06	1.21744e-128
1.02758e+06	1.35129e-127
1.02768e+06	1.48494e-126
1.02778e+06	1.61556e-125
1.02788e+06	1.74019e-124
1.02798e+06	1.85578e-123
1.02808e+06	1.95936e-122
1.02818e+06	2.04813e-121
1.02828e+06	2.11962e-120
1.02838e+06	2.17179e-119
1.02848e+06	2.20309e-118
1.02858e+06	2.21261e-117
1.02868e+06	2.20005e-116
1.02878e+06	2.16581e-115
1.02888e+06	2.11088e-114
1.02898e+06	2.03687e-113
1.02908e+06	1.9459e-112
1.02918e+06	1.8405e-111
1.02928e+06	1.72348e-110
1.02938e+06	1.59785e-109
1.02948e+06	1.46663e-108
1.02958e+06	1.3328e-107
1.02968e+06	1.19912e-106
1.02978e+06	1.06812e-105
1.02988e+06	9.41965e-105
1.02998e+06	8.22443e-104
1.03008e+06	7.10941e-103
1.03018e+06	6.08441e-102
1.03028e+06	5.15538e-101
1.03038e+06	4.32474e-100
1.03048e+06	3.59183e-99
1.03058e+06	2.95345e-98
1.03068e+06	2.40436e-97
1.03078e+06	1.93788e-96
1.03088e+06	1.54636e-95
1.03098e+06	1.22167e-94
1.03108e+06	9.55547e-94
1.03118e+06	7.39959e-93
1.03128e+06	5.6731e-92
1.03138e+06	4.30616e-91
1.03148e+06	3.23606e-90
1.03158e+06	2.40769e-89
1.03168e+06	1.77354e-88
1.03178e+06	1.29342e-87
1.03188e+06	9.33887e-87
1.03198e+06	6.67585e-86
1.03208e+06	4.72471e-85
1.03218e+06	3.31056e-84
1.03228e+06	2.2966e-83
1.03238e+06	1.57734e-82
1.03248e+06	1.07256e-81
1.03258e+06	7.22066e-81
1.03268e+06	4.8127e-80
1.03278e+06	3.17583e-79
1.03288e+06	2.07483e-78
1.03298e+06	1.34204e-77
1.03308e+06	8.59419e-77
1.03318e+06	5.44881e-76
1.03328e+06	3.42023e-75
1.03338e+06	2.12552e-74
1.03348e+06	1.30778e-73
1.03358e+06	7.96634e-73
1.03368e+06	4.80442e-72
1.03378e+06	2.86867e-71
1.03388e+06	1.69581e-70
1.03398e+06	9.92497e-70
1.03408e+06	5.75095e-69
1.03418e+06	3.29919e-68
1.03428e+06	1.87383e-67
1.03438e+06	1.05369e-66
1.03448e+06	5.86612e-66
1.03458e+06	3.2333e-65
1.03468e+06	1.76441e-64
1.03478e+06	9.53254e-64
1.03488e+06	5.09889e-63
1.03498e+06	2.70022e-62
1.03508e+06	1.41573e-61
1.03518e+06	7.34882e-61
1.03528e+06	3.7767e-60
1.03538e+06	1.92161e-59
1.03548e+06	9.67996e-59
1.03558e+06	4.82769e-58
1.03568e+06	2.38376e-57
1.03578e+06	1.16531e-56
1.03588e+06	5.64001e-56
1.03598e+06	2.70255e-55
1.03608e+06	1.28211e-54
1.03618e+06	6.02191e-54
1.03628e+06	2.80027e-53
1.03638e+06	1.28921e-52
1.03648e+06	5.87627e-52
1.03658e+06	2.65178e-51
1.03668e+06	1.18476e-50
1.03678e+06	5.24062e-50
1.03688e+06	2.29504e-49
1.03698e+06	9.95073e-49
1.03708e+06	4.27147e-48
1.03718e+06	1.81533e-47
1.03728e+06	7.63822e-47
1.03738e+06	3.18189e-46
1.03748e+06	1.31231e-45
1.03758e+06	5.35849e-45
1.03768e+06	2.16624e-44
1.03778e+06	8.67017e-44
1.03788e+06	3.43563e-43
1.03798e+06	1.34785e-42
1.03808e+06	5.23521e-42
1.03818e+06	2.01318e-41
1.03828e+06	7.66461e-41
1.03838e+06	2.88904e-40
1.03848e+06	1.07814e-39
1.03858e+06	3.98338e-39
1.03868e+06	1.45709e-38
1.03878e+06	5.27689e-38
1.03888e+06	1.89203e-37
1.03898e+06	6.71635e-37
1.03908e+06	2.36046e-36
1.03918e+06	8.21327e-36
1.03928e+06	2.82939e-35
1.03938e+06	9.65e-35
1.03948e+06	3.25851e-34
1.03958e+06	1.08935e-33
1.03968e+06	3.60556e-33
1.03978e+06	1.1815e-32
1.03988e+06	3.83313e-32
1.03998e+06	1.23121e-31
1.04008e+06	3.91529e-31
1.04018e+06	1.23269e-30
1.04028e+06	3.8424e-30
1.04038e+06	1.18579e-29
1.04048e+06	3.623e-29
1.04058e+06	1.09594e-28
1.04068e+06	3.28219e-28
1.04078e+06	9.73187e-28
1.04088e+06	2.85684e-27
1.04098e+06	8.30297e-27
1.04108e+06	2.38912e-26
1.04118e+06	6.8061e-26
1.04128e+06	1.91963e-25
1.04138e+06	5.36034e-25
1.04148e+06	1.48192e-24
1.04158e+06	4.05615e-24
1.04168e+06	1.09916e-23
1.04178e+06	2.94892e-23
1.04188e+06	7.83293e-23
1.04198e+06	2.05988e-22
1.04208e+06	5.36311e-22
1.04218e+06	1.38245e-21
1.04228e+06	3.52807e-21
1.04238e+06	8.9142e-21
1.04248e+06	2.2299e-20
1.04258e+06	5.52262e-20
1.04268e+06	1.35414e-19
1.04278e+06	3.28728e-19
1.04288e+06	7.90073e-19
1.04298e+06	1.87999e-18
1.04308e+06	4.42895e-18
1.04318e+06	1.03301e-17
1.04328e+06	2.38541e-17
1.04338e+06	5.45354e-17
1.04348e+06	1.23439e-16
1.04358e+06	2.76619e-16
1.04368e+06	6.1372e-16
1.04378e+06	1.34808e-15
1.04388e+06	2.93168e-15
1.04398e+06	6.31212e-15
1.04408e+06	1.34552e-14
1.04418e+06	2.83964e-14
1.04428e+06	5.93326e-14
1.04438e+06	1.22738e-13
1.04448e+06	2.51376e-13
1.04458e+06	5.09712e-13
1.04468e+06	1.02325e-12
1.04478e+06	2.03375e-12
1.04488e+06	4.00194e-12
1.04498e+06	7.7965e-12
1.04508e+06	1.50379e-11
1.04518e+06	2.87164e-11
1.04528e+06	5.42913e-11
1.04538e+06	1.01622e-10
1.04548e+06	1.88322e-10
1.04558e+06	3.4552e-10
1.04568e+06	6.27628e-10
1.04578e+06	1.12872e-09
1.04588e+06	2.0097e-09
1.04598e+06	3.54267e-09
1.04608e+06	6.18283e-09
1.04618e+06	1.06832e-08
1.04628e+06	1.82756e-08
1.04638e+06	3.09528e-08
1.04648e+06	5.19021e-08
1.04658e+06	8.61643e-08
1.04668e+06	1.41621e-07
1.04678e+06	2.30453e-07
1.04688e+06	3.71275e-07
1.04698e+06	5.92197e-07
1.04708e+06	9.35177e-07
1.04718e+06	1.4621e-06
1.04728e+06	2.26318e-06
1.04738e+06	3.46831e-06
1.04748e+06	5.26228e-06
1.04758e+06	7.90472e-06
1.04768e+06	1.17559e-05
1.04778e+06	1.73094e-05
1.04788e+06	2.52329e-05
1.04798e+06	3.64173e-05
1.04808e+06	5.20362e-05
1.04818e+06	7.3614e-05
1.04828e+06	0.000103103
1.04838e+06	0.000142969
1.04848e+06	0.000196276
1.04858e+06	0.000266779
1.04868e+06	0.000358998
1.04878e+06	0.000478287
1.04888e+06	0.000630875
1.04898e+06	0.000823862
1.04908e+06	0.00106518
1.04918e+06	0.00136348
1.04928e+06	0.00172795
1.04938e+06	0.00216806
1.04948e+06	0.00269319
1.04958e+06	0.00331224
1.04968e+06	0.00403304
1.04978e+06	0.00486184
1.04988e+06	0.00580263
1.04998e+06	0.00685657
1.05008e+06	0.00802133
1.05018e+06	0.00929057
1.05028e+06	0.0106536
1.05038e+06	0.012095
1.05048e+06	0.0135948
1.05058e+06	0.0151286
1.05068e+06	0.0166678
1.05078e+06	0.018181
1.05088e+06	0.0196342
1.05098e+06	0.0209926
1.05108e+06	0.0222216
1.05118e+06	0.0232885
1.05128e+06	0.0241638
1.05138e+06	0.0248225
1.05148e+06	0.0252455
1.05158e+06	0.0254202
1.05168e+06	0.0253414
1.05178e+06	0.0250115
1.05188e+06	0.0244403
1.05198e+06	0.0236444
1.05208e+06	0.0226469
1.05218e+06	0.0214756
1.05228e+06	0.0201623
1.05238e+06	0.018741
1.05248e+06	0.0172465
1.05258e+06	0.0157132
1.05268e+06	0.0141739
1.05278e+06	0.0126581
1.05288e+06	0.0111919
1.05298e+06	0.00979711
1.05308e+06	0.0084908
1.05318e+06	0.00728545
1.05328e+06	0.00618901
1.05338e+06	0.00520527
1.05348e+06	0.00433433
1.05358e+06	0.0035732
1.05368e+06	0.00291643
1.05378e+06	0.00235668
1.05388e+06	0.00188542
1.05398e+06	0.00149339
1.05408e+06	0.0011711
1.05418e+06	0.000909226
1.05428e+06	0.000698888
1.05438e+06	0.000531863
1.05448e+06	0.000400728
1.05458e+06	0.000298921
1.05468e+06	0.000220759
1.05478e+06	0.000161414
1.05488e+06	0.000116847
1.05498e+06	8.37438e-05
1.05508e+06	5.94216e-05
1.05518e+06	4.17439e-05
1.05528e+06	2.90335e-05
1.05538e+06	1.99923e-05
1.05548e+06	1.36296e-05
1.05558e+06	9.19939e-06
1.05568e+06	6.14743e-06
1.05578e+06	4.0671e-06
1.05588e+06	2.66399e-06
1.05598e+06	1.72758e-06
1.05608e+06	1.10918e-06
1.05618e+06	7.0505e-07
1.05628e+06	4.43707e-07
1.05638e+06	2.76458e-07
1.05648e+06	1.70538e-07
1.05658e+06	1.04152e-07
1.05668e+06	6.29757e-08
1.05678e+06	3.76994e-08
1.05688e+06	2.23436e-08
1.05698e+06	1.31108e-08
1.05708e+06	7.61662e-09
1.05718e+06	4.38079e-09
1.05728e+06	2.49459e-09
1.05738e+06	1.40638e-09
1.05748e+06	7.8499e-10
1.05758e+06	4.33793e-10
1.05768e+06	2.37333e-10
1.05778e+06	1.28555e-10
1.05788e+06	6.89413e-11
1.05798e+06	3.66038e-11
1.05808e+06	1.92411e-11
1.05818e+06	1.00136e-11
1.05828e+06	5.1595e-12
1.05838e+06	2.63198e-12
1.05848e+06	1.32927e-12
1.05858e+06	6.64665e-13
1.05868e+06	3.2904e-13
1.05878e+06	1.61269e-13
1.05888e+06	7.82548e-14
1.05898e+06	3.75948e-14
1.05908e+06	1.78814e-14
1.05918e+06	8.42041e-15
1.05928e+06	3.92574e-15
1.05938e+06	1.81203e-15
1.05948e+06	8.28073e-16
1.05958e+06	3.74652e-16
1.05968e+06	1.6782e-16
1.05978e+06	7.44248e-17
1.05988e+06	3.26775e-17
1.05998e+06	1.42048e-17
1.06008e+06	6.11336e-18
1.06018e+06	2.60485e-18
1.06028e+06	1.09886e-18
1.06038e+06	4.5894e-19
1.06048e+06	1.89771e-19
1.06058e+06	7.76889e-20
1.06068e+06	3.14881e-20
1.06078e+06	1.26354e-20
1.06088e+06	5.01985e-21
1.06098e+06	1.97446e-21
1.06108e+06	7.6889e-22
1.06118e+06	2.9644e-22
1.06128e+06	1.13153e-22
1.06138e+06	4.27614e-23
1.06148e+06	1.59991e-23
1.06158e+06	5.92646e-24
1.06168e+06	2.17347e-24
1.06178e+06	7.89164e-25
1.06188e+06	2.83687e-25
1.06198e+06	1.00964e-25
1.06208e+06	3.55757e-26
1.06218e+06	1.24107e-26
1.06228e+06	4.28643e-27
1.06238e+06	1.46573e-27
1.06248e+06	4.96211e-28
1.06258e+06	1.66317e-28
1.06268e+06	5.51907e-29
1.06278e+06	1.81322e-29
1.06288e+06	5.89784e-30
1.06298e+06	1.89929e-30
1.06308e+06	6.05547e-31
1.06318e+06	1.91144e-31
1.06328e+06	5.97354e-32
1.06338e+06	1.84824e-32
1.06348e+06	5.66166e-33
1.06358e+06	1.71706e-33
1.06368e+06	5.15565e-34
1.06378e+06	1.53264e-34
1.06388e+06	4.51078e-35
1.06398e+06	1.31438e-35
1.06408e+06	3.79183e-36
1.06418e+06	1.08301e-36
1.06428e+06	3.06248e-37
1.06438e+06	8.57376e-38
1.06448e+06	2.37644e-38
1.06458e+06	6.52136e-39
1.06468e+06	1.77177e-39
1.06478e+06	4.76577e-40
1.06488e+06	1.26916e-40
1.06498e+06	3.34624e-41
1.06508e+06	8.73483e-42
1.06518e+06	2.2574e-42
1.06528e+06	5.77591e-43
1.06538e+06	1.46315e-43
1.06548e+06	3.66956e-44
1.06558e+06	9.11164e-45
1.06568e+06	2.23994e-45
1.06578e+06	5.45171e-46
1.06588e+06	1.31367e-46
1.06598e+06	3.13399e-47
1.06608e+06	7.40228e-48
1.06618e+06	1.73097e-48
1.06628e+06	4.00749e-49
1.06638e+06	9.18569e-50
1.06648e+06	2.08453e-50
1.06658e+06	4.6834e-51
1.06668e+06	1.04177e-51
1.06678e+06	2.29424e-52
1.06688e+06	5.00222e-53
1.06698e+06	1.0798e-53
1.06708e+06	2.30772e-54
1.06718e+06	4.8829e-55
1.06728e+06	1.02289e-55
1.06738e+06	2.12149e-56
1.06748e+06	4.35619e-57
1.06758e+06	8.85585e-58
1.06768e+06	1.78242e-58
1.06778e+06	3.5518e-59
1.06788e+06	7.00719e-60
1.06798e+06	1.36866e-60
1.06808e+06	2.6467e-61
1.06818e+06	5.06723e-62
1.06828e+06	9.60492e-63
1.06838e+06	1.8025e-63
1.06848e+06	3.34897e-64
1.06858e+06	6.16035e-65
1.06868e+06	1.12191e-65
1.06878e+06	2.02286e-66
1.06888e+06	3.61103e-67
1.06898e+06	6.38195e-68
1.06908e+06	1.11669e-68
1.06918e+06	1.9345e-69
1.06928e+06	3.3179e-70
1.06938e+06	5.63396e-71
1.06948e+06	9.47156e-72
1.06958e+06	1.57647e-72
1.06968e+06	2.59781e-73
1.06978e+06	4.23825e-74
1.06988e+06	6.84578e-75
1.06998e+06	1.09475e-75
1.07008e+06	1.73327e-76
1.07018e+06	2.7169e-77
1.07028e+06	4.21636e-78
1.07038e+06	6.47827e-79
1.07048e+06	9.85456e-80
1.07058e+06	1.48413e-80
1.07068e+06	2.21292e-81
1.07078e+06	3.26674e-82
1.07088e+06	4.77442e-83
1.07098e+06	6.90851e-84
1.07108e+06	9.89703e-85
1.07118e+06	1.40373e-85
1.07128e+06	1.97114e-86
1.07138e+06	2.74037e-87
1.07148e+06	3.77188e-88
1.07158e+06	5.14001e-89
1.07168e+06	6.93469e-90
1.07178e+06	9.2629e-91
1.07188e+06	1.22497e-91
1.07198e+06	1.60383e-92
1.07208e+06	2.07898e-93
1.07218e+06	2.66807e-94
1.07228e+06	3.39003e-95
1.07238e+06	4.26447e-96
1.07248e+06	5.3111e-97
1.07258e+06	6.54879e-98
1.07268e+06	7.99456e-99
1.07278e+06	9.66241e-100
1.07288e+06	1.1562e-100
1.07298e+06	1.36974e-101
1.07308e+06	1.60657e-102
1.07318e+06	1.8656e-103
1.07328e+06	2.14484e-104
1.07338e+06	2.44133e-105
1.07348e+06	2.75117e-106
1.07358e+06	3.06947e-107
1.07368e+06	3.39053e-108
1.07378e+06	3.70791e-109
1.07388e+06	4.01465e-110
1.07398e+06	4.30351e-111
1.07408e+06	4.56725e-112
1.07418e+06	4.79893e-113
1.07428e+06	4.99219e-114
1.07438e+06	5.14155e-115
1.07448e+06	5.2427e-116
1.07458e+06	5.29264e-117
1.07468e+06	5.28989e-118
1.07478e+06	5.23454e-119
1.07488e+06	5.12823e-120
1.07498e+06	4.97408e-121
1.07508e+06	4.77657e-122
1.07518e+06	4.54127e-123
1.07528e+06	4.27573e-124
1.07538e+06	4.11041e-125
1.07548e+06	1.75116e-125
1.07558e+06	1.49703e-124
1.07568e+06	1.59647e-123
1.07578e+06	1.68929e-122
1.07588e+06	1.76976e-121
1.07598e+06	1.83561e-120
1.07608e+06	1.88497e-119
1.07618e+06	1.91639e-118
1.07628e+06	1.92895e-117
1.07638e+06	1.92228e-116
1.07648e+06	1.89657e-115
1.07658e+06	1.85258e-114
1.07668e+06	1.79161e-113
1.07678e+06	1.7154e-112
1.07688e+06	1.6261e-111
1.07698e+06	1.5261e-110
1.07708e+06	1.41801e-109
1.07718e+06	1.30446e-108
1.07728e+06	1.18806e-107
1.07738e+06	1.07128e-106
1.07748e+06	9.56368e-106
1.07758e+06	8.45288e-105
1.07768e+06	7.39676e-104
1.07778e+06	6.40818e-103
1.07788e+06	5.49649e-102
1.07798e+06	4.66759e-101
1.07808e+06	3.92426e-100
1.07818e+06	3.26648e-99
1.07828e+06	2.6919e-98
1.07838e+06	2.19631e-97
1.07848e+06	1.77414e-96
1.07858e+06	1.41885e-95
1.07868e+06	1.12343e-94
1.07878e+06	8.80661e-94
1.07888e+06	6.83486e-93
1.07898e+06	5.2518e-92
1.07908e+06	3.99525e-91
1.07918e+06	3.00909e-90
1.07928e+06	2.24381e-89
1.07938e+06	1.6565e-88
1.07948e+06	1.21075e-87
1.07958e+06	8.76145e-87
1.07968e+06	6.27702e-86
1.07978e+06	4.45234e-85
1.07988e+06	3.12665e-84
1.07998e+06	2.17385e-83
1.08008e+06	1.49635e-82
1.08018e+06	1.01976e-81
1.08028e+06	6.88046e-81
1.08038e+06	4.59615e-80
1.08048e+06	3.03968e-79
1.08058e+06	1.9903e-78
1.08068e+06	1.29023e-77
1.08078e+06	8.28081e-77
1.08088e+06	5.26181e-76
1.08098e+06	3.3102e-75
1.08108e+06	2.06173e-74
1.08118e+06	1.27135e-73
1.08128e+06	7.76167e-73
1.08138e+06	4.6914e-72
1.08148e+06	2.80742e-71
1.08158e+06	1.66329e-70
1.08168e+06	9.75635e-70
1.08178e+06	5.66583e-69
1.08188e+06	3.25759e-68
1.08198e+06	1.85433e-67
1.08208e+06	1.04504e-66
1.08218e+06	5.83092e-66
1.08228e+06	3.22105e-65
1.08238e+06	1.76164e-64
1.08248e+06	9.53875e-64
1.08258e+06	5.11356e-63
1.08268e+06	2.71402e-62
1.08278e+06	1.42613e-61
1.08288e+06	7.4193e-61
1.08298e+06	3.82141e-60
1.08308e+06	1.94868e-59
1.08318e+06	9.83819e-59
1.08328e+06	4.91753e-58
1.08338e+06	2.43352e-57
1.08348e+06	1.19229e-56
1.08358e+06	5.78341e-56
1.08368e+06	2.77743e-55
1.08378e+06	1.32057e-54
1.08388e+06	6.21634e-54
1.08398e+06	2.89711e-53
1.08408e+06	1.33676e-52
1.08418e+06	6.10659e-52
1.08428e+06	2.76186e-51
1.08438e+06	1.23669e-50
1.08448e+06	5.48247e-50
1.08458e+06	2.4063e-49
1.08468e+06	1.04564e-48
1.08478e+06	4.4985e-48
1.08488e+06	1.91607e-47
1.08498e+06	8.08004e-47
1.08508e+06	3.37344e-46
1.08518e+06	1.3944e-45
1.08528e+06	5.70638e-45
1.08538e+06	2.31201e-44
1.08548e+06	9.27422e-44
1.08558e+06	3.68317e-43
1.08568e+06	1.44818e-42
1.08578e+06	5.63742e-42
1.08588e+06	2.17268e-41
1.08598e+06	8.29024e-41
1.08608e+06	3.13182e-40
1.08618e+06	1.17134e-39
1.08628e+06	4.33737e-39
1.08638e+06	1.59011e-38
1.08648e+06	5.77143e-38
1.08658e+06	2.07395e-37
1.08668e+06	7.37853e-37
1.08678e+06	2.59895e-36
1.08688e+06	9.06325e-36
1.08698e+06	3.12915e-35
1.08708e+06	1.06961e-34
1.08718e+06	3.61979e-34
1.08728e+06	1.21282e-33
1.08738e+06	4.02316e-33
1.08748e+06	1.32128e-32
1.08758e+06	4.29616e-32
1.08768e+06	1.383e-31
1.08778e+06	4.4078e-31
1.08788e+06	1.39084e-30
1.08798e+06	4.34501e-30
1.08808e+06	1.34388e-29
1.08818e+06	4.11518e-29
1.08828e+06	1.24759e-28
1.08838e+06	3.74468e-28
1.08848e+06	1.11279e-27
1.08858e+06	3.27392e-27
1.08868e+06	9.53633e-27
1.08878e+06	2.75011e-26
1.08888e+06	7.85195e-26
1.08898e+06	2.21953e-25
1.08908e+06	6.21158e-25
1.08918e+06	1.72108e-24
1.08928e+06	4.72123e-24
1.08938e+06	1.28223e-23
1.08948e+06	3.44775e-23
1.08958e+06	9.17829e-23
1.08968e+06	2.41905e-22
1.08978e+06	6.31227e-22
1.08988e+06	1.63073e-21
1.08998e+06	4.17097e-21
1.09008e+06	1.0562e-20
1.09018e+06	2.64799e-20
1.09028e+06	6.57267e-20
1.09038e+06	1.61519e-19
1.09048e+06	3.92974e-19
1.09058e+06	9.46588e-19
1.09068e+06	2.25743e-18
1.09078e+06	5.32998e-18
1.09088e+06	1.24593e-17
1.09098e+06	2.88349e-17
1.09108e+06	6.60693e-17
1.09118e+06	1.49878e-16
1.09128e+06	3.36616e-16
1.09138e+06	7.48493e-16
1.09148e+06	1.64778e-15
1.09158e+06	3.59141e-15
1.09168e+06	7.74978e-15
1.09178e+06	1.65566e-14
1.09188e+06	3.50194e-14
1.09198e+06	7.33339e-14
1.09208e+06	1.5204e-13
1.09218e+06	3.12081e-13
1.09228e+06	6.3421e-13
1.09238e+06	1.27602e-12
1.09248e+06	2.54178e-12
1.09258e+06	5.01274e-12
1.09268e+06	9.78746e-12
1.09278e+06	1.892e-11
1.09288e+06	3.62102e-11
1.09298e+06	6.86115e-11
1.09308e+06	1.28712e-10
1.09318e+06	2.39056e-10
1.09328e+06	4.39579e-10
1.09338e+06	8.0026e-10
1.09348e+06	1.44239e-09
1.09358e+06	2.5739e-09
1.09368e+06	4.54733e-09
1.09378e+06	7.95387e-09
1.09388e+06	1.37739e-08
1.09398e+06	2.36154e-08
1.09408e+06	4.00856e-08
1.09418e+06	6.73657e-08
1.09428e+06	1.12085e-07
1.09438e+06	1.84634e-07
1.09448e+06	3.01115e-07
1.09458e+06	4.86197e-07
1.09468e+06	7.77227e-07
1.09478e+06	1.2301e-06
1.09488e+06	1.92748e-06
1.09498e+06	2.99018e-06
1.09508e+06	4.59264e-06
1.09518e+06	6.98366e-06
1.09528e+06	1.05138e-05
1.09538e+06	1.5671e-05
1.09548e+06	2.31254e-05
1.09558e+06	3.37861e-05
1.09568e+06	4.88703e-05
1.09578e+06	6.99856e-05
1.09588e+06	9.92268e-05
1.09598e+06	0.000139286
1.09608e+06	0.000193571
1.09618e+06	0.000266338
1.09628e+06	0.000362812
1.09638e+06	0.000489314
1.09648e+06	0.000653357
1.09658e+06	0.000863715
1.09668e+06	0.00113044
1.09678e+06	0.00146481
1.09688e+06	0.0018792
1.09698e+06	0.00238683
1.09708e+06	0.00300142
1.09718e+06	0.0037367
1.09728e+06	0.00460583
1.09738e+06	0.00562062
1.09748e+06	0.00679075
1.09758e+06	0.00812284
1.09768e+06	0.00961957
1.09778e+06	0.0112787
1.09788e+06	0.0130925
1.09798e+06	0.0150467
1.09808e+06	0.0171205
1.09818e+06	0.0192863
1.09828e+06	0.0215099
1.09838e+06	0.0237512
1.09848e+06	0.0259651
1.09858e+06	0.0281029
1.09868e+06	0.0301141
1.09878e+06	0.0319481
1.09888e+06	0.0335565
1.09898e+06	0.0348952
1.09908e+06	0.0359263
1.09918e+06	0.0366198
1.09928e+06	0.0369553
1.09938e+06	0.0369227
1.09948e+06	0.0365232
1.09958e+06	0.0357684
1.09968e+06	0.0346808
1.09978e+06	0.0332916
1.09988e+06	0.03164
1.09998e+06	0.0297712
1.10008e+06	0.0277341
1.10018e+06	0.0255792
1.10028e+06	0.0233571
1.10038e+06	0.0211158
1.10048e+06	0.0188996
1.10058e+06	0.0167477
1.10068e+06	0.0146931
1.10078e+06	0.0127623
1.10088e+06	0.010975
1.10098e+06	0.00934401
1.10108e+06	0.00787627
1.10118e+06	0.00657302
1.10128e+06	0.00543084
1.10138e+06	0.00444248
1.10148e+06	0.00359783
1.10158e+06	0.00288479
1.10168e+06	0.00229004
1.10178e+06	0.00179983
1.10188e+06	0.00140047
1.10198e+06	0.00107888
1.10208e+06	0.000822874
1.10218e+06	0.000621367
1.10228e+06	0.000464537
1.10238e+06	0.000343834
1.10248e+06	0.000251962
1.10258e+06	0.000182801
1.10268e+06	0.000131304
1.10278e+06	9.33763e-05
1.10288e+06	6.57432e-05
1.10298e+06	4.58271e-05
1.10308e+06	3.16265e-05
1.10318e+06	2.16091e-05
1.10328e+06	1.46177e-05
1.10338e+06	9.78992e-06
1.10348e+06	6.49136e-06
1.10358e+06	4.26137e-06
1.10368e+06	2.76962e-06
1.10378e+06	1.78217e-06
1.10388e+06	1.13536e-06
1.10398e+06	7.16103e-07
1.10408e+06	4.47172e-07
1.10418e+06	2.76459e-07
1.10428e+06	1.69217e-07
