160730	1.78889e-07
160830	2.93467e-07
160930	4.76642e-07
161030	7.66448e-07
161130	1.2202e-06
161230	1.92324e-06
161330	3.0012e-06
161430	4.63674e-06
161530	7.09231e-06
161630	1.07404e-05
161730	1.61031e-05
161830	2.39032e-05
161930	3.51284e-05
162030	5.11116e-05
162130	7.3627e-05
162230	0.000105005
162330	0.000148266
162430	0.000207268
162530	0.000286865
162630	0.000393079
162730	0.000533261
162830	0.000716237
162930	0.000952425
163030	0.0012539
163130	0.00163437
163230	0.00210909
163330	0.00269462
163430	0.00340844
163530	0.00426847
163630	0.00529232
163730	0.00649645
163830	0.00789521
163930	0.00949966
164030	0.0113164
164130	0.0133465
164230	0.0155842
164330	0.0180159
164430	0.0206199
164530	0.0233654
164630	0.026213
164730	0.0291151
164830	0.0320166
164930	0.0348571
165030	0.0375719
165130	0.0400952
165230	0.0423622
165330	0.044312
165430	0.0458904
165530	0.0470521
165630	0.0477632
165730	0.0480026
165830	0.0477632
165930	0.0470521
166030	0.0458904
166130	0.044312
166230	0.0423622
166330	0.0400952
166430	0.0375719
166530	0.0348571
166630	0.0320166
166730	0.0291151
166830	0.026213
166930	0.0233654
167030	0.0206199
167130	0.0180159
167230	0.0155842
167330	0.0133465
167430	0.0113164
167530	0.00949966
167630	0.00789521
167730	0.00649645
167830	0.00529232
167930	0.00426847
168030	0.00340845
168130	0.00269462
168230	0.00210909
168330	0.00163437
168430	0.0012539
168530	0.000952438
168630	0.000716259
168730	0.000533298
168830	0.000393142
168930	0.000286969
169030	0.00020744
169130	0.000148548
169230	0.000105462
169330	7.43585e-05
169430	5.22727e-05
169530	3.6953e-05
169630	2.67419e-05
169730	2.04756e-05
169830	1.74085e-05
169930	1.71601e-05
170030	1.96862e-05
170130	2.52734e-05
170230	3.45567e-05
170330	4.85593e-05
170430	6.87548e-05
170530	9.71497e-05
170630	0.000136386
170730	0.000189858
170830	0.000261843
170930	0.000357635
171030	0.000483673
171130	0.000647659
171230	0.000858635
171330	0.00112702
171430	0.00146459
171530	0.00188433
171630	0.00240025
171730	0.00302699
171830	0.00377941
171930	0.00467191
172030	0.0057177
172130	0.00692796
172230	0.00831088
172330	0.00987064
172430	0.0116065
172530	0.0135118
172630	0.0155734
172730	0.0177709
172830	0.0200767
172930	0.022456
173030	0.0248674
173130	0.0272637
173230	0.0295936
173330	0.0318028
173430	0.033837
173530	0.035643
173630	0.0371719
173730	0.0383806
173830	0.0392343
173930	0.0397079
174030	0.0397874
174130	0.0394703
174230	0.0387662
174330	0.0376957
174430	0.0362901
174530	0.0345893
174630	0.0326402
174730	0.0304944
174830	0.0282062
174930	0.0258301
175030	0.0234188
175130	0.0210214
175230	0.0186816
175330	0.0164371
175430	0.0143183
175530	0.0123485
175630	0.0105438
175730	0.00891321
175830	0.00745984
175930	0.00618133
176030	0.00507097
176130	0.00411867
176230	0.00331193
176330	0.0026367
176430	0.00207826
176530	0.00162179
176630	0.00125298
176730	0.000958415
176830	0.000725804
176930	0.00054418
177030	0.000403945
177130	0.000296865
177230	0.000216
177330	0.000155598
177430	0.000110972
177530	7.83569e-05
177630	5.47772e-05
177730	3.79122e-05
177830	2.59786e-05
177930	1.76242e-05
178030	1.18375e-05
178130	7.87166e-06
178230	5.1824e-06
178330	3.37795e-06
178430	2.17987e-06
178530	1.39273e-06
178630	8.80972e-07
178730	5.51718e-07
178830	3.4209e-07
178930	2.10018e-07
179030	1.27686e-07
179130	7.69201e-08
179230	4.59947e-08
179330	2.74476e-08
179430	1.66175e-08
179530	1.06824e-08
179630	8.05487e-09
179730	8.03071e-09
179830	1.0635e-08
179930	1.66382e-08
180030	2.77498e-08
180130	4.7027e-08
180230	7.95779e-08
180330	1.33685e-07
180430	2.22539e-07
180530	3.66867e-07
180630	5.98833e-07
180730	9.67769e-07
180830	1.54845e-06
180930	2.45292e-06
181030	3.84704e-06
181130	5.97346e-06
181230	9.18297e-06
181330	1.39765e-05
181430	2.10605e-05
181530	3.14193e-05
181630	4.64068e-05
181730	6.78615e-05
181830	9.82477e-05
181930	0.000140825
182030	0.000199845
182130	0.000280778
182230	0.000390562
182330	0.000537867
182430	0.000733358
182530	0.000989954
182630	0.00132303
182730	0.00175059
182830	0.00229326
182930	0.00297427
183030	0.00381913
183130	0.00485517
183230	0.00611087
183330	0.00761479
183430	0.00939442
183530	0.0114746
183630	0.013876
183730	0.016613
183830	0.019692
183930	0.0231093
184030	0.0268498
184130	0.0308854
184230	0.035174
184330	0.0396595
184430	0.044272
184530	0.0489293
184630	0.0535385
184730	0.0579989
184830	0.0622058
184930	0.0660539
185030	0.0694422
185130	0.0722779
185230	0.0744809
185330	0.0759873
185430	0.0767528
185530	0.0767546
185630	0.0759927
185730	0.0744897
185830	0.0722899
185930	0.0694571
186030	0.0660712
186130	0.062225
186230	0.0580195
186330	0.05356
186430	0.0489514
186530	0.0442941
186630	0.0396811
186730	0.0351948
186830	0.0309051
186930	0.0268683
187030	0.0231263
187130	0.0197074
187230	0.0166268
187330	0.0138882
187430	0.0114853
187530	0.00940355
187630	0.00762255
187730	0.00611739
187830	0.00486059
187930	0.00382356
188030	0.00297786
188130	0.00229614
188230	0.00175287
188330	0.00132482
188430	0.000991339
188530	0.000734419
188630	0.00053867
188730	0.000391164
188830	0.000281224
188930	0.000200172
189030	0.000141062
189130	9.84179e-05
189230	6.79822e-05
189330	4.64915e-05
189430	3.14781e-05
189530	2.11009e-05
189630	1.4004e-05
189730	9.20148e-06
189830	5.98579e-06
189930	3.85516e-06
190030	2.45822e-06
190130	1.55187e-06
190230	9.69944e-07
190330	6.00199e-07
190430	3.67707e-07
190530	2.23031e-07
190630	1.33932e-07
190730	7.96273e-08
190830	4.68701e-08
190930	2.73141e-08
191030	1.57593e-08
191130	9.00204e-09
191230	5.091e-09
191330	2.85051e-09
191430	1.58015e-09
191530	8.67228e-10
191630	4.7122e-10
191730	2.53496e-10
191830	1.35013e-10
191930	7.11931e-11
192030	3.7167e-11
192130	1.92102e-11
192230	9.83028e-12
192330	4.9803e-12
192430	2.49806e-12
192530	1.24053e-12
192630	6.09914e-13
192730	2.96884e-13
192830	1.43074e-13
192930	6.82644e-14
193030	3.22466e-14
193130	1.5081e-14
193230	6.98287e-15
193330	3.20106e-15
193430	1.45282e-15
193530	6.5281e-16
193630	2.90415e-16
193730	1.27911e-16
193830	5.57768e-17
193930	2.408e-17
194030	1.02924e-17
194130	4.35545e-18
194230	1.82477e-18
194330	7.569e-19
194430	3.10833e-19
194530	1.26378e-19
194630	5.08715e-20
194730	2.02737e-20
194830	7.99926e-21
194930	3.12481e-21
195030	1.20852e-21
195130	4.62745e-22
195230	1.75423e-22
195330	6.58397e-23
195430	2.44651e-23
195530	9.00041e-24
195630	3.2782e-24
195730	1.18213e-24
195830	4.22039e-25
195930	1.49175e-25
196030	5.22032e-26
196130	1.80865e-26
196230	6.20398e-27
196330	2.1069e-27
196430	7.0839e-28
196530	2.35808e-28
196630	7.77145e-29
196730	2.53573e-29
196830	8.19144e-30
196930	2.61984e-30
197030	8.29557e-31
197130	2.60061e-31
197230	8.07162e-32
197330	2.4803e-32
197430	7.54577e-33
197530	2.27279e-33
197630	6.77757e-34
197730	2.00099e-34
197830	5.84889e-35
197930	1.69262e-35
198030	4.84954e-36
198130	1.37562e-36
198230	3.86328e-37
198330	1.07416e-37
198430	2.95692e-38
198530	8.05875e-39
198630	2.17446e-39
198730	5.80889e-40
198830	1.53636e-40
198930	4.02298e-41
199030	1.04294e-41
199130	2.67689e-42
199230	6.80232e-43
199330	1.71136e-43
199430	4.26267e-44
199530	1.05119e-44
199630	2.56646e-45
199730	6.20365e-46
199830	1.48462e-46
199930	3.51757e-47
200030	8.25137e-48
200130	1.91631e-48
200230	4.4062e-49
200330	1.00304e-49
200430	2.26063e-50
200530	5.04427e-51
200630	1.11436e-51
200730	2.43729e-52
200830	5.27772e-53
200930	1.13147e-53
201030	2.40158e-54
201130	5.0467e-55
201230	1.04997e-55
201330	2.16272e-56
201430	4.41045e-57
201530	8.90476e-58
201630	1.77999e-58
201730	3.52267e-59
201830	6.90211e-60
201930	1.3389e-60
202030	2.57142e-61
202130	4.88939e-62
202230	9.20436e-63
202330	1.71549e-63
202430	3.16549e-64
202530	5.78297e-65
202630	1.04597e-65
202730	1.87302e-66
202830	3.32065e-67
202930	5.82855e-68
203030	1.01287e-68
203130	1.74264e-69
203230	2.96836e-70
203330	5.00591e-71
203430	8.35807e-72
203530	1.38161e-72
203630	2.26112e-73
203730	3.66368e-74
203830	5.87718e-75
203930	9.33421e-76
204030	1.46772e-76
204130	2.28489e-77
204230	3.52164e-78
204330	5.3738e-79
204430	8.1185e-80
204530	1.2143e-80
204630	1.79818e-81
204730	2.63633e-82
204830	3.82667e-83
204930	5.49921e-84
205030	7.82413e-85
205130	1.10212e-85
205230	1.53702e-86
205330	2.1222e-87
205430	2.90102e-88
205530	3.9262e-89
205630	5.26078e-90
205730	6.97888e-91
205830	9.16597e-92
205930	1.19187e-92
206030	1.53439e-93
206130	1.95568e-94
206230	2.46785e-95
206330	3.08316e-96
206430	3.81357e-97
206530	4.67007e-98
206630	5.66203e-99
206730	6.79639e-100
206830	8.07684e-101
206930	9.50302e-102
207030	1.10698e-102
207130	1.27665e-103
207230	1.45769e-104
207330	1.64783e-105
207430	1.84424e-106
207530	2.04353e-107
207630	2.24181e-108
207730	2.43487e-109
207830	2.61824e-110
207930	2.78741e-111
208030	2.93798e-112
208130	3.06586e-113
208230	3.16749e-114
208330	3.23992e-115
208430	3.28103e-116
208530	3.2896e-117
208630	3.26537e-118
208730	3.20907e-119
208830	3.12237e-120
208930	3.00777e-121
209030	2.86856e-122
209130	2.70856e-123
209230	2.53204e-124
209330	2.34348e-125
209430	2.14737e-126
209530	1.9481e-127
209630	1.74973e-128
209730	1.55593e-129
209830	1.36982e-130
209930	1.19397e-131
210030	1.03035e-132
210130	8.80298e-134
210230	7.44617e-135
210330	6.23581e-136
210430	5.17023e-137
210530	4.24408e-138
210630	3.44917e-139
210730	2.77526e-140
210830	2.21079e-141
210930	1.74362e-142
211030	1.36148e-143
211130	1.05251e-144
211230	8.05564e-146
211330	6.10422e-147
211430	4.5795e-148
211530	3.40144e-149
211630	2.50129e-150
211730	1.82106e-151
211830	1.31262e-152
211930	9.36724e-154
212030	6.61823e-155
212130	4.62944e-156
212230	3.20607e-157
212330	2.19823e-158
212430	1.49222e-159
212530	1.00288e-160
212630	6.67297e-162
212730	4.39591e-163
212830	2.86705e-164
212930	1.85131e-165
213030	1.18353e-166
213130	7.49094e-168
213230	4.69409e-169
213330	2.91221e-170
213430	1.78876e-171
213530	1.08777e-172
213630	6.54907e-174
213730	3.90373e-175
213830	2.30376e-176
213930	1.34602e-177
214030	7.78613e-179
214130	4.45913e-180
214230	2.52834e-181
214330	1.41931e-182
214430	7.88817e-184
214530	4.34043e-185
214630	2.36454e-186
214730	1.27531e-187
214830	6.80995e-189
214930	3.60021e-190
215030	1.88439e-191
215130	9.76492e-193
215230	5.00984e-194
215330	2.5447e-195
215430	1.2797e-196
215530	6.37138e-198
215630	3.14063e-199
215730	1.5327e-200
215830	7.40553e-202
215930	3.54251e-203
216030	1.67774e-204
216130	7.8667e-206
216230	3.6519e-207
216330	1.67843e-208
216430	7.63735e-210
216530	3.44065e-211
216630	1.5346e-212
216730	6.77651e-214
216830	2.96261e-215
216930	1.28233e-216
217030	5.49519e-218
217130	2.33143e-219
217230	9.79308e-221
217330	4.07261e-222
217430	1.67681e-223
217530	6.83521e-225
217630	2.75853e-226
217730	1.1022e-227
217830	4.36012e-229
217930	1.70763e-230
218030	6.62137e-232
218130	2.5419e-233
218230	9.66107e-235
218330	3.63538e-236
218430	1.35435e-237
218530	4.99539e-239
218630	1.82417e-240
218730	6.59504e-242
218830	2.36063e-243
218930	8.36554e-245
219030	2.93507e-246
219130	1.01953e-247
219230	3.5062e-249
219330	1.1938e-250
219430	4.02424e-252
219530	1.34305e-253
219630	4.43771e-255
219730	1.45172e-256
219830	4.70178e-258
219930	1.50765e-259
220030	4.78623e-261
220130	1.50434e-262
220230	4.68116e-264
220330	1.44218e-265
220430	4.39887e-267
220530	1.32838e-268
220630	3.97153e-270
220730	1.17558e-271
220830	3.4451e-273
220930	9.99563e-275
221030	2.87128e-276
221130	8.16577e-278
221230	2.2992e-279
221330	6.40932e-281
221430	1.76891e-282
221530	4.83343e-284
221630	1.30756e-285
221730	3.50209e-287
221830	9.28641e-289
221930	2.43796e-290
222030	6.33668e-292
222130	1.63063e-293
222230	4.15436e-295
222330	1.04788e-296
222430	2.61682e-298
222530	6.46986e-300
222630	1.5837e-301
222730	3.83802e-303
222830	9.20872e-305
222930	2.1875e-306
223030	5.14463e-308
223130	1.19789e-309
223230	2.76145e-311
223330	6.30252e-313
223430	1.42413e-314
223530	3.18596e-316
223630	7.05648e-318
223730	1.54736e-319
223830	3.35965e-321
223930	7.41098e-323
224030	0
224130	0
224230	0
224330	0
224430	0
224530	0
224630	0
224730	0
224830	0
224930	0
225030	0
225130	0
225230	0
225330	0
225430	0
225530	0
225630	0
225730	0
225830	0
225930	0
226030	0
226130	0
226230	0
226330	0
226430	0
226530	0
226630	0
226730	0
226830	0
226930	0
227030	0
227130	0
227230	0
227330	0
227430	0
227530	0
227630	0
227730	0
227830	0
227930	0
228030	0
228130	0
228230	0
228330	0
228430	0
228530	0
228630	0
228730	0
228830	0
228930	0
229030	0
229130	0
229230	0
229330	0
229430	0
229530	0
229630	0
229730	0
229830	0
229930	0
230030	0
230130	0
230230	0
230330	0
230430	0
230530	0
230630	0
230730	0
230830	0
230930	0
231030	0
231130	0
231230	0
231330	0
231430	0
231530	0
231630	0
231730	0
231830	0
231930	0
232030	0
232130	0
232230	0
232330	0
232430	0
232530	0
232630	0
232730	0
232830	0
232930	0
233030	0
233130	0
233230	0
233330	0
233430	0
233530	0
233630	0
233730	0
233830	0
233930	0
234030	0
234130	0
234230	0
234330	0
234430	0
234530	0
234630	0
234730	0
234830	0
234930	0
235030	0
235130	0
235230	0
235330	0
235430	6.91692e-323
235530	3.28554e-321
235630	1.51204e-319
235730	6.89384e-318
235830	3.11187e-316
235930	1.39072e-314
236030	6.15337e-313
236130	2.69553e-311
236230	1.16905e-309
236330	5.01971e-308
236430	2.13394e-306
236530	8.98134e-305
236630	3.74247e-303
236730	1.54394e-301
236830	6.30613e-300
236930	2.55006e-298
237030	1.02093e-296
237130	4.04667e-295
237230	1.58802e-293
237330	6.16983e-292
237430	2.37326e-290
237530	9.03809e-289
237630	3.40772e-287
237730	1.27206e-285
237830	4.70121e-284
237930	1.72016e-282
238030	6.23137e-281
238130	2.23489e-279
238230	7.93571e-278
238330	2.7898e-276
238430	9.70994e-275
238530	3.34593e-273
238630	1.1415e-271
238730	3.85558e-270
238830	1.28932e-268
238930	4.26866e-267
239030	1.39919e-265
239130	4.54067e-264
239230	1.45888e-262
239330	4.64064e-261
239430	1.46148e-259
239530	4.55684e-258
239630	1.40667e-256
239730	4.2991e-255
239830	1.30083e-253
239930	3.8969e-252
240030	1.15578e-250
240130	3.39383e-249
240230	9.86645e-248
240330	2.83981e-246
240430	8.09233e-245
240530	2.28305e-243
240630	6.37697e-242
240730	1.76348e-240
240830	4.82818e-239
240930	1.30874e-237
241030	3.51221e-236
241130	9.33179e-235
241230	2.45475e-233
241330	6.393e-232
241430	1.64839e-230
241530	4.20797e-229
241630	1.06351e-227
241730	2.66115e-226
241830	6.59254e-225
241930	1.61694e-223
242030	3.92637e-222
242130	9.43943e-221
242230	2.24676e-219
242330	5.29452e-218
242430	1.23524e-216
242530	2.85322e-215
242630	6.52493e-214
242730	1.47731e-212
242830	3.31152e-211
242930	7.34917e-210
243030	1.61475e-208
243130	3.51263e-207
243230	7.56509e-206
243330	1.61307e-204
243430	3.40526e-203
243530	7.11711e-202
243630	1.4727e-200
243730	3.01705e-199
243830	6.11937e-198
243930	1.22882e-196
244030	2.44302e-195
244130	4.80865e-194
244230	9.3708e-193
244330	1.80795e-191
244430	3.45345e-190
244530	6.53097e-189
244630	1.22281e-187
244730	2.26672e-186
244830	4.15999e-185
244930	7.55866e-184
245030	1.35974e-182
245130	2.4217e-181
245230	4.27016e-180
245330	7.45461e-179
245430	1.28844e-177
245530	2.20474e-176
245630	3.73516e-175
245730	6.26495e-174
245830	1.04036e-172
245930	1.71043e-171
246030	2.78411e-170
246130	4.48666e-169
246230	7.15843e-168
246330	1.13076e-166
246430	1.76839e-165
246530	2.73805e-164
246630	4.19725e-163
246730	6.37006e-162
246830	9.5715e-161
246930	1.42388e-159
247030	2.09712e-158
247130	3.05796e-157
247230	4.41465e-156
247330	6.30984e-155
247430	8.92888e-154
247530	1.25093e-152
247630	1.7351e-151
247730	2.38273e-150
247830	3.23953e-149
247930	4.3606e-148
248030	5.81122e-147
248130	7.66735e-146
248230	1.00157e-144
248330	1.29531e-143
248430	1.65853e-142
248530	2.10246e-141
248630	2.63871e-140
248730	3.27878e-139
248830	4.03357e-138
248930	4.91275e-137
249030	5.92401e-136
249130	7.07237e-135
249230	8.35931e-134
249330	9.78213e-133
249430	1.13332e-131
249530	1.29996e-130
249630	1.47626e-129
249730	1.6598e-128
249830	1.84758e-127
249930	2.03614e-126
250030	2.22162e-125
250130	2.39988e-124
250230	2.56665e-123
250330	2.71769e-122
250430	2.84898e-121
250530	2.9569e-120
250630	3.03838e-119
250730	3.09103e-118
250830	3.11331e-117
250930	3.10454e-116
251030	3.065e-115
251130	2.99585e-114
251230	2.89912e-113
251330	2.77761e-112
251430	2.6347e-111
251530	2.47428e-110
251630	2.30051e-109
251730	2.11766e-108
251830	1.92995e-107
251930	1.74137e-106
252030	1.55559e-105
252130	1.3758e-104
252230	1.20468e-103
252330	1.04435e-102
252430	8.96353e-102
252530	7.61671e-101
252630	6.40786e-100
252730	5.33723e-99
252830	4.40125e-98
252930	3.59329e-97
253030	2.90447e-96
253130	2.32433e-95
253230	1.84156e-94
253330	1.44454e-93
253430	1.12184e-92
253530	8.62564e-92
253630	6.5661e-91
253730	4.94858e-90
253830	3.69242e-89
253930	2.72771e-88
254030	1.995e-87
254130	1.44459e-86
254230	1.03562e-85
254330	7.35052e-85
254430	5.16524e-84
254530	3.59352e-83
254630	2.47518e-82
254730	1.68792e-81
254830	1.1396e-80
254930	7.61745e-80
255030	5.04109e-79
255130	3.30291e-78
255230	2.14252e-77
255330	1.37598e-76
255430	8.74892e-76
255530	5.5075e-75
255630	3.43251e-74
255730	2.118e-73
255830	1.29389e-72
255930	7.82575e-72
256030	4.6861e-71
256130	2.77814e-70
256230	1.63062e-69
256330	9.47568e-69
256430	5.4516e-68
256530	3.10524e-67
256630	1.75115e-66
256730	9.77704e-66
256830	5.40443e-65
256930	2.95766e-64
257030	1.60252e-63
257130	8.59642e-63
257230	4.56549e-62
257330	2.40057e-61
257430	1.24968e-60
257530	6.44081e-60
257630	3.28654e-59
257730	1.66033e-58
257830	8.30437e-58
257930	4.11222e-57
258030	2.01606e-56
258130	9.78558e-56
258230	4.70248e-55
258330	2.2373e-54
258430	1.05385e-53
258530	4.91464e-53
258630	2.26914e-52
258730	1.03726e-51
258830	4.69429e-51
258930	2.10334e-50
259030	9.33054e-50
259130	4.0979e-49
259230	1.78185e-48
259330	7.6708e-48
259430	3.26938e-47
259530	1.37958e-46
259630	5.76352e-46
259730	2.38388e-45
259830	9.76198e-45
259930	3.95775e-44
260030	1.58861e-43
260130	6.31308e-43
260230	2.48384e-42
260330	9.67524e-42
260430	3.73128e-41
260530	1.42466e-40
260630	5.38543e-40
260730	2.01552e-39
260830	7.46813e-39
260930	2.73964e-38
261030	9.95019e-38
261130	3.57789e-37
261230	1.27373e-36
261330	4.4894e-36
261430	1.56659e-35
261530	5.41225e-35
261630	1.85122e-34
261730	6.26897e-34
261830	2.1018e-33
261930	6.97658e-33
262030	2.29272e-32
262130	7.45963e-32
262230	2.40293e-31
262330	7.66338e-31
262430	2.41968e-30
262530	7.564e-30
262630	2.34101e-29
262730	7.17316e-29
262830	2.17609e-28
262930	6.53579e-28
263030	1.94347e-27
263130	5.72155e-27
263230	1.66766e-26
263330	4.81236e-26
263430	1.37488e-25
263530	3.88893e-25
263630	1.08906e-24
263730	3.01947e-24
263830	8.28832e-24
263930	2.25247e-23
264030	6.06051e-23
264130	1.61442e-22
264230	4.25775e-22
264330	1.11173e-21
264430	2.87395e-21
264530	7.35554e-21
264630	1.86383e-20
264730	4.6758e-20
264830	1.16135e-19
264930	2.85579e-19
265030	6.95258e-19
265130	1.67581e-18
265230	3.99906e-18
265330	9.44822e-18
265430	2.21003e-17
265530	5.11805e-17
265630	1.17346e-16
265730	2.66371e-16
265830	5.98637e-16
265930	1.33198e-15
266030	2.93419e-15
266130	6.39936e-15
266230	1.38179e-14
266330	2.95396e-14
266430	6.25206e-14
266530	1.31008e-13
266630	2.7179e-13
266730	5.58243e-13
266830	1.1352e-12
266930	2.28547e-12
267030	4.55551e-12
267130	8.98991e-12
267230	1.75643e-11
267330	3.39753e-11
267430	6.50659e-11
267530	1.23367e-10
267630	2.31582e-10
267730	4.30393e-10
267830	7.91923e-10
267930	1.44264e-09
268030	2.6019e-09
268130	4.646e-09
268230	8.21345e-09
268330	1.43757e-08
268430	2.49109e-08
268530	4.27373e-08
268630	7.25907e-08
268730	1.22071e-07
268830	2.03236e-07
268930	3.35001e-07
269030	5.467e-07
269130	8.83302e-07
269230	1.41295e-06
269330	2.23769e-06
269430	3.50857e-06
269530	5.44651e-06
269630	8.37073e-06
269730	1.2737e-05
269830	1.91878e-05
269930	2.86181e-05
270030	4.22585e-05
270130	6.17795e-05
270230	8.94194e-05
270330	0.000128137
270430	0.000181793
270530	0.00025535
270630	0.000355101
270730	0.000488905
270830	0.000666429
270930	0.000899374
271030	0.00120167
271130	0.00158959
271230	0.00208182
271330	0.00269935
271430	0.00346522
271530	0.00440413
271630	0.00554175
271730	0.00690385
271830	0.00851515
271930	0.010398
272030	0.0125709
272130	0.0150467
272230	0.017831
272330	0.0209203
272430	0.0243007
272530	0.0279467
272630	0.0318203
272730	0.035871
272830	0.0400358
272930	0.0442411
273030	0.0484041
273130	0.0524355
273230	0.0562431
273330	0.0597355
273430	0.0628266
273530	0.0654399
273630	0.0675129
273730	0.0690018
273830	0.0698852
273930	0.0701677
274030	0.0698824
274130	0.0690937
274230	0.0678989
274330	0.0664291
274430	0.0648508
274530	0.0633659
274630	0.062213
274730	0.0616682
274830	0.0620453
274930	0.0636978
275030	0.0670188
275130	0.0724421
275230	0.0804417
275330	0.0915308
275430	0.106258
275530	0.125205
275630	0.148973
275730	0.17818
275830	0.213441
275930	0.255355
276030	0.304483
276130	0.36133
276230	0.426317
276330	0.499759
276430	0.581842
276530	0.672599
276630	0.771892
276730	0.879393
276830	0.994576
276930	1.11671
277030	1.24485
277130	1.37788
277230	1.51448
277330	1.65316
277430	1.79232
277530	1.93026
277630	2.06521
277730	2.19539
277830	2.31907
277930	2.4346
278030	2.54046
278130	2.63535
278230	2.71819
278330	2.78817
278430	2.8448
278530	2.88793
278630	2.91771
278730	2.93461
278830	2.9394
278930	2.93308
279030	2.91683
279130	2.89194
279230	2.85972
279330	2.82145
279430	2.77827
279530	2.73114
279630	2.68081
279730	2.62772
279830	2.57209
279930	2.51387
280030	2.45281
280130	2.3885
280230	2.32047
280330	2.24824
280430	2.17143
280530	2.08983
280630	2.00346
280730	1.9126
280830	1.81787
280930	1.72016
281030	1.6207
281130	1.52094
281230	1.4225
281330	1.32717
281430	1.23671
281530	1.15287
281630	1.07723
281730	1.01117
281830	0.95575
281930	0.911708
282030	0.879386
282130	0.858724
282230	0.849253
282330	0.850115
282430	0.860093
282530	0.877661
282630	0.901048
282730	0.928307
282830	0.957397
282930	0.986261
283030	1.01291
283130	1.03552
283230	1.05246
283330	1.06238
283430	1.06428
283530	1.05747
283630	1.04167
283730	1.01693
283830	0.98364
283930	0.942511
284030	0.894493
284130	0.840741
284230	0.78254
284330	0.721248
284430	0.658227
284530	0.594794
284630	0.532165
284730	0.471418
284830	0.413467
284930	0.359042
285030	0.308687
285130	0.262757
285230	0.221439
285330	0.184764
285430	0.152631
285530	0.124834
285630	0.101087
285730	0.0810473
285830	0.0643401
285930	0.0505786
286030	0.0393795
286130	0.0303769
286230	0.0232314
286330	0.0176369
286430	0.0133241
286530	0.0100622
286630	0.00765854
286730	0.00595715
286830	0.00483661
286930	0.00420728
287030	0.00400846
287130	0.00420553
287230	0.00478721
287330	0.00576296
287430	0.00716043
287530	0.00902287
287630	0.0114065
287730	0.0143776
287830	0.0180089
287930	0.0223762
288030	0.0275536
288130	0.0336089
288230	0.040598
288330	0.0485592
288430	0.0575078
288530	0.0674304
288630	0.0782798
288730	0.0899716
288830	0.102381
288930	0.115344
289030	0.128654
289130	0.142073
289230	0.155331
289330	0.168136
289430	0.180185
289530	0.191177
289630	0.200821
289730	0.208853
289830	0.215044
289930	0.219216
290030	0.221245
290130	0.221072
290230	0.2187
290330	0.214201
290430	0.207707
290530	0.199406
290630	0.189532
290730	0.178355
290830	0.166166
290930	0.15327
291030	0.139969
291130	0.126549
291230	0.113278
291330	0.10039
291430	0.0880827
291530	0.0765153
291630	0.0658056
291730	0.0560318
291830	0.047235
291930	0.039423
292030	0.0325756
292130	0.0266497
292230	0.0215849
292330	0.0173087
292430	0.0137415
292530	0.010801
292630	0.00840521
292730	0.00647576
292830	0.00493958
292930	0.00373032
293030	0.00278907
293130	0.00206457
293230	0.00151307
293330	0.00109785
293430	0.00078865
293530	0.000560897
293630	0.000394947
293730	0.000275329
293830	0.00019003
293930	0.000129852
294030	8.78482e-05
294130	5.88402e-05
294230	3.90186e-05
294330	2.5617e-05
294430	1.6651e-05
294530	1.07154e-05
294630	6.82709e-06
294730	4.30644e-06
294830	2.68942e-06
294930	1.66286e-06
295030	1.01791e-06
295130	6.16912e-07
295230	3.70162e-07
295330	2.19896e-07
295430	1.2933e-07
295530	7.53079e-08
295630	4.34147e-08
295730	2.47794e-08
295830	1.40024e-08
295930	7.83376e-09
296030	4.33906e-09
296130	2.37946e-09
296230	1.29186e-09
296330	6.94406e-10
296430	3.69544e-10
296530	1.94705e-10
296630	1.01565e-10
296730	5.24529e-11
296830	2.68195e-11
296930	1.35765e-11
297030	6.80432e-12
297130	3.37627e-12
297230	1.65862e-12
297330	8.06704e-13
297430	3.88453e-13
297530	1.85191e-13
297630	8.74093e-14
297730	4.08463e-14
297830	1.88975e-14
297930	8.65593e-15
298030	3.92537e-15
298130	1.7624e-15
298230	7.834e-16
298330	3.44763e-16
298430	1.50216e-16
298530	6.47988e-17
298630	2.76742e-17
298730	1.17015e-17
298830	4.89851e-18
298930	2.03022e-18
299030	8.33068e-19
299130	3.38434e-19
299230	1.36121e-19
299330	5.42043e-20
299430	2.13697e-20
299530	8.34105e-21
299630	3.22329e-21
299730	1.23321e-21
299830	4.67121e-22
299930	1.75178e-22
300030	6.50409e-23
300130	2.39084e-23
300230	8.70107e-24
300330	3.1351e-24
300430	1.11837e-24
300530	3.94984e-25
300630	1.38111e-25
300730	4.78119e-26
300830	1.6387e-26
300930	5.56058e-27
301030	1.86809e-27
301130	6.21346e-28
301230	2.04609e-28
301330	6.67075e-29
301430	2.15318e-29
301530	6.88088e-30
301630	2.17703e-30
301730	6.81932e-31
301830	2.11483e-31
301930	6.49332e-32
302030	1.97386e-32
302130	5.94047e-33
302230	1.77004e-33
302330	5.2216e-34
302430	1.52504e-34
302530	4.40975e-35
302630	1.26242e-35
302730	3.5781e-36
302830	1.00405e-36
302930	2.78945e-37
303030	7.67252e-38
303130	2.08937e-38
303230	5.63312e-39
303330	1.50372e-39
303430	3.97759e-40
303530	1.05534e-40
303630	3.30436e-41
303730	3.04967e-41
303830	9.18848e-41
303930	3.41381e-40
304030	1.27696e-39
304130	4.73434e-39
304230	1.73793e-38
304330	6.31632e-38
304430	2.27276e-37
304530	8.09654e-37
304630	2.85564e-36
304730	9.97156e-36
304830	3.44731e-35
304930	1.17993e-34
305030	3.9984e-34
305130	1.34145e-33
305230	4.45574e-33
305330	1.46529e-32
305430	4.7707e-32
305530	1.5378e-31
305630	4.90764e-31
305730	1.55061e-30
305830	4.85056e-30
305930	1.50223e-29
306030	4.60615e-29
306130	1.39829e-28
306230	4.20256e-28
306330	1.25051e-27
306430	3.68398e-27
306530	1.07449e-26
306630	3.10276e-26
306730	8.87053e-26
306830	2.51078e-25
306930	7.03596e-25
307030	1.95207e-24
307130	5.36199e-24
307230	1.45818e-23
307330	3.92605e-23
307430	1.04654e-22
307530	2.76194e-22
307630	7.21654e-22
307730	1.86681e-21
307830	4.78113e-21
307930	1.21232e-20
308030	3.0434e-20
308130	7.56414e-20
308230	1.8613e-19
308330	4.53451e-19
308430	1.09371e-18
308530	2.61174e-18
308630	6.1747e-18
308730	1.4453e-17
308830	3.34933e-17
308930	7.68448e-17
309030	1.74553e-16
309130	3.92553e-16
309230	8.7403e-16
309330	1.92669e-15
309430	4.20487e-15
309530	9.08557e-15
309630	1.9436e-14
309730	4.11643e-14
309830	8.63159e-14
309930	1.79192e-13
310030	3.683e-13
310130	7.49451e-13
310230	1.50988e-12
310330	3.0116e-12
310430	5.94716e-12
310530	1.16273e-11
310630	2.25064e-11
310730	4.3131e-11
310830	8.18332e-11
310930	1.53719e-10
311030	2.85879e-10
311130	5.26373e-10
311230	9.59539e-10
311330	1.73176e-09
311430	3.09437e-09
311530	5.47409e-09
311630	9.58757e-09
311730	1.6625e-08
311830	2.85413e-08
311930	4.85112e-08
312030	8.16333e-08
312130	1.36003e-07
312230	2.24331e-07
312330	3.66341e-07
312430	5.92296e-07
312530	9.4809e-07
312630	1.50251e-06
312730	2.35745e-06
312830	3.66204e-06
312930	5.632e-06
313030	8.57548e-06
313130	1.29274e-05
313230	1.92939e-05
313330	2.85094e-05
313430	4.17073e-05
313530	6.04078e-05
313630	8.66226e-05
313730	0.000122978
313830	0.000172854
313930	0.00024054
314030	0.000331402
314130	0.000452041
314230	0.000610462
314330	0.000816199
314430	0.00108042
314530	0.00141593
314630	0.00183718
314730	0.00236003
314830	0.00300151
314930	0.00377937
315030	0.00471147
315130	0.00581501
315230	0.00710561
315330	0.00859626
315430	0.0102961
315530	0.0122095
315630	0.0143343
315730	0.0166614
315830	0.0191737
315930	0.0218452
316030	0.0246413
316130	0.0275187
316230	0.0304264
316330	0.0333065
316430	0.0360964
316530	0.0387309
316630	0.041144
316730	0.0432727
316830	0.0450586
316930	0.0464514
317030	0.0474107
317130	0.0479084
317230	0.0479296
317330	0.0474737
317430	0.0465543
317530	0.0451984
317630	0.0434453
317730	0.0413448
317830	0.0389543
317930	0.0363368
318030	0.0335579
318130	0.0306832
318230	0.0277756
318330	0.0248933
318430	0.0220882
318530	0.0194041
318630	0.0168766
318730	0.0145322
318830	0.012389
318930	0.0104568
319030	0.00873814
319130	0.00722928
319230	0.00592146
319330	0.00480196
319430	0.00385537
319530	0.00306458
319630	0.00241175
319730	0.0018791
319830	0.00144953
319930	0.00110703
320030	0.000837044
320130	0.000626607
320230	0.000464407
320330	0.000340769
320430	0.000247558
320530	0.000178054
320630	0.00012679
320730	8.93869e-05
320830	6.23907e-05
320930	4.31145e-05
321030	2.94974e-05
321130	1.99802e-05
321230	1.33991e-05
321330	8.89624e-06
321430	5.84783e-06
321530	3.80575e-06
321630	2.45213e-06
321730	1.56424e-06
321830	9.87915e-07
321930	6.17722e-07
322030	3.82405e-07
322130	2.34375e-07
322230	1.42219e-07
322330	8.54395e-08
322430	5.0818e-08
322530	2.9925e-08
322630	1.74464e-08
322730	1.00702e-08
322830	5.75472e-09
322930	3.25588e-09
323030	1.82377e-09
323130	1.01141e-09
323230	5.55321e-10
323330	3.01867e-10
323430	1.6246e-10
323530	8.6563e-11
323630	4.56642e-11
323730	2.38494e-11
323830	1.2332e-11
323930	6.3132e-12
324030	3.19979e-12
324130	1.60565e-12
324230	7.97694e-13
324330	3.92355e-13
324430	1.91064e-13
324530	9.21164e-14
324630	4.39694e-14
324730	2.07789e-14
324830	9.72189e-15
324930	4.50335e-15
325030	2.06528e-15
325130	9.3773e-16
325230	4.21536e-16
325330	1.87607e-16
325430	8.26645e-17
325530	3.60617e-17
325630	1.55751e-17
325730	6.65998e-18
325830	2.8195e-18
325930	1.18176e-18
326030	4.90389e-19
326130	2.0147e-19
326230	8.1948e-20
326330	3.30006e-20
326430	1.31572e-20
326530	5.19352e-21
326630	2.02963e-21
326730	7.85289e-22
326830	3.00815e-22
326930	1.14084e-22
327030	4.2836e-23
327130	1.59239e-23
327230	5.86067e-24
327330	2.13551e-24
327430	7.70396e-25
327530	2.75158e-25
327630	9.72991e-26
327730	3.40637e-26
327830	1.18068e-26
327930	4.05162e-27
328030	1.37652e-27
328130	4.63014e-28
328230	1.54192e-28
328330	5.08379e-29
328430	1.65947e-29
328530	5.36302e-30
328630	1.71595e-30
328730	5.43574e-31
328830	1.70478e-31
328930	5.29343e-32
329030	1.62728e-32
329130	4.95272e-33
329230	1.49239e-33
329330	4.45224e-34
329430	1.31502e-34
329530	3.8454e-35
329630	1.11329e-35
329730	3.19104e-36
329830	9.05551e-37
329930	2.5442e-37
330030	7.07696e-38
330130	1.94894e-38
330230	5.31384e-39
330330	1.43441e-39
330430	3.83352e-40
330530	1.01433e-40
330630	2.65715e-41
330730	6.89145e-42
330830	1.76955e-42
330930	4.49853e-43
331030	1.13224e-43
331130	2.82137e-44
331230	6.96048e-45
331330	1.70011e-45
331430	4.11122e-46
331530	9.84286e-47
331630	2.33308e-47
331730	5.47513e-48
331830	1.27209e-48
331930	2.92615e-49
332030	6.66396e-50
332130	1.50254e-50
332230	3.3541e-51
332330	7.41282e-52
332430	1.62199e-52
332530	3.51374e-53
332630	7.53613e-54
332730	1.60024e-54
332830	3.36416e-55
332930	7.00207e-56
333030	1.44289e-56
333130	2.94373e-57
333230	5.94591e-58
333330	1.18904e-58
333430	2.35414e-59
333530	4.61449e-60
333630	8.95515e-61
333730	1.7206e-61
333830	3.27297e-62
333930	6.164e-63
334030	1.14932e-63
334130	2.12165e-64
334230	3.87763e-65
334330	7.01641e-66
334430	1.25696e-66
334530	2.22937e-67
334630	3.91474e-68
334730	6.80581e-69
334830	1.17142e-69
334930	1.9962e-70
335030	3.36785e-71
335130	5.62545e-72
335230	9.30292e-73
335330	1.52314e-73
335430	2.46896e-74
335530	3.96231e-75
335630	6.29562e-76
335730	9.90343e-77
335830	1.54238e-77
335930	2.37822e-78
336030	3.63053e-79
336130	5.48714e-80
336230	8.21067e-81
336330	1.21638e-81
336430	1.78408e-82
336530	2.59071e-83
336630	3.7246e-84
336730	5.30148e-85
336830	7.47089e-86
336930	1.04233e-86
337030	1.43977e-87
337130	1.96897e-88
337230	2.66589e-89
337330	3.57358e-90
337430	4.74264e-91
337530	6.23153e-92
337630	8.10636e-93
337730	1.04403e-93
337830	1.33125e-94
337930	1.68059e-95
338030	2.1005e-96
338130	2.5992e-97
338230	3.18429e-98
338330	3.86228e-99
338430	4.63801e-100
338530	5.51412e-101
338630	6.4905e-102
338730	7.56375e-103
338830	8.72676e-104
338930	9.96842e-105
339030	1.12734e-105
339130	1.26225e-106
339230	1.39923e-107
339330	1.53564e-108
339430	1.66858e-109
339530	1.79499e-110
339630	1.91177e-111
339730	2.01588e-112
339830	2.10451e-113
339930	2.17518e-114
340030	2.22585e-115
340130	2.25504e-116
340230	2.26188e-117
340330	2.24616e-118
340430	2.20836e-119
340530	2.14959e-120
340630	2.07157e-121
340730	1.97651e-122
340830	1.86705e-123
340930	1.7461e-124
341030	1.61675e-125
341130	1.48207e-126
341230	1.3451e-127
341330	1.20864e-128
341430	1.07522e-129
341530	9.47008e-131
341630	8.25786e-132
341730	7.12916e-133
341830	6.09349e-134
341930	5.15645e-135
342030	4.32009e-136
342130	3.58337e-137
342230	2.94271e-138
342330	2.39255e-139
342430	1.92589e-140
342530	1.53482e-141
342630	1.21099e-142
342730	9.45982e-144
342830	7.31613e-145
342930	5.60191e-146
343030	4.24667e-147
343130	3.18727e-148
343230	2.36834e-149
343330	1.74232e-150
343430	1.26902e-151
343530	9.15096e-153
343630	6.53313e-154
343730	4.61778e-155
343830	3.23148e-156
343930	2.23886e-157
344030	1.53572e-158
344130	1.04292e-159
344230	7.01209e-161
344330	4.66769e-162
344430	3.07619e-163
344530	2.00716e-164
344630	1.2966e-165
344730	8.29256e-167
344830	5.25083e-168
344930	3.29173e-169
345030	2.04305e-170
345130	1.25542e-171
345230	7.63759e-173
345330	4.60024e-174
345430	2.74323e-175
345530	1.61958e-176
345630	9.46667e-178
345730	5.47835e-179
345830	3.13877e-180
345930	1.78044e-181
346030	9.99887e-183
346130	5.55945e-184
346230	3.06034e-185
346330	1.66788e-186
346430	8.99949e-188
346530	4.80759e-189
346630	2.54269e-190
346730	1.33143e-191
346830	6.90236e-193
346930	3.5427e-194
347030	1.80024e-195
347130	9.05693e-197
347230	4.51118e-198
347330	2.22462e-199
347430	1.08612e-200
347530	5.24999e-202
347630	2.51244e-203
347730	1.19039e-204
347830	5.58393e-206
347930	2.59327e-207
348030	1.19238e-208
348130	5.42795e-210
348230	2.44633e-211
348330	1.09157e-212
348430	4.82219e-214
348530	2.10909e-215
348630	9.13277e-217
348730	3.91532e-218
348830	1.66184e-219
348930	6.9834e-221
349030	2.90538e-222
349130	1.19673e-223
349230	4.88029e-225
349330	1.97039e-226
349430	7.87619e-228
349530	3.117e-229
349630	1.22128e-230
349730	4.73751e-232
349830	1.81946e-233
349930	6.91818e-235
350030	2.60434e-236
350130	9.70647e-238
350230	3.58164e-239
350330	1.30846e-240
350430	4.73253e-242
350530	1.69467e-243
350630	6.00805e-245
350730	2.10882e-246
350830	7.32828e-248
350930	2.52128e-249
351030	8.58813e-251
351130	2.89622e-252
351230	9.66993e-254
351330	3.19647e-255
351430	1.04611e-256
351530	3.38952e-258
351630	1.08732e-259
351730	3.45329e-261
351830	1.08584e-262
351930	3.38031e-264
352030	1.04185e-265
352130	3.17913e-267
352230	9.6044e-269
352330	2.87269e-270
352430	8.50676e-272
352530	2.494e-273
352630	7.23914e-275
352730	2.08034e-276
352830	5.91885e-278
352930	1.66724e-279
353030	4.6496e-281
353130	1.28378e-282
353230	3.50932e-284
353330	9.49756e-286
353430	2.54483e-287
353530	6.75089e-289
353630	1.77305e-290
353730	4.6104e-292
353830	1.1869e-293
353930	3.02513e-295
354030	7.63366e-297
354130	1.90712e-298
354230	4.71717e-300
354330	1.15516e-301
354430	2.80064e-303
354530	6.72251e-305
354630	1.59758e-306
354730	3.7588e-308
354830	8.75578e-310
354930	2.01928e-311
355030	4.61058e-313
355130	1.04225e-314
355230	2.33262e-316
355330	5.16862e-318
355430	1.13388e-319
355530	2.46045e-321
355630	5.43472e-323
355730	0
355830	0
355930	0
356030	0
356130	0
356230	0
356330	0
356430	0
356530	0
356630	0
356730	0
356830	0
356930	0
357030	0
357130	0
357230	0
357330	0
357430	0
357530	0
357630	0
357730	0
357830	0
357930	0
358030	0
358130	0
358230	0
358330	0
358430	0
358530	0
358630	0
358730	0
358830	0
358930	0
359030	0
359130	0
359230	0
359330	0
359430	0
359530	0
359630	0
359730	0
359830	0
359930	0
360030	0
360130	0
360230	0
360330	0
360430	0
360530	0
360630	0
360730	0
360830	0
360930	0
361030	0
361130	0
361230	0
361330	0
361430	0
361530	0
361630	0
361730	0
361830	0
361930	0
362030	0
362130	0
362230	0
362330	0
362430	0
362530	0
362630	0
362730	0
362830	0
362930	0
363030	0
363130	0
363230	0
363330	0
363430	0
363530	0
363630	0
363730	0
363830	0
363930	0
364030	0
364130	0
364230	0
364330	0
364430	0
364530	0
364630	0
364730	0
364830	0
364930	0
365030	0
365130	0
365230	0
365330	0
365430	0
365530	0
365630	0
365730	0
365830	0
365930	0
366030	0
366130	0
366230	0
366330	0
366430	0
366530	0
366630	0
366730	0
366830	0
366930	0
367030	0
367130	0
367230	0
367330	0
367430	0
367530	0
367630	0
367730	0
367830	0
367930	0
368030	0
368130	0
368230	0
368330	0
368430	0
368530	0
368630	0
368730	0
368830	0
368930	0
369030	0
369130	0
369230	0
369330	0
369430	0
369530	0
369630	0
369730	0
369830	0
369930	0
370030	0
370130	0
370230	0
370330	0
370430	0
370530	0
370630	0
370730	0
370830	0
370930	0
371030	0
371130	0
371230	0
371330	0
371430	0
371530	0
371630	0
371730	0
371830	0
371930	0
372030	0
372130	0
372230	0
372330	0
372430	0
372530	0
372630	0
372730	0
372830	0
372930	0
373030	0
373130	0
373230	0
373330	0
373430	0
373530	0
373630	0
373730	0
373830	0
373930	0
374030	0
374130	0
374230	0
374330	0
374430	0
374530	0
374630	0
374730	0
374830	0
374930	0
375030	0
375130	0
375230	0
375330	0
375430	0
375530	0
375630	0
375730	0
375830	0
375930	0
376030	0
376130	0
376230	0
376330	0
376430	0
376530	0
376630	0
376730	0
376830	0
376930	0
377030	0
377130	0
377230	0
377330	0
377430	0
377530	0
377630	0
377730	0
377830	0
377930	0
378030	0
378130	0
378230	0
378330	0
378430	0
378530	0
378630	0
378730	0
378830	0
378930	0
379030	0
379130	0
379230	0
379330	0
379430	0
379530	0
379630	0
379730	0
379830	0
379930	0
380030	0
380130	0
380230	0
380330	0
380430	0
380530	0
380630	0
380730	0
380830	0
380930	0
381030	0
381130	0
381230	0
381330	0
381430	0
381530	0
381630	0
381730	0
381830	0
381930	0
382030	0
382130	0
382230	0
382330	0
382430	0
382530	0
382630	0
382730	0
382830	0
382930	0
383030	0
383130	0
383230	0
383330	0
383430	0
383530	0
383630	0
383730	0
383830	0
383930	0
384030	0
384130	0
384230	0
384330	0
384430	0
384530	0
384630	0
384730	0
384830	0
384930	0
385030	0
385130	0
385230	0
385330	0
385430	0
385530	0
385630	0
385730	0
385830	0
385930	0
386030	0
386130	0
386230	0
386330	0
386430	0
386530	0
386630	0
386730	0
386830	0
386930	0
387030	0
387130	0
387230	0
387330	0
387430	0
387530	0
387630	0
387730	0
387830	0
387930	0
388030	0
388130	0
388230	0
388330	0
388430	0
388530	0
388630	0
388730	0
388830	0
388930	0
389030	0
389130	0
389230	0
389330	0
389430	0
389530	0
389630	0
389730	0
389830	0
389930	0
390030	0
390130	0
390230	0
390330	0
390430	0
390530	0
390630	0
390730	0
390830	0
390930	0
391030	0
391130	0
391230	0
391330	0
391430	0
391530	0
391630	0
391730	0
391830	0
391930	0
392030	0
392130	0
392230	0
392330	0
392430	0
392530	0
392630	0
392730	0
392830	0
392930	0
393030	0
393130	0
393230	0
393330	0
393430	0
393530	0
393630	0
393730	0
393830	0
393930	0
394030	0
394130	0
394230	0
394330	0
394430	0
394530	0
394630	0
394730	0
394830	0
394930	0
395030	0
395130	0
395230	0
395330	0
395430	0
395530	0
395630	0
395730	0
395830	0
395930	0
396030	0
396130	0
396230	0
396330	0
396430	0
396530	0
396630	0
396730	0
396830	0
396930	0
397030	0
397130	0
397230	0
397330	0
397430	0
397530	0
397630	0
397730	0
397830	0
397930	0
398030	0
398130	0
398230	0
398330	0
398430	0
398530	0
398630	0
398730	0
398830	0
398930	0
399030	0
399130	0
399230	0
399330	0
399430	0
399530	0
399630	0
399730	0
399830	0
399930	0
400030	0
400130	0
400230	0
400330	0
400430	0
400530	0
400630	0
400730	0
400830	0
400930	0
401030	0
401130	0
401230	0
401330	0
401430	0
401530	0
401630	0
401730	0
401830	0
401930	0
402030	0
402130	0
402230	0
402330	0
402430	0
402530	0
402630	0
402730	0
402830	0
402930	0
403030	0
403130	0
403230	0
403330	0
403430	0
403530	0
403630	0
403730	0
403830	0
403930	0
404030	0
404130	0
404230	0
404330	0
404430	0
404530	0
404630	0
404730	0
404830	0
404930	0
405030	0
405130	0
405230	0
405330	0
405430	0
405530	0
405630	0
405730	0
405830	0
405930	0
406030	0
406130	0
406230	0
406330	0
406430	0
406530	0
406630	0
406730	0
406830	0
406930	0
407030	0
407130	0
407230	0
407330	0
407430	0
407530	0
407630	0
407730	0
407830	0
407930	0
408030	0
408130	0
408230	0
408330	0
408430	0
408530	0
408630	0
408730	0
408830	0
408930	0
409030	0
409130	0
409230	0
409330	0
409430	0
409530	0
409630	0
409730	0
409830	0
409930	0
410030	0
410130	0
410230	0
410330	0
410430	0
410530	0
410630	0
410730	0
410830	0
410930	0
411030	0
411130	0
411230	0
411330	0
411430	0
411530	0
411630	0
411730	0
411830	0
411930	0
412030	0
412130	0
412230	0
412330	0
412430	0
412530	0
412630	0
412730	0
412830	0
412930	0
413030	0
413130	0
413230	0
413330	0
413430	0
413530	0
413630	0
413730	0
413830	0
413930	0
414030	0
414130	0
414230	0
414330	0
414430	0
414530	0
414630	0
414730	0
414830	0
414930	0
415030	0
415130	0
415230	0
415330	0
415430	0
415530	0
415630	0
415730	0
415830	0
415930	0
416030	0
416130	0
416230	0
416330	0
416430	0
416530	0
416630	0
416730	0
416830	0
416930	0
417030	0
417130	0
417230	0
417330	0
417430	0
417530	0
417630	0
417730	0
417830	0
417930	0
418030	0
418130	0
418230	0
418330	0
418430	0
418530	0
418630	0
418730	0
418830	0
418930	0
419030	0
419130	0
419230	0
419330	0
419430	0
419530	0
419630	0
419730	0
419830	0
419930	0
420030	0
420130	0
420230	0
420330	0
420430	0
420530	0
420630	0
420730	0
420830	0
420930	0
421030	0
421130	0
421230	0
421330	0
421430	0
421530	0
421630	0
421730	0
421830	0
421930	0
422030	0
422130	0
422230	0
422330	0
422430	0
422530	0
422630	0
422730	0
422830	0
422930	0
423030	0
423130	0
423230	0
423330	0
423430	0
423530	0
423630	0
423730	0
423830	0
423930	0
424030	0
424130	0
424230	0
424330	0
424430	0
424530	0
424630	0
424730	0
424830	0
424930	0
425030	0
425130	0
425230	0
425330	0
425430	0
425530	0
425630	0
425730	0
425830	0
425930	0
426030	0
426130	0
426230	0
426330	0
426430	0
426530	0
426630	0
426730	0
426830	0
426930	0
427030	0
427130	0
427230	0
427330	0
427430	0
427530	0
427630	0
427730	0
427830	0
427930	0
428030	0
428130	0
428230	0
428330	0
428430	0
428530	0
428630	0
428730	0
428830	0
428930	0
429030	0
429130	0
429230	0
429330	0
429430	0
429530	0
429630	0
429730	0
429830	0
429930	0
430030	0
430130	0
430230	0
430330	0
430430	0
430530	0
430630	0
430730	0
430830	0
430930	0
431030	0
431130	0
431230	0
431330	0
431430	0
431530	0
431630	0
431730	0
431830	0
431930	0
432030	0
432130	0
432230	0
432330	0
432430	0
432530	0
432630	0
432730	0
432830	0
432930	0
433030	0
433130	0
433230	0
433330	0
433430	0
433530	0
433630	0
433730	0
433830	0
433930	0
434030	0
434130	0
434230	0
434330	0
434430	0
434530	0
434630	0
434730	0
434830	0
434930	0
435030	0
435130	0
435230	0
435330	0
435430	0
435530	0
435630	0
435730	0
435830	0
435930	0
436030	0
436130	0
436230	0
436330	0
436430	0
436530	0
436630	0
436730	0
436830	0
436930	0
437030	0
437130	0
437230	0
437330	0
437430	0
437530	0
437630	0
437730	0
437830	0
437930	0
438030	0
438130	0
438230	0
438330	0
438430	0
438530	0
438630	0
438730	0
438830	0
438930	0
439030	0
439130	0
439230	0
439330	0
439430	0
439530	0
439630	0
439730	0
439830	0
439930	0
440030	0
440130	0
440230	0
440330	0
440430	0
440530	0
440630	0
440730	0
440830	0
440930	0
441030	0
441130	0
441230	0
441330	0
441430	0
441530	0
441630	0
441730	0
441830	0
441930	0
442030	0
442130	0
442230	0
442330	0
442430	0
442530	0
442630	0
442730	0
442830	0
442930	0
443030	0
443130	0
443230	0
443330	0
443430	0
443530	0
443630	0
443730	0
443830	0
443930	0
444030	0
444130	0
444230	0
444330	0
444430	0
444530	0
444630	0
444730	0
444830	0
444930	0
445030	0
445130	0
445230	0
445330	0
445430	0
445530	0
445630	0
445730	0
445830	0
445930	0
446030	0
446130	0
446230	0
446330	0
446430	0
446530	0
446630	0
446730	0
446830	0
446930	0
447030	0
447130	0
447230	0
447330	0
447430	0
447530	0
447630	0
447730	0
447830	0
447930	0
448030	0
448130	0
448230	0
448330	0
448430	0
448530	0
448630	0
448730	0
448830	0
448930	0
449030	0
449130	0
449230	0
449330	0
449430	0
449530	0
449630	0
449730	0
449830	0
449930	0
450030	0
450130	0
450230	0
450330	0
450430	0
450530	0
450630	0
450730	0
450830	0
450930	0
451030	0
451130	0
451230	0
451330	0
451430	0
451530	0
451630	0
451730	0
451830	0
451930	0
452030	0
452130	0
452230	0
452330	0
452430	0
452530	0
452630	0
452730	0
452830	0
452930	0
453030	0
453130	0
453230	0
453330	0
453430	0
453530	0
453630	0
453730	0
453830	0
453930	0
454030	0
454130	0
454230	0
454330	0
454430	0
454530	0
454630	0
454730	0
454830	0
454930	0
455030	0
455130	0
455230	0
455330	0
455430	0
455530	0
455630	0
455730	0
455830	0
455930	0
456030	0
456130	0
456230	0
456330	0
456430	0
456530	0
456630	0
456730	0
456830	0
456930	0
457030	0
457130	0
457230	0
457330	0
457430	0
457530	0
457630	0
457730	0
457830	0
457930	0
458030	0
458130	0
458230	0
458330	0
458430	0
458530	0
458630	0
458730	0
458830	0
458930	0
459030	0
459130	0
459230	0
459330	0
459430	0
459530	0
459630	0
459730	0
459830	0
459930	0
460030	0
460130	0
460230	0
460330	0
460430	0
460530	0
460630	0
460730	0
460830	0
460930	0
461030	0
461130	0
461230	0
461330	0
461430	0
461530	0
461630	0
461730	0
461830	0
461930	0
462030	0
462130	0
462230	0
462330	0
462430	0
462530	0
462630	0
462730	0
462830	0
462930	0
463030	0
463130	0
463230	0
463330	0
463430	0
463530	0
463630	0
463730	0
463830	0
463930	0
464030	0
464130	0
464230	0
464330	0
464430	0
464530	0
464630	0
464730	0
464830	0
464930	0
465030	0
465130	0
465230	0
465330	0
465430	0
465530	0
465630	0
465730	0
465830	0
465930	0
466030	0
466130	0
466230	0
466330	0
466430	0
466530	0
466630	0
466730	0
466830	0
466930	0
467030	0
467130	0
467230	0
467330	0
467430	0
467530	0
467630	0
467730	0
467830	0
467930	0
468030	0
468130	0
468230	0
468330	0
468430	0
468530	0
468630	0
468730	0
468830	0
468930	0
469030	0
469130	0
469230	0
469330	0
469430	0
469530	0
469630	0
469730	0
469830	0
469930	0
470030	0
470130	0
470230	0
470330	0
470430	0
470530	0
470630	0
470730	0
470830	0
470930	0
471030	0
471130	0
471230	0
471330	0
471430	0
471530	0
471630	0
471730	0
471830	0
471930	0
472030	0
472130	0
472230	0
472330	0
472430	0
472530	0
472630	0
472730	0
472830	0
472930	0
473030	0
473130	0
473230	0
473330	0
473430	0
473530	0
473630	0
473730	0
473830	0
473930	0
474030	0
474130	0
474230	0
474330	0
474430	0
474530	0
474630	0
474730	0
474830	0
474930	0
475030	0
475130	0
475230	0
475330	0
475430	0
475530	0
475630	0
475730	0
475830	0
475930	0
476030	0
476130	0
476230	0
476330	0
476430	0
476530	0
476630	0
476730	0
476830	0
476930	0
477030	0
477130	0
477230	0
477330	0
477430	0
477530	0
477630	0
477730	0
477830	0
477930	0
478030	0
478130	0
478230	0
478330	9.88131e-324
478430	4.10074e-322
478530	1.91055e-320
478630	8.78701e-319
478730	4.00098e-317
478830	1.80363e-315
478930	8.04985e-314
479030	3.557e-312
479130	1.5561e-310
479230	6.73982e-309
479330	2.89012e-307
479430	1.22699e-305
479530	5.1573e-304
479630	2.14616e-302
479730	8.84214e-301
479830	3.6067e-299
479930	1.45653e-297
480030	5.82354e-296
480130	2.30521e-294
480230	9.03425e-293
480330	3.50534e-291
480430	1.34656e-289
480530	5.12127e-288
480630	1.92836e-286
480730	7.18875e-285
480830	2.65324e-283
480930	9.69522e-282
481030	3.50748e-280
481130	1.25629e-278
481230	4.45494e-277
481330	1.56405e-275
481430	5.43646e-274
481530	1.87085e-272
481630	6.3741e-271
481730	2.15009e-269
481830	7.18042e-268
481930	2.37411e-266
482030	7.77157e-265
482130	2.51869e-263
482230	8.08158e-262
482330	2.56729e-260
482430	8.07443e-259
482530	2.51423e-257
482630	7.75096e-256
482730	2.36572e-254
482830	7.14871e-253
482930	2.1387e-251
483030	6.33473e-250
483130	1.85765e-248
483230	5.39332e-247
483330	1.55027e-245
483430	4.41177e-244
483530	1.24302e-242
483630	3.46735e-241
483730	9.57583e-240
483830	2.61825e-238
483930	7.08767e-237
484030	1.89956e-235
484130	5.04033e-234
484230	1.3241e-232
484330	3.44384e-231
484430	8.86789e-230
484530	2.26076e-228
484630	5.70619e-227
484730	1.42592e-225
484830	3.52777e-224
484930	8.64098e-223
485030	2.09548e-221
485130	5.03106e-220
485230	1.1959e-218
485330	2.81439e-217
485430	6.55741e-216
485530	1.51265e-214
485630	3.45462e-213
485730	7.81122e-212
485830	1.74862e-210
485930	3.87551e-209
486030	8.50391e-208
486130	1.84742e-206
486230	3.97347e-205
486330	8.4612e-204
486430	1.78382e-202
486530	3.72328e-201
486630	7.69412e-200
486730	1.57416e-198
486830	3.18856e-197
486930	6.39439e-196
487030	1.26958e-194
487130	2.49562e-193
487230	4.85683e-192
487330	9.35804e-191
487430	1.78515e-189
487530	3.37148e-188
487630	6.3041e-187
487730	1.16703e-185
487830	2.13895e-184
487930	3.88128e-183
488030	6.97279e-182
488130	1.24021e-180
488230	2.18394e-179
488330	3.80753e-178
488430	6.57208e-177
488530	1.1231e-175
488630	1.90017e-174
488730	3.18291e-173
488830	5.27852e-172
488930	8.66676e-171
489030	1.40883e-169
489130	2.26735e-168
489230	3.61272e-167
489330	5.69911e-166
489430	8.90097e-165
489530	1.37634e-163
489630	2.10702e-162
489730	3.19352e-161
489830	4.79213e-160
489930	7.11941e-159
490030	1.04717e-157
490130	1.52492e-156
490230	2.19853e-155
490330	3.13817e-154
490430	4.43483e-153
490530	6.20491e-152
490630	8.59508e-151
490730	1.17875e-149
490830	1.60048e-148
490930	2.15148e-147
491030	2.86339e-146
491130	3.77294e-145
491230	4.92195e-144
491330	6.35699e-143
491430	8.12873e-142
491530	1.02909e-140
491630	1.28984e-139
491730	1.60059e-138
491830	1.96643e-137
491930	2.39186e-136
492030	2.88037e-135
492130	3.43415e-134
492230	4.05366e-133
492330	4.73731e-132
492430	5.48118e-131
492530	6.27875e-130
492630	7.1208e-129
492730	7.99543e-128
492830	8.88816e-127
492930	9.78226e-126
493030	1.06592e-124
493130	1.14991e-123
493230	1.22818e-122
493330	1.29873e-121
493430	1.35966e-120
493530	1.40929e-119
493630	1.44619e-118
493730	1.4693e-117
493830	1.47792e-116
493930	1.4718e-115
494030	1.45112e-114
494130	1.41649e-113
494230	1.36894e-112
494330	1.30981e-111
494430	1.24077e-110
494530	1.16368e-109
494630	1.08051e-108
494730	9.93308e-108
494830	9.04055e-107
494930	8.14635e-106
495030	7.26756e-105
495130	6.41905e-104
495230	5.6132e-103
495330	4.85967e-102
495430	4.16543e-101
495530	3.53485e-100
495630	2.96988e-99
495730	2.47038e-98
495830	2.03444e-97
495930	1.65876e-96
496030	1.339e-95
496130	1.07012e-94
496230	8.46725e-94
496330	6.63299e-93
496430	5.14438e-92
496530	3.95016e-91
496630	3.00298e-90
496730	2.2602e-89
496830	1.68422e-88
496930	1.24254e-87
497030	9.07561e-87
497130	6.56295e-86
497230	4.69872e-85
497330	3.33056e-84
497430	2.33729e-83
497530	1.62392e-82
497630	1.11705e-81
497730	7.60743e-81
497830	5.12933e-80
497930	3.42406e-79
498030	2.26296e-78
498130	1.48072e-77
498230	9.5923e-77
498330	6.15221e-76
498430	3.90657e-75
498530	2.45594e-74
498630	1.52861e-73
498730	9.41963e-73
498830	5.74682e-72
498930	3.47118e-71
499030	2.0758e-70
499130	1.22899e-69
499230	7.20396e-69
499330	4.18071e-68
499430	2.40207e-67
499530	1.3664e-66
499630	7.69535e-66
499730	4.29077e-65
499830	2.36864e-64
499930	1.29455e-63
500030	7.00484e-63
500130	3.75261e-62
500230	1.99033e-61
500330	1.04514e-60
500430	5.43352e-60
500530	2.79669e-59
500630	1.42516e-58
500730	7.19022e-58
500830	3.59151e-57
500930	1.7761e-56
501030	8.69594e-56
501130	4.21524e-55
501230	2.02295e-54
501330	9.6118e-54
501430	4.52149e-53
501530	2.10579e-52
501630	9.70971e-52
501730	4.43256e-51
501830	2.00336e-50
501930	8.96441e-50
502030	3.97137e-49
502130	1.74187e-48
502230	7.56398e-48
502330	3.25192e-47
502430	1.38416e-46
502530	5.833e-46
502630	2.43363e-45
502730	1.00525e-44
502830	4.111e-44
502930	1.66449e-43
503030	6.67222e-43
503130	2.64799e-42
503230	1.04045e-41
503330	4.04745e-41
503430	1.55883e-40
503530	5.94394e-40
503630	2.24392e-39
503730	8.38679e-39
503830	3.10343e-38
503930	1.13696e-37
504030	4.12387e-37
504130	1.48089e-36
504230	5.26498e-36
504330	1.85323e-35
504430	6.45828e-35
504530	2.22824e-34
504630	7.61141e-34
504730	2.5741e-33
504830	8.61869e-33
504930	2.85703e-32
505030	9.37661e-32
505130	3.04673e-31
505230	9.80119e-31
505330	3.12162e-30
505430	9.84328e-30
505530	3.07295e-29
505630	9.49793e-29
505730	2.90642e-28
505830	8.80534e-28
505930	2.64113e-27
506030	7.84318e-27
506130	2.30595e-26
506230	6.71221e-26
506330	1.93436e-25
506430	5.5191e-25
506530	1.55903e-24
506630	4.36012e-24
506730	1.20725e-23
506830	3.30946e-23
506930	8.98197e-23
507030	2.41348e-22
507130	6.42055e-22
507230	1.69106e-21
507330	4.40962e-21
507430	1.13842e-20
507530	2.90977e-20
507630	7.36331e-20
507730	1.84478e-19
507830	4.57586e-19
507930	1.12372e-18
508030	2.73213e-18
508130	6.57658e-18
508230	1.56732e-17
508330	3.69803e-17
508430	8.63855e-17
508530	1.99788e-16
508630	4.5746e-16
508730	1.03704e-15
508830	2.32752e-15
508930	5.1719e-15
509030	1.13779e-14
509130	2.47818e-14
509230	5.34393e-14
509330	1.14089e-13
509430	2.41149e-13
509530	5.04643e-13
509630	1.04554e-12
509730	2.14463e-12
509830	4.35533e-12
509930	8.75685e-12
510030	1.74314e-11
510130	3.43536e-11
510230	6.70301e-11
510330	1.29486e-10
510430	2.47649e-10
510530	4.68927e-10
510630	8.79085e-10
510730	1.6316e-09
510830	2.99815e-09
510930	5.45445e-09
511030	9.82438e-09
511130	1.75193e-08
511230	3.09303e-08
511330	5.40642e-08
511430	9.35604e-08
511530	1.60299e-07
511630	2.71912e-07
511730	4.56648e-07
511830	7.59263e-07
511930	1.24986e-06
512030	2.03697e-06
512130	3.28675e-06
512230	5.25055e-06
512330	8.30425e-06
512430	1.30033e-05
512530	2.01587e-05
512630	3.09407e-05
512730	4.7017e-05
512830	7.07352e-05
512930	0.00010536
513030	0.000155371
513130	0.000226841
513230	0.000327892
513330	0.000469242
513430	0.000664845
513530	0.000932612
513630	0.00129521
513730	0.00178087
513830	0.00242429
513930	0.00326733
514030	0.00435973
514130	0.00575946
514230	0.0075329
514330	0.00975436
514430	0.0125053
514530	0.0158725
514630	0.0199458
514730	0.0248152
514830	0.0305661
514930	0.0372751
515030	0.0450044
515130	0.0537958
515230	0.0636647
515330	0.0745944
515430	0.0865308
515530	0.0993785
515630	0.112998
515730	0.127206
515830	0.141775
515930	0.156441
516030	0.170906
516130	0.18485
516230	0.197943
516330	0.209855
516430	0.220269
516530	0.2289
516630	0.235503
516730	0.239884
516830	0.241916
516930	0.241538
517030	0.238761
517130	0.233667
517230	0.226407
517330	0.217189
517430	0.206273
517530	0.193957
517630	0.180562
517730	0.166419
517830	0.151858
517930	0.137192
518030	0.122709
518130	0.108663
518230	0.095267
518330	0.0826917
518430	0.0710621
518530	0.0604604
518630	0.0509286
518730	0.0424726
518830	0.0350682
518930	0.0286665
519030	0.0232003
519130	0.0185895
519230	0.0147469
519330	0.0115822
519430	0.00900612
519530	0.00693333
519630	0.00528448
519730	0.00398768
519830	0.00297917
519930	0.00220357
520030	0.00161368
520130	0.00116994
520230	0.000839781
520330	0.000596796
520430	0.000419898
520530	0.000292495
520630	0.00020172
520730	0.000137733
520830	9.31072e-05
520930	6.2314e-05
521030	4.12901e-05
521130	2.70871e-05
521230	1.75928e-05
521330	1.13127e-05
521430	7.20202e-06
521530	4.53941e-06
521630	2.83271e-06
521730	1.75009e-06
521830	1.07047e-06
521930	6.48261e-07
522030	3.88669e-07
522130	2.3071e-07
522230	1.35585e-07
522330	7.88883e-08
522430	4.54434e-08
522530	2.59171e-08
522630	1.46339e-08
522730	8.18067e-09
522830	4.52768e-09
522930	2.48096e-09
523030	1.34592e-09
523130	7.22899e-10
523230	3.84408e-10
523330	2.02378e-10
523430	1.05486e-10
523530	5.44351e-11
523630	2.78114e-11
523730	1.40677e-11
523830	7.04498e-12
523930	3.49296e-12
524030	1.71461e-12
524130	8.33285e-13
524230	4.0094e-13
524330	1.90995e-13
524430	9.00784e-14
524530	4.20608e-14
524630	1.94442e-14
524730	8.89942e-15
524830	4.03264e-15
524930	1.80915e-15
525030	8.03556e-16
525130	3.53358e-16
525230	1.53841e-16
525330	6.63107e-17
525430	2.82979e-17
525530	1.19559e-17
525630	5.0011e-18
525730	2.07113e-18
525830	8.4919e-19
525930	3.44715e-19
526030	1.38539e-19
526130	5.51242e-20
526230	2.17154e-20
526330	8.46939e-21
526430	3.27034e-21
526530	1.25023e-21
526630	4.732e-22
526730	1.7732e-22
526830	6.57848e-23
526930	2.4163e-23
527030	8.78688e-24
527130	3.16355e-24
527230	1.12764e-24
527330	3.97947e-25
527430	1.39039e-25
527530	4.80956e-26
527630	1.64714e-26
527730	5.58486e-27
527830	1.87479e-27
527930	6.23087e-28
528030	2.05023e-28
528130	6.67902e-29
528230	2.15417e-29
528330	6.87867e-30
528430	2.17464e-30
528530	6.80652e-31
528630	2.10922e-31
528730	6.47104e-32
528830	1.96555e-32
528930	5.91086e-33
529030	1.75985e-33
529130	5.18748e-34
529230	1.51389e-34
529330	4.37411e-35
529430	1.25124e-35
529530	3.54365e-36
529630	9.93613e-37
529730	2.7583e-37
529830	7.58091e-38
529930	2.06281e-38
530030	5.55717e-39
530130	1.48219e-39
530230	3.91394e-40
530330	1.02324e-40
530430	2.64851e-41
530530	6.78707e-42
530630	1.72194e-42
530730	4.32527e-43
530830	1.07563e-43
530930	2.64833e-44
531030	6.45561e-45
531130	1.55797e-45
531230	3.72254e-46
531330	8.80593e-47
531430	2.06238e-47
531530	4.7821e-48
531630	1.09781e-48
531730	2.49512e-49
531830	5.61452e-50
531930	1.25081e-50
532030	2.75884e-51
532130	6.02448e-52
532230	1.30248e-52
532330	2.7879e-53
532430	5.908e-54
532530	1.23954e-54
532630	2.57478e-55
532730	5.2951e-56
532830	1.07812e-56
532930	2.17328e-57
533030	4.33733e-58
533130	8.57009e-59
533230	1.67651e-59
533330	3.24701e-60
533430	6.22612e-61
533530	1.18198e-61
533630	2.22156e-62
533730	4.13393e-63
533830	7.61599e-64
533930	1.38914e-64
534030	2.50855e-65
534130	4.48494e-66
534230	7.93867e-67
534330	1.39122e-67
534430	2.4138e-68
534530	4.14632e-69
534630	7.0515e-70
534730	1.18729e-70
534830	1.97921e-71
534930	3.26649e-72
535030	5.33739e-73
535130	8.63442e-74
535230	1.38291e-74
535330	2.19287e-75
535430	3.44262e-76
535530	5.35083e-77
535630	8.23401e-78
535730	1.25446e-78
535830	1.89218e-79
535930	2.82568e-80
536030	4.17773e-81
536130	6.11527e-82
536230	8.86232e-83
536330	1.27156e-83
536430	1.80627e-84
536530	2.5403e-85
536630	3.53709e-86
536730	4.876e-87
536830	6.65484e-88
536930	8.99227e-89
537030	1.20298e-89
537130	1.59332e-90
537230	2.08932e-91
537330	2.71247e-92
537430	3.48644e-93
537530	4.43666e-94
537630	5.58968e-95
537730	6.97227e-96
537830	8.61032e-97
537930	1.05274e-97
538030	1.27433e-98
538130	1.5272e-99
538230	1.81205e-100
538330	2.12863e-101
538430	2.47564e-102
538530	2.85057e-103
538630	3.24962e-104
538730	3.66768e-105
538830	4.09832e-106
538930	4.53397e-107
539030	4.96602e-108
539130	5.38512e-109
539230	5.78148e-110
539330	6.14525e-111
539430	6.46692e-112
539530	6.73771e-113
539630	6.94999e-114
539730	7.09762e-115
539830	7.17627e-116
539930	7.1836e-117
540030	7.11938e-118
540130	6.98553e-119
540230	6.786e-120
540330	6.52657e-121
540430	6.2146e-122
540530	5.85866e-123
540630	5.46816e-124
540730	5.0529e-125
540830	4.62271e-126
540930	4.18707e-127
541030	3.75475e-128
541130	3.33357e-129
541230	2.93018e-130
541330	2.54997e-131
541430	2.19702e-132
541530	1.87409e-133
541630	1.58272e-134
541730	1.32335e-135
541830	1.09547e-136
541930	8.97811e-138
542030	7.28494e-139
542130	5.85227e-140
542230	4.65457e-141
542330	3.66515e-142
542430	2.85734e-143
542530	2.2054e-144
542630	1.68528e-145
542730	1.27501e-146
542830	9.55014e-148
542930	7.08214e-149
543030	5.19968e-150
543130	3.77959e-151
543230	2.72001e-152
543330	1.938e-153
543430	1.36708e-154
543530	9.54753e-156
543630	6.60154e-157
543730	4.51915e-158
543830	3.06284e-159
543930	2.05518e-160
544030	1.36531e-161
544130	8.9799e-163
544230	5.84747e-164
544330	3.76983e-165
544430	2.4062e-166
544530	1.52055e-167
544630	9.51315e-169
544730	5.89259e-170
544830	3.61364e-171
544930	2.19402e-172
545030	1.31884e-173
545130	7.8488e-175
545230	4.62456e-176
545330	2.6977e-177
545430	1.55803e-178
545530	8.90869e-180
545630	5.04323e-181
545730	2.82658e-182
545830	1.56845e-183
545930	8.61662e-185
546030	4.68663e-186
546130	2.52372e-187
546230	1.34548e-188
546330	7.10187e-190
546430	3.71129e-191
546530	1.92014e-192
546630	9.83556e-194
546730	4.98795e-195
546830	2.50439e-196
546930	1.24491e-197
547030	6.12678e-199
547130	2.98527e-200
547230	1.4401e-201
547330	6.87792e-203
547430	3.25221e-204
547530	1.5225e-205
547630	7.05659e-207
547730	3.23808e-208
547830	1.47109e-209
547930	6.61677e-211
548030	2.94653e-212
548130	1.29907e-213
548230	5.67036e-215
548330	2.45045e-216
548430	1.04843e-217
548530	4.44108e-219
548630	1.8625e-220
548730	7.73321e-222
548830	3.17893e-223
548930	1.29377e-224
549030	5.21307e-226
549130	2.07963e-227
549230	8.21363e-229
549330	3.21175e-230
549430	1.24338e-231
549530	4.76568e-233
549630	1.80843e-234
549730	6.79418e-236
549830	2.52714e-237
549930	9.3063e-239
550030	3.39299e-240
550130	1.22474e-241
550230	4.37688e-243
550330	1.54861e-244
550430	5.4247e-246
550530	1.88134e-247
550630	6.45973e-249
550730	2.19594e-250
550830	7.39064e-252
550930	2.46264e-253
551030	8.12413e-255
551130	2.65345e-256
551230	8.58026e-258
551330	2.74693e-259
551430	8.70668e-261
551530	2.73221e-262
551630	8.48853e-264
551730	2.61101e-265
551830	7.95134e-267
551930	2.39734e-268
552030	7.15611e-270
552130	2.11486e-271
552230	6.18788e-273
552330	1.7925e-274
552430	5.14085e-276
552530	1.45971e-277
552630	4.10351e-279
552730	1.14209e-280
552830	3.14706e-282
552930	8.58549e-284
553030	2.3189e-285
553130	6.20093e-287
553230	1.64168e-288
553330	4.30305e-290
553430	1.11666e-291
553530	2.86896e-293
553630	7.29767e-295
553730	1.83781e-296
553830	4.58221e-298
553930	1.13111e-299
554030	2.76435e-301
554130	6.68865e-303
554230	1.60229e-304
554330	3.80014e-306
554430	8.92309e-308
554530	2.07438e-309
554630	4.7744e-311
554730	1.08794e-312
554830	2.45443e-314
554930	5.48216e-316
555030	1.2123e-317
555130	2.65417e-319
555230	5.75586e-321
555330	1.23516e-322
555430	0
555530	0
555630	0
555730	0
555830	0
555930	0
556030	0
556130	0
556230	0
556330	0
556430	0
556530	0
556630	0
556730	0
556830	0
556930	0
557030	0
557130	0
557230	0
557330	0
557430	0
557530	0
557630	0
557730	0
557830	0
557930	0
558030	0
558130	0
558230	0
558330	0
558430	0
558530	0
558630	0
558730	0
558830	0
558930	0
559030	0
559130	0
559230	0
559330	0
559430	0
559530	0
559630	0
559730	0
559830	0
559930	0
560030	0
560130	0
560230	0
560330	0
560430	0
560530	0
560630	0
560730	0
560830	0
560930	0
561030	0
561130	0
561230	0
561330	0
561430	0
561530	0
561630	0
561730	0
561830	0
561930	0
562030	0
562130	0
562230	0
562330	0
562430	0
562530	0
562630	0
562730	0
562830	0
562930	0
563030	0
563130	0
563230	0
563330	0
563430	0
563530	0
563630	0
563730	0
563830	0
563930	0
564030	0
564130	0
564230	0
564330	0
564430	0
564530	0
564630	0
564730	0
564830	0
564930	0
565030	0
565130	0
565230	0
565330	0
565430	0
565530	0
565630	0
565730	0
565830	0
565930	0
566030	0
566130	0
566230	0
566330	0
566430	0
566530	0
566630	0
566730	0
566830	0
566930	0
567030	0
567130	0
567230	0
567330	0
567430	0
567530	0
567630	0
567730	0
567830	0
567930	0
568030	0
568130	0
568230	0
568330	0
568430	0
568530	0
568630	0
568730	0
568830	0
568930	0
569030	0
569130	0
569230	0
569330	0
569430	0
569530	0
569630	0
569730	0
569830	0
569930	0
570030	0
570130	0
570230	0
570330	0
570430	0
570530	0
570630	0
570730	0
570830	0
570930	0
571030	0
571130	0
571230	0
571330	0
571430	0
571530	0
571630	0
571730	0
571830	0
571930	0
572030	0
572130	0
572230	0
572330	0
572430	0
572530	0
572630	0
572730	0
572830	0
572930	0
573030	0
573130	0
573230	0
573330	0
573430	0
573530	0
573630	0
573730	0
573830	0
573930	0
574030	0
574130	0
574230	0
574330	0
574430	0
574530	0
574630	0
574730	0
574830	0
574930	0
575030	0
575130	0
575230	0
575330	0
575430	0
575530	0
575630	0
575730	0
575830	0
575930	0
576030	0
576130	0
576230	0
576330	0
576430	0
576530	0
576630	0
576730	0
576830	0
576930	0
577030	0
577130	0
577230	0
577330	0
577430	0
577530	0
577630	0
577730	0
577830	0
577930	0
578030	0
578130	0
578230	0
578330	1.08694e-322
578430	4.96042e-321
578530	2.27552e-319
578630	1.03379e-317
578730	4.64992e-316
578830	2.07069e-314
578930	9.12939e-313
579030	3.98497e-311
579130	1.72213e-309
579230	7.36824e-308
579330	3.12118e-306
579430	1.30897e-304
579530	5.435e-303
579630	2.23422e-301
579730	9.09303e-300
579830	3.66394e-298
579930	1.46166e-296
580030	5.77298e-295
580130	2.25742e-293
580230	8.73936e-292
580330	3.34969e-290
580430	1.27112e-288
580530	4.77559e-287
580630	1.77633e-285
580730	6.5415e-284
580830	2.385e-282
580930	8.60906e-281
581030	3.07667e-279
581130	1.08858e-277
581230	3.8133e-276
581330	1.3225e-274
581430	4.54098e-273
581530	1.54369e-271
581630	5.1955e-270
581730	1.73122e-268
581830	5.71127e-267
581930	1.86539e-265
582030	6.03207e-264
582130	1.93116e-262
582230	6.12108e-261
582330	1.92085e-259
582430	5.96785e-258
582530	1.83569e-256
582630	5.59031e-255
582730	1.68551e-253
582830	5.03133e-252
582930	1.48693e-250
583030	4.35068e-249
583130	1.26032e-247
583230	3.6146e-246
583330	1.02635e-244
583430	2.8853e-243
583530	8.0305e-242
583630	2.21284e-240
583730	6.03693e-239
583830	1.63057e-237
583930	4.36031e-236
584030	1.15439e-234
584130	3.02585e-233
584230	7.85232e-232
584330	2.01746e-230
584430	5.13181e-229
584530	1.29238e-227
584630	3.22233e-226
584730	7.95438e-225
584830	1.94401e-223
584930	4.7038e-222
585030	1.12682e-220
585130	2.67252e-219
585230	6.2754e-218
585330	1.45888e-216
585430	3.3578e-215
585530	7.65151e-214
585630	1.72622e-212
585730	3.85569e-211
585830	8.5264e-210
585930	1.86675e-208
586030	4.04635e-207
586130	8.68357e-206
586230	1.84497e-204
586330	3.88096e-203
586430	8.08248e-202
586530	1.66651e-200
586630	3.40194e-199
586730	6.8755e-198
586830	1.37575e-196
586930	2.72539e-195
587030	5.34536e-194
587130	1.03796e-192
587230	1.99547e-191
587330	3.79808e-190
587430	7.15715e-189
587530	1.33528e-187
587630	2.4664e-186
587730	4.51036e-185
587830	8.16612e-184
587930	1.46379e-182
588030	2.59774e-181
588130	4.56427e-180
588230	7.93971e-179
588330	1.3674e-177
588430	2.33153e-176
588530	3.93591e-175
588630	6.57818e-174
588730	1.08849e-172
588830	1.7832e-171
588930	2.89222e-170
589030	4.6443e-169
589130	7.38357e-168
589230	1.16217e-166
589330	1.81105e-165
589430	2.79414e-164
589530	4.26798e-163
589630	6.45437e-162
589730	9.66367e-161
589830	1.43248e-159
589930	2.10228e-158
590030	3.05457e-157
590130	4.39407e-156
590230	6.25808e-155
590330	8.82413e-154
590430	1.23186e-152
590530	1.70257e-151
590630	2.32974e-150
590730	3.15621e-149
590830	4.23333e-148
590930	5.62154e-147
591030	7.3907e-146
591130	9.61995e-145
591230	1.2397e-143
591330	1.58168e-142
591430	1.99792e-141
591530	2.49858e-140
591630	3.09361e-139
591730	3.79223e-138
591830	4.60237e-137
591930	5.53001e-136
592030	6.57849e-135
592130	7.7479e-134
592230	9.0344e-133
592330	1.04297e-131
592430	1.19207e-130
592530	1.34892e-129
592630	1.51123e-128
592730	1.67622e-127
592830	1.84072e-126
592930	2.00125e-125
593030	2.15413e-124
593130	2.29563e-123
593230	2.42207e-122
593330	2.53005e-121
593430	2.61655e-120
593530	2.67908e-119
593630	2.71581e-118
593730	2.72565e-117
593830	2.70831e-116
593930	2.6643e-115
594030	2.59492e-114
594130	2.50221e-113
594230	2.3888e-112
594330	2.25784e-111
594430	2.11282e-110
594530	1.95745e-109
594630	1.79545e-108
594730	1.63048e-107
594830	1.46593e-106
594930	1.30488e-105
595030	1.14996e-104
595130	1.00335e-103
595230	8.66719e-103
595330	7.41245e-102
595430	6.27628e-101
595530	5.26139e-100
595630	4.36672e-99
595730	3.58812e-98
595830	2.91901e-97
595930	2.35105e-96
596030	1.87476e-95
596130	1.48008e-94
596230	1.15686e-93
596330	8.95234e-93
596430	6.85879e-92
596530	5.20255e-91
596630	3.90698e-90
596730	2.90485e-89
596830	2.13827e-88
596930	1.55833e-87
597030	1.12438e-86
597130	8.03201e-86
597230	5.68057e-85
597330	3.97756e-84
597430	2.75739e-83
597530	1.89251e-82
597630	1.28598e-81
597730	8.6514e-81
597830	5.7623e-80
597930	3.79982e-79
598030	2.48078e-78
598130	1.6035e-77
598230	1.02614e-76
598330	6.50133e-76
598430	4.07807e-75
598530	2.53258e-74
598630	1.55715e-73
598730	9.47881e-73
598830	5.71261e-72
598930	3.40857e-71
599030	2.01357e-70
599130	1.17766e-69
599230	6.81911e-69
599330	3.90925e-68
599430	2.21879e-67
599530	1.2468e-66
599630	6.93639e-66
599730	3.82056e-65
599830	2.08343e-64
599930	1.12483e-63
600030	6.01246e-63
600130	3.18181e-62
600230	1.66707e-61
600330	8.64749e-61
600430	4.44103e-60
600530	2.25805e-59
600630	1.13669e-58
600730	5.66508e-58
600830	2.7953e-57
600930	1.36555e-56
601030	6.60454e-56
601130	3.16253e-55
601230	1.49929e-54
601330	7.03708e-54
601430	3.27006e-53
601530	1.50445e-52
601630	6.8526e-52
601730	3.09023e-51
601830	1.37969e-50
601930	6.09863e-50
602030	2.66894e-49
602130	1.15638e-48
602230	4.96046e-48
602330	2.10669e-47
602430	8.85798e-47
602530	3.68745e-46
602630	1.51976e-45
602730	6.20127e-45
602830	2.50521e-44
602930	1.00199e-43
603030	3.96771e-43
603130	1.55551e-42
603230	6.03761e-42
603330	2.32013e-41
603430	8.8271e-41
603530	3.32491e-40
603630	1.23994e-39
603730	4.578e-39
603830	1.67344e-38
603930	6.05619e-38
604030	2.16994e-37
604130	7.69753e-37
604230	2.70342e-36
604330	9.40009e-36
604430	3.23599e-35
604530	1.10291e-34
604630	3.7216e-34
604730	1.2433e-33
604830	4.11226e-33
604930	1.34661e-32
605030	4.36576e-32
605130	1.40131e-31
605230	4.45315e-31
605330	1.40106e-30
605430	4.36418e-30
605530	1.34588e-29
605630	4.10928e-29
605730	1.24218e-28
605830	3.71756e-28
605930	1.10151e-27
606030	3.2313e-27
606130	9.38477e-27
606230	2.69852e-26
606330	7.6822e-26
606430	2.16522e-25
606530	6.04194e-25
606630	1.6692e-24
606730	4.56557e-24
606830	1.23635e-23
606930	3.31469e-23
607030	8.79836e-23
607130	2.31216e-22
607230	6.01577e-22
607330	1.54961e-21
607430	3.95192e-21
607530	9.97822e-21
607630	2.49433e-20
607730	6.17324e-20
607830	1.51261e-19
607930	3.66945e-19
608030	8.81314e-19
608130	2.09564e-18
608230	4.93357e-18
608330	1.14991e-17
608430	2.6535e-17
608530	6.06226e-17
608630	1.37122e-16
608730	3.07069e-16
608830	6.80804e-16
608930	1.49439e-15
609030	3.24762e-15
609130	6.98751e-15
609230	1.48846e-14
609330	3.13912e-14
609430	6.55446e-14
609530	1.35495e-13
609630	2.7731e-13
609730	5.61907e-13
609830	1.12725e-12
609930	2.2389e-12
610030	4.40256e-12
610130	8.57104e-12
610230	1.65203e-11
610330	3.15254e-11
610430	5.95606e-11
610530	1.11408e-10
610630	2.06314e-10
610730	3.78267e-10
610830	6.86635e-10
610930	1.23399e-09
611030	2.19559e-09
611130	3.86767e-09
611230	6.74536e-09
611330	1.16471e-08
611430	1.99107e-08
611530	3.36987e-08
611630	5.64673e-08
611730	9.36781e-08
611830	1.53864e-07
611930	2.50202e-07
612030	4.02812e-07
612130	6.42054e-07
612230	1.01321e-06
612330	1.583e-06
612430	2.44862e-06
612530	3.74988e-06
612630	5.68554e-06
612730	8.5346e-06
612830	1.26839e-05
612930	1.86628e-05
613030	2.71869e-05
613130	3.92102e-05
613230	5.5988e-05
613330	7.91496e-05
613430	0.00011078
613530	0.000153507
613630	0.000210597
613730	0.000286045
613830	0.000384656
613930	0.000512116
614030	0.000675028
614130	0.00088091
614230	0.00113815
614330	0.00145587
614430	0.00184376
614530	0.00231176
614630	0.00286971
614730	0.00352687
614830	0.0042914
614930	0.0051697
615030	0.0061658
615130	0.00728064
615230	0.00851153
615330	0.0098515
615430	0.011289
615530	0.0128075
615630	0.0143856
615730	0.0159975
615830	0.0176129
615930	0.0191986
616030	0.0207187
616130	0.0221367
616230	0.0234165
616330	0.0245238
616430	0.0254278
616530	0.0261029
616630	0.0265293
616730	0.0266943
616830	0.0265931
616930	0.0262287
617030	0.0256119
617130	0.0247607
617230	0.0236996
617330	0.0224583
617430	0.0210703
617530	0.0195713
617630	0.0179981
617730	0.0163867
617830	0.0147711
617930	0.0131823
618030	0.0116473
618130	0.0101887
618230	0.00882404
618330	0.00756613
618430	0.00642299
618530	0.00539831
618630	0.00449195
618730	0.00370058
618830	0.00301829
618930	0.0024373
619030	0.00194857
619130	0.00154233
619230	0.00120864
619330	0.000937724
619430	0.000720293
619530	0.000547772
619630	0.000412428
619730	0.000307435
619830	0.00022689
619930	0.000165781
620030	0.000119925
620130	8.58903e-05
620230	6.09024e-05
620330	4.27545e-05
620430	2.97157e-05
620530	2.04479e-05
620630	1.39305e-05
620730	9.39599e-06
620830	6.27444e-06
620930	4.14825e-06
621030	2.71526e-06
621130	1.75961e-06
621230	1.12896e-06
621330	7.17125e-07
621430	4.50993e-07
621530	2.80803e-07
621630	1.73098e-07
621730	1.05642e-07
