756332	4.61954e-07
756432	7.57835e-07
756532	1.23086e-06
756632	1.97923e-06
756732	3.15097e-06
756832	4.96647e-06
756932	7.75013e-06
757032	1.19737e-05
757132	1.83148e-05
757232	2.77354e-05
757332	4.15838e-05
757432	6.17263e-05
757532	9.07138e-05
757632	0.000131988
757732	0.00019013
757832	0.00027116
757932	0.000382875
758032	0.000535237
758132	0.000740784
758232	0.00101507
758332	0.00137707
758432	0.00184957
758532	0.00245949
758632	0.003238
758732	0.0042205
758832	0.0054464
758932	0.00695843
759032	0.00880179
759132	0.0110227
759232	0.0136666
759332	0.0167761
759432	0.0203882
759532	0.0245314
759632	0.029223
759732	0.0344654
759832	0.0402439
759932	0.0465236
760032	0.053248
760132	0.0603381
760232	0.0676921
760332	0.0751868
760432	0.0826807
760532	0.0900172
760632	0.0970303
760732	0.10355
760832	0.10941
760932	0.114454
761032	0.118544
761132	0.121564
761232	0.12343
761332	0.124091
761432	0.123535
761532	0.121787
761632	0.118911
761732	0.115009
761832	0.110214
761932	0.104688
762032	0.098614
762132	0.0921945
762232	0.0856405
762332	0.0791682
762432	0.0729929
762532	0.0673247
762632	0.0623642
762732	0.0582999
762832	0.0553051
762932	0.0535361
763032	0.0531301
763132	0.0542033
763232	0.0568483
763332	0.0611318
763432	0.0670908
763532	0.0747291
763632	0.0840136
763732	0.0948698
763832	0.107179
763932	0.120777
764032	0.135448
764132	0.150935
764232	0.166931
764332	0.183096
764432	0.199058
764532	0.214426
764632	0.228805
764732	0.241805
764832	0.253064
764932	0.262255
765032	0.269106
765132	0.273409
765232	0.27503
765332	0.273919
765432	0.270103
765532	0.263695
765632	0.25488
765732	0.24391
765832	0.231091
765932	0.216767
766032	0.201309
766132	0.185093
766232	0.168491
766332	0.151851
766432	0.135493
766532	0.119695
766632	0.104686
766732	0.0906482
766832	0.0777118
766932	0.0659587
767032	0.0554261
767132	0.046112
767232	0.0379813
767332	0.030973
767432	0.0250066
767532	0.0199886
767632	0.0158185
767732	0.0123939
767832	0.00961405
767932	0.0073835
768032	0.00561403
768132	0.00422615
768232	0.00314972
768332	0.00232411
768432	0.00169784
768532	0.00122799
768632	0.000879326
768732	0.000623393
768832	0.000437554
768932	0.000304059
769032	0.00020919
769132	0.000142489
769232	9.60902e-05
769332	6.41555e-05
769432	4.24077e-05
769532	2.77532e-05
769632	1.79821e-05
769732	1.15351e-05
769832	7.32592e-06
769932	4.60637e-06
770032	2.86756e-06
770132	1.76735e-06
770232	1.07843e-06
770332	6.51504e-07
770432	3.89672e-07
770532	2.30748e-07
770632	1.3528e-07
770732	7.85213e-08
770832	4.5123e-08
770932	2.56723e-08
771032	1.44607e-08
771132	8.06439e-09
771232	4.45256e-09
771332	2.43392e-09
771432	1.31722e-09
771532	7.05778e-10
771632	3.74399e-10
771732	1.96634e-10
771832	1.02244e-10
771932	5.26354e-11
772032	2.6827e-11
772132	1.35371e-11
772232	6.76291e-12
772332	3.34503e-12
772432	1.63803e-12
772532	7.94152e-13
772632	3.81189e-13
772732	1.81149e-13
772832	8.52289e-14
772932	3.97004e-14
773032	1.83088e-14
773132	8.35956e-15
773232	3.77888e-15
773332	1.69122e-15
773432	7.49365e-16
773532	3.28734e-16
773632	1.42775e-16
773732	6.13928e-17
773832	2.6136e-17
773932	1.10159e-17
774032	4.59679e-18
774132	1.8991e-18
774232	7.7678e-19
774332	3.14561e-19
774432	1.26116e-19
774532	5.006e-20
774632	1.96729e-20
774732	7.65429e-21
774832	2.94847e-21
774932	1.12447e-21
775032	4.24574e-22
775132	1.58715e-22
775232	5.87406e-23
775332	2.15237e-23
775432	7.8082e-24
775532	2.80442e-24
775632	9.97222e-25
775732	3.51073e-25
775832	1.22366e-25
775932	4.22261e-26
776032	1.44264e-26
776132	4.87969e-27
776232	1.63412e-27
776332	5.41792e-28
776432	1.77843e-28
776532	5.77963e-29
776632	1.8596e-29
776732	5.92375e-30
776832	1.86823e-30
776932	5.83339e-31
777032	1.8033e-31
777132	5.51917e-32
777232	1.67238e-32
777332	5.01712e-33
777432	1.49015e-33
777532	4.38191e-34
777632	1.27571e-34
777732	3.67706e-35
777832	1.04931e-35
777932	2.9646e-36
778032	8.29248e-37
778132	2.29646e-37
778232	6.2964e-38
778332	1.70916e-38
778432	4.59334e-39
778532	1.22217e-39
778632	3.21953e-40
778732	8.39673e-41
778832	2.16813e-41
778932	5.54264e-42
779032	1.40283e-42
779132	3.51521e-43
779232	8.72076e-44
779332	2.14198e-44
779432	5.20873e-45
779532	1.25402e-45
779632	2.98908e-46
779732	7.05383e-47
779832	1.64805e-47
779932	3.81218e-48
780032	8.73037e-49
780132	1.97947e-49
780232	4.44347e-50
780332	9.87536e-51
780432	2.1729e-51
780532	4.73353e-52
780632	1.02091e-52
780732	2.17995e-53
780832	4.60852e-54
780932	9.64572e-55
781032	1.99878e-55
781132	4.10064e-56
781232	8.32906e-57
781332	1.67493e-57
781432	3.33469e-58
781532	6.5731e-59
781632	1.28275e-59
781732	2.4784e-60
781832	4.74088e-61
781932	8.97846e-62
782032	1.68346e-62
782132	3.12507e-63
782232	5.74348e-64
782332	1.04507e-64
782432	1.88267e-65
782532	3.35785e-66
782632	5.92931e-67
782732	1.03658e-67
782832	1.79416e-68
782932	3.0745e-69
783032	5.2161e-70
783132	8.76141e-71
783232	1.457e-71
783332	2.39884e-72
783432	3.91022e-73
783532	6.3104e-74
783632	1.00826e-74
783732	1.59493e-75
783832	2.49786e-76
783932	3.87305e-77
784032	5.94559e-78
784132	9.03636e-79
784232	1.35972e-79
784332	2.02564e-80
784432	2.98766e-81
784532	4.36273e-82
784632	6.30729e-83
784732	9.02784e-84
784832	1.27933e-84
784932	1.79489e-85
785032	2.49315e-86
785132	3.42861e-87
785232	4.66815e-88
785332	6.29257e-89
785432	8.39786e-90
785532	1.1096e-90
785632	1.45151e-91
785732	1.87989e-92
785832	2.41046e-93
785932	3.06003e-94
786032	3.846e-95
786132	4.78574e-96
786232	5.89584e-97
786332	7.19117e-98
786432	8.68381e-99
786532	1.03819e-99
786632	1.22886e-100
786732	1.44008e-101
786832	1.6708e-102
786932	1.9192e-103
787032	2.1826e-104
787132	2.45745e-105
787232	2.73938e-106
787332	3.02327e-107
787432	3.30338e-108
787532	3.57352e-109
787632	3.8273e-110
787732	4.05831e-111
787832	4.26044e-112
787932	4.42814e-113
788032	4.55665e-114
788132	4.64223e-115
788232	4.68235e-116
788332	4.67584e-117
788432	4.62287e-118
788532	4.52502e-119
788632	4.38517e-120
788732	4.20736e-121
788832	3.99659e-122
788932	3.75861e-123
789032	3.49963e-124
789132	3.22607e-125
789232	2.9443e-126
789332	2.6604e-127
789432	2.37996e-128
789532	2.1079e-129
789632	1.84836e-130
789732	1.60465e-131
789832	1.37921e-132
789932	1.17365e-133
790032	9.88789e-135
790132	8.24757e-136
790232	6.81091e-137
790332	5.56854e-138
790432	4.50748e-139
790532	3.6123e-140
790632	2.8661e-141
790732	2.25142e-142
790832	1.75096e-143
790932	1.3482e-144
791032	1.02776e-145
791132	7.75682e-147
791232	5.79607e-148
791332	4.28786e-149
791432	3.14054e-150
791532	2.27732e-151
791632	1.63494e-152
791732	1.16208e-153
791832	8.17766e-155
791932	5.69742e-156
792032	3.92993e-157
792132	2.68378e-158
792232	1.81454e-159
792332	1.21463e-160
792432	8.04969e-162
792532	5.28166e-163
792632	3.43098e-164
792732	2.2066e-165
792832	1.40503e-166
792932	8.8574e-168
793032	5.52819e-169
793132	3.41599e-170
793232	2.08981e-171
793332	1.26577e-172
793432	7.59032e-174
793532	4.50632e-175
793632	2.64875e-176
793732	1.5414e-177
793832	8.88075e-179
793932	5.0657e-180
794032	2.8608e-181
794132	1.59953e-182
794232	8.85426e-184
794332	4.85256e-185
794432	2.63297e-186
794532	1.41442e-187
794632	7.5226e-189
794732	3.96109e-190
794832	2.06499e-191
794932	1.06581e-192
795032	5.44624e-194
795132	2.75531e-195
795232	1.38008e-196
795332	6.84372e-198
795432	3.35999e-199
795532	1.63321e-200
795632	7.85961e-202
795732	3.74471e-203
795832	1.76641e-204
795932	8.24942e-206
796032	3.81427e-207
796132	1.74605e-208
796232	7.91333e-210
796332	3.55074e-211
796432	1.57738e-212
796532	6.93759e-214
796632	3.02092e-215
796732	1.30235e-216
796832	5.55868e-218
796932	2.34895e-219
797032	9.82725e-221
797132	4.0705e-222
797232	1.66925e-223
797332	6.77721e-225
797432	2.72419e-226
797532	1.08413e-227
797632	4.27153e-229
797732	1.66625e-230
797832	6.43512e-232
797932	2.46053e-233
798032	9.31447e-235
798132	3.49096e-236
798232	1.29535e-237
798332	4.7587e-239
798432	1.7308e-240
798532	6.23248e-242
798632	2.22194e-243
798732	7.84262e-245
798832	2.74061e-246
798932	9.48178e-248
799032	3.2478e-249
799132	1.1014e-250
799232	3.69795e-252
799332	1.22923e-253
799432	4.04539e-255
799532	1.31809e-256
799632	4.25194e-258
799732	1.35796e-259
799832	4.29381e-261
799932	1.34418e-262
800032	4.16607e-264
800132	1.27836e-265
800232	3.88364e-267
800332	1.1681e-268
800432	3.4784e-270
800532	1.0255e-271
800632	2.99328e-273
800732	8.65004e-275
800832	2.47483e-276
800932	7.01017e-278
801032	1.96594e-279
801132	5.45843e-281
801232	1.50045e-282
801332	4.08352e-284
801432	1.10028e-285
801532	2.93515e-287
801632	7.752e-289
801732	2.027e-290
801832	5.24749e-292
801932	1.34495e-293
802032	3.41286e-295
802132	8.57406e-297
802232	2.13261e-298
802332	5.25164e-300
802432	1.28037e-301
802532	3.09052e-303
802632	7.3856e-305
802732	1.74742e-306
802832	4.09321e-308
802932	9.4927e-310
803032	2.17957e-311
803132	4.95463e-313
803232	1.11508e-314
803332	2.48462e-316
803432	5.48114e-318
803532	1.19712e-319
803632	2.5889e-321
803732	5.43472e-323
803832	0
803932	0
804032	0
804132	0
804232	0
804332	0
804432	0
804532	0
804632	0
804732	0
804832	0
804932	0
805032	0
805132	0
805232	0
805332	0
805432	0
805532	0
805632	0
805732	0
805832	0
805932	0
806032	0
806132	0
806232	0
806332	0
806432	0
806532	0
806632	0
806732	0
806832	0
806932	0
807032	0
807132	0
807232	0
807332	0
807432	0
807532	0
807632	0
807732	0
807832	0
807932	0
808032	0
808132	0
808232	0
808332	0
808432	0
808532	0
808632	0
808732	0
808832	0
808932	0
809032	0
809132	0
809232	0
809332	0
809432	0
809532	0
809632	0
809732	0
809832	0
809932	0
810032	0
810132	0
810232	0
810332	0
810432	0
810532	0
810632	0
810732	0
810832	0
810932	0
811032	0
811132	0
811232	0
811332	0
811432	0
811532	0
811632	0
811732	0
811832	0
811932	0
812032	0
812132	0
812232	0
812332	0
812432	0
812532	0
812632	0
812732	0
812832	0
812932	0
813032	0
813132	0
813232	0
813332	0
813432	0
813532	0
813632	0
813732	0
813832	0
813932	0
814032	0
814132	0
814232	0
814332	0
814432	0
814532	0
814632	0
814732	0
814832	0
814932	0
815032	0
815132	0
815232	0
815332	0
815432	0
815532	0
815632	0
815732	0
815832	0
815932	0
816032	0
816132	0
816232	0
816332	0
816432	0
816532	0
816632	0
816732	0
816832	0
816932	0
817032	0
817132	0
817232	0
817332	0
817432	0
817532	0
817632	0
817732	0
817832	0
817932	0
818032	0
818132	0
818232	0
818332	0
818432	0
818532	0
818632	0
818732	0
818832	0
818932	0
819032	0
819132	0
819232	0
819332	0
819432	0
819532	0
819632	0
819732	0
819832	0
819932	0
820032	0
820132	0
820232	0
820332	0
820432	0
820532	0
820632	0
820732	0
820832	0
820932	0
821032	0
821132	0
821232	0
821332	0
821432	0
821532	0
821632	0
821732	0
821832	0
821932	0
822032	0
822132	0
822232	0
822332	0
822432	0
822532	0
822632	0
822732	0
822832	0
822932	0
823032	0
823132	0
823232	0
823332	0
823432	0
823532	0
823632	0
823732	0
823832	0
823932	0
824032	0
824132	0
824232	0
824332	0
824432	0
824532	0
824632	0
824732	0
824832	0
824932	0
825032	0
825132	0
825232	0
825332	0
825432	0
825532	0
825632	0
825732	0
825832	0
825932	0
826032	0
826132	0
826232	0
826332	0
826432	0
826532	0
826632	0
826732	0
826832	0
826932	0
827032	0
827132	0
827232	0
827332	0
827432	0
827532	0
827632	0
827732	0
827832	0
827932	0
828032	0
828132	0
828232	0
828332	0
828432	0
828532	0
828632	0
828732	0
828832	0
828932	0
829032	0
829132	0
829232	0
829332	0
829432	0
829532	0
829632	0
829732	0
829832	0
829932	0
830032	0
830132	0
830232	0
830332	0
830432	0
830532	0
830632	0
830732	0
830832	0
830932	0
831032	0
831132	0
831232	0
831332	0
831432	0
831532	0
831632	0
831732	0
831832	0
831932	0
832032	0
832132	0
832232	0
832332	0
832432	0
832532	0
832632	0
832732	0
832832	0
832932	0
833032	0
833132	0
833232	0
833332	0
833432	0
833532	0
833632	0
833732	0
833832	0
833932	0
834032	0
834132	0
834232	0
834332	0
834432	0
834532	0
834632	0
834732	0
834832	0
834932	0
835032	0
835132	0
835232	0
835332	0
835432	0
835532	0
835632	0
835732	0
835832	0
835932	0
836032	0
836132	0
836232	0
836332	0
836432	0
836532	0
836632	0
836732	0
836832	0
836932	0
837032	0
837132	0
837232	0
837332	0
837432	0
837532	0
837632	0
837732	0
837832	0
837932	0
838032	0
838132	0
838232	0
838332	0
838432	0
838532	0
838632	0
838732	0
838832	0
838932	0
839032	0
839132	0
839232	0
839332	0
839432	0
839532	0
839632	0
839732	0
839832	0
839932	0
840032	0
840132	0
840232	0
840332	0
840432	0
840532	0
840632	0
840732	0
840832	0
840932	0
841032	0
841132	0
841232	0
841332	0
841432	0
841532	0
841632	0
841732	0
841832	0
841932	0
842032	0
842132	0
842232	0
842332	0
842432	0
842532	0
842632	0
842732	0
842832	0
842932	0
843032	0
843132	0
843232	0
843332	0
843432	0
843532	0
843632	0
843732	0
843832	0
843932	0
844032	0
844132	0
844232	0
844332	0
844432	0
844532	0
844632	0
844732	0
844832	0
844932	0
845032	0
845132	0
845232	0
845332	0
845432	0
845532	0
845632	0
845732	0
845832	0
845932	0
846032	0
846132	0
846232	0
846332	0
846432	0
846532	0
846632	0
846732	0
846832	0
846932	0
847032	0
847132	0
847232	0
847332	0
847432	0
847532	0
847632	0
847732	0
847832	0
847932	0
848032	0
848132	0
848232	0
848332	0
848432	0
848532	0
848632	0
848732	0
848832	0
848932	0
849032	0
849132	0
849232	0
849332	0
849432	0
849532	0
849632	0
849732	0
849832	0
849932	0
850032	0
850132	0
850232	0
850332	0
850432	0
850532	0
850632	0
850732	0
850832	0
850932	0
851032	0
851132	0
851232	0
851332	0
851432	0
851532	0
851632	0
851732	0
851832	0
851932	0
852032	0
852132	0
852232	0
852332	0
852432	0
852532	0
852632	0
852732	0
852832	0
852932	0
853032	0
853132	0
853232	0
853332	0
853432	0
853532	0
853632	0
853732	0
853832	0
853932	0
854032	0
854132	0
854232	0
854332	0
854432	0
854532	0
854632	0
854732	0
854832	0
854932	0
855032	0
855132	0
855232	0
855332	0
855432	0
855532	0
855632	0
855732	0
855832	0
855932	0
856032	0
856132	0
856232	0
856332	0
856432	0
856532	0
856632	0
856732	0
856832	0
856932	0
857032	0
857132	0
857232	0
857332	0
857432	0
857532	0
857632	0
857732	0
857832	0
857932	0
858032	0
858132	0
858232	0
858332	0
858432	0
858532	0
858632	0
858732	0
858832	0
858932	0
859032	0
859132	0
859232	0
859332	0
859432	0
859532	0
859632	0
859732	0
859832	0
859932	0
860032	0
860132	0
860232	0
860332	0
860432	0
860532	0
860632	0
860732	0
860832	0
860932	0
861032	0
861132	0
861232	0
861332	0
861432	0
861532	0
861632	0
861732	0
861832	0
861932	0
862032	0
862132	0
862232	0
862332	0
862432	0
862532	0
862632	0
862732	0
862832	0
862932	0
863032	0
863132	0
863232	0
863332	0
863432	0
863532	0
863632	0
863732	0
863832	0
863932	0
864032	0
864132	0
864232	0
864332	0
864432	0
864532	0
864632	0
864732	0
864832	0
864932	0
865032	0
865132	0
865232	0
865332	0
865432	0
865532	0
865632	0
865732	0
865832	0
865932	0
866032	0
866132	0
866232	0
866332	0
866432	0
866532	0
866632	0
866732	0
866832	0
866932	0
867032	0
867132	0
867232	0
867332	0
867432	0
867532	0
867632	0
867732	0
867832	0
867932	0
868032	0
868132	0
868232	0
868332	0
868432	0
868532	0
868632	0
868732	0
868832	0
868932	0
869032	0
869132	0
869232	0
869332	0
869432	0
869532	0
869632	0
869732	0
869832	0
869932	0
870032	0
870132	0
870232	0
870332	0
870432	0
870532	0
870632	0
870732	0
870832	0
870932	0
871032	0
871132	0
871232	0
871332	0
871432	0
871532	0
871632	0
871732	0
871832	0
871932	0
872032	0
872132	0
872232	0
872332	0
872432	0
872532	0
872632	0
872732	0
872832	0
872932	0
873032	0
873132	0
873232	0
873332	0
873432	0
873532	0
873632	0
873732	0
873832	0
873932	0
874032	0
874132	0
874232	0
874332	0
874432	0
874532	0
874632	0
874732	0
874832	0
874932	0
875032	0
875132	0
875232	0
875332	0
875432	0
875532	0
875632	0
875732	0
875832	0
875932	0
876032	0
876132	0
876232	0
876332	0
876432	0
876532	0
876632	0
876732	0
876832	0
876932	0
877032	0
877132	0
877232	0
877332	0
877432	0
877532	0
877632	0
877732	0
877832	0
877932	0
878032	0
878132	0
878232	0
878332	0
878432	0
878532	0
878632	0
878732	0
878832	0
878932	0
879032	0
879132	0
879232	0
879332	0
879432	0
879532	0
879632	0
879732	0
879832	0
879932	0
880032	0
880132	0
880232	0
880332	0
880432	0
880532	0
880632	0
880732	0
880832	0
880932	0
881032	0
881132	0
881232	0
881332	0
881432	0
881532	0
881632	0
881732	0
881832	0
881932	0
882032	0
882132	0
882232	0
882332	0
882432	0
882532	0
882632	0
882732	0
882832	0
882932	0
883032	0
883132	0
883232	0
883332	0
883432	0
883532	0
883632	0
883732	0
883832	0
883932	0
884032	0
884132	0
884232	0
884332	0
884432	0
884532	0
884632	0
884732	0
884832	0
884932	0
885032	0
885132	0
885232	0
885332	0
885432	0
885532	0
885632	0
885732	0
885832	0
885932	0
886032	0
886132	0
886232	0
886332	0
886432	0
886532	0
886632	0
886732	0
886832	0
886932	0
887032	0
887132	0
887232	0
887332	0
887432	0
887532	0
887632	0
887732	0
887832	0
887932	0
888032	0
888132	0
888232	0
888332	0
888432	0
888532	0
888632	0
888732	0
888832	0
888932	0
889032	0
889132	0
889232	0
889332	0
889432	0
889532	0
889632	0
889732	0
889832	0
889932	0
890032	0
890132	0
890232	0
890332	0
890432	0
890532	0
890632	0
890732	0
890832	0
890932	0
891032	0
891132	0
891232	0
891332	0
891432	0
891532	0
891632	0
891732	0
891832	0
891932	0
892032	0
892132	0
892232	0
892332	0
892432	0
892532	0
892632	0
892732	0
892832	0
892932	0
893032	0
893132	0
893232	0
893332	0
893432	0
893532	0
893632	0
893732	0
893832	0
893932	0
894032	0
894132	0
894232	0
894332	0
894432	0
894532	0
894632	0
894732	0
894832	0
894932	0
895032	0
895132	0
895232	0
895332	0
895432	0
895532	0
895632	0
895732	0
895832	0
895932	0
896032	0
896132	0
896232	0
896332	0
896432	0
896532	0
896632	0
896732	0
896832	0
896932	0
897032	0
897132	0
897232	0
897332	0
897432	0
897532	0
897632	0
897732	0
897832	0
897932	0
898032	0
898132	0
898232	0
898332	0
898432	0
898532	0
898632	0
898732	0
898832	0
898932	0
899032	0
899132	0
899232	0
899332	0
899432	0
899532	0
899632	0
899732	0
899832	0
899932	4.94066e-324
900032	1.63042e-322
900132	7.57403e-321
900232	3.48484e-319
900332	1.58742e-317
900432	7.15908e-316
900532	3.19653e-314
900632	1.41305e-312
900732	6.18435e-311
900832	2.67971e-309
900932	1.14958e-307
901032	4.88253e-306
901132	2.05309e-304
901232	8.54732e-303
901332	3.52297e-301
901432	1.43762e-299
901532	5.80813e-298
901632	2.3232e-296
901732	9.2001e-295
901832	3.60708e-293
901932	1.40016e-291
902032	5.3809e-290
902132	2.04734e-288
902232	7.71225e-287
902332	2.87627e-285
902432	1.06203e-283
902532	3.88239e-282
902632	1.40514e-280
902732	5.03496e-279
902832	1.7862e-277
902932	6.27367e-276
903032	2.18158e-274
903132	7.51062e-273
903232	2.55999e-271
903332	8.63888e-270
903432	2.88625e-268
903532	9.54701e-267
903632	3.1265e-265
903732	1.01369e-263
903832	3.25395e-262
903932	1.03412e-260
904032	3.2538e-259
904132	1.0136e-257
904232	3.12608e-256
904332	9.54531e-255
904432	2.88561e-253
904532	8.63657e-252
904632	2.55919e-250
904732	7.50794e-249
904832	2.1807e-247
904932	6.27088e-246
905032	1.78533e-244
905132	5.03228e-243
905232	1.40433e-241
905332	3.87997e-240
905432	1.06132e-238
905532	2.87423e-237
905632	7.70642e-236
905732	2.0457e-234
905832	5.37635e-233
905932	1.39891e-231
906032	3.60371e-230
906132	9.19109e-229
906232	2.32082e-227
906332	5.80193e-226
906432	1.43602e-224
906532	3.51889e-223
906632	8.53705e-222
906732	2.05054e-220
906832	4.87623e-219
906932	1.14804e-217
907032	2.67601e-216
907132	6.17555e-215
907232	1.41098e-213
907332	3.1917e-212
907432	7.14793e-211
907532	1.58488e-209
907632	3.47912e-208
907732	7.56134e-207
907832	1.62699e-205
907932	3.46601e-204
908032	7.31023e-203
908132	1.52647e-201
908232	3.15576e-200
908332	6.45917e-199
908432	1.3089e-197
908532	2.62598e-196
908632	5.21597e-195
908732	1.02574e-193
908832	1.99707e-192
908932	3.84953e-191
909032	7.34649e-190
909132	1.38806e-188
909232	2.59653e-187
909332	4.8088e-186
909432	8.81732e-185
909532	1.60064e-183
909632	2.87679e-182
909732	5.11892e-181
909832	9.01792e-180
909932	1.57287e-178
910032	2.71603e-177
910132	4.64337e-176
910232	7.8594e-175
910332	1.31705e-173
910432	2.18511e-172
910532	3.58922e-171
910632	5.83694e-170
910732	9.39781e-169
910832	1.49805e-167
910932	2.36418e-166
911032	3.69397e-165
911132	5.7143e-164
911232	8.75165e-163
911332	1.32701e-161
911432	1.99212e-160
911532	2.96083e-159
911632	4.3568e-158
911732	6.34717e-157
911832	9.15481e-156
911932	1.3073e-154
912032	1.84824e-153
912132	2.58702e-152
912232	3.58506e-151
912332	4.91871e-150
912432	6.68132e-149
912532	8.98527e-148
912632	1.19635e-146
912732	1.57703e-145
912832	2.05816e-144
912932	2.65935e-143
913032	3.40196e-142
913132	4.30864e-141
913232	5.40267e-140
913332	6.70708e-139
913432	8.24357e-138
913532	1.00312e-136
913632	1.20851e-135
913732	1.44146e-134
913832	1.70221e-133
913932	1.99013e-132
914032	2.30359e-131
914132	2.6399e-130
914232	2.9952e-129
914332	3.36451e-128
914432	3.74174e-127
914532	4.11987e-126
914632	4.49107e-125
914732	4.84701e-124
914832	5.17911e-123
914932	5.47889e-122
915032	5.73836e-121
915132	5.95031e-120
915232	6.1087e-119
915332	6.2089e-118
915432	6.24796e-117
915532	6.2247e-116
915632	6.13982e-115
915732	5.99584e-114
915832	5.79697e-113
915932	5.54893e-112
916032	5.25866e-111
916132	4.93398e-110
916232	4.58329e-109
916332	4.21516e-108
916432	3.83802e-107
916532	3.45986e-106
916632	3.08792e-105
916732	2.72854e-104
916832	2.387e-103
916932	2.06743e-102
917032	1.77283e-101
917132	1.50508e-100
917232	1.26506e-99
917332	1.05273e-98
917432	8.67326e-98
917532	7.07463e-97
917632	5.71324e-96
917732	4.56791e-95
917832	3.61585e-94
917932	2.83374e-93
918032	2.1987e-92
918132	1.689e-91
918232	1.28455e-90
918332	9.67227e-90
918432	7.21046e-89
918532	5.32176e-88
918632	3.88869e-87
918732	2.81326e-86
918832	2.01499e-85
918932	1.42887e-84
919032	1.00316e-83
919132	6.97275e-83
919232	4.79839e-82
919332	3.26922e-81
919432	2.20521e-80
919532	1.47269e-79
919632	9.73713e-79
919732	6.37393e-78
919832	4.13087e-77
919932	2.65052e-76
920032	1.68376e-75
920132	1.05897e-74
920232	6.59396e-74
920332	4.06504e-73
920432	2.48108e-72
920532	1.49925e-71
920632	8.96941e-71
920732	5.31265e-70
920832	3.11541e-69
920932	1.80874e-68
921032	1.03967e-67
921132	5.91657e-67
921232	3.33351e-66
921332	1.85948e-65
921432	1.02692e-64
921532	5.61489e-64
921632	3.0395e-63
921732	1.62899e-62
921832	8.64359e-62
921932	4.54073e-61
922032	2.36165e-60
922132	1.21608e-59
922232	6.1996e-59
922332	3.12913e-58
922432	1.56365e-57
922532	7.73597e-57
922632	3.78918e-56
922732	1.83753e-55
922832	8.82225e-55
922932	4.19355e-54
923032	1.97352e-53
923132	9.19511e-53
923232	4.24161e-52
923332	1.93714e-51
923432	8.75888e-51
923532	3.92097e-50
923632	1.73778e-49
923732	7.62524e-49
923832	3.3126e-48
923932	1.42476e-47
924032	6.06698e-47
924132	2.55776e-46
924232	1.06759e-45
924332	4.41168e-45
924432	1.80494e-44
924532	7.31101e-44
924632	2.9319e-43
924732	1.16407e-42
924832	4.57578e-42
924932	1.78077e-41
925032	6.86134e-41
925132	2.61738e-40
925232	9.8851e-40
925332	3.69618e-39
925432	1.3683e-38
925532	5.01496e-38
925632	1.81974e-37
925732	6.53747e-37
925832	2.32523e-36
925932	8.18805e-36
926032	2.85464e-35
926132	9.85326e-35
926232	3.36717e-34
926332	1.13922e-33
926432	3.81598e-33
926532	1.2655e-32
926632	4.15505e-32
926732	1.35066e-31
926832	4.34684e-31
926932	1.38503e-30
927032	4.36918e-30
927132	1.36458e-29
927232	4.21943e-29
927332	1.29172e-28
927432	3.91504e-28
927532	1.1748e-27
927632	3.49017e-27
927732	1.02657e-26
927832	2.98941e-26
927932	8.61869e-26
928032	2.4601e-25
928132	6.9522e-25
928232	1.94513e-24
928332	5.38805e-24
928432	1.47765e-23
928532	4.01208e-23
928632	1.07851e-22
928732	2.87035e-22
928832	7.56317e-22
928932	1.97301e-21
929032	5.0958e-21
929132	1.30302e-20
929232	3.29875e-20
929332	8.26804e-20
929432	2.0517e-19
929532	5.04059e-19
929632	1.22604e-18
929732	2.95249e-18
929832	7.03927e-18
929932	1.66159e-17
930032	3.88309e-17
930132	8.98436e-17
930232	2.05804e-16
930332	4.66744e-16
930432	1.048e-15
930532	2.32969e-15
930632	5.12737e-15
930732	1.11724e-14
930832	2.41022e-14
930932	5.14782e-14
931032	1.08855e-13
931132	2.27891e-13
931232	4.72352e-13
931332	9.69305e-13
931432	1.9693e-12
931532	3.96115e-12
931632	7.88838e-12
931732	1.55529e-11
931832	3.03593e-11
931932	5.86716e-11
932032	1.12259e-10
932132	2.12654e-10
932232	3.98825e-10
932332	7.40539e-10
932432	1.36135e-09
932532	2.47771e-09
932632	4.46464e-09
932732	7.9649e-09
932832	1.4068e-08
932932	2.46002e-08
933032	4.25896e-08
933132	7.30005e-08
933232	1.23881e-07
933332	2.08133e-07
933432	3.46205e-07
933532	5.70143e-07
933632	9.29589e-07
933732	1.50057e-06
933832	2.39815e-06
933932	3.7945e-06
934032	5.94416e-06
934132	9.21898e-06
934232	1.41557e-05
934332	2.15198e-05
934432	3.23894e-05
934532	4.8264e-05
934632	7.12034e-05
934732	0.000104001
934832	0.000150393
934932	0.000215316
935032	0.000305199
935132	0.000428298
935232	0.000595067
935332	0.000818545
935432	0.00111475
935532	0.00150303
935632	0.0020064
935732	0.00265168
935832	0.00346964
935932	0.00449473
936032	0.00576475
936132	0.00732005
936232	0.00920247
936332	0.0114539
936432	0.0141142
936532	0.0172194
936632	0.0207988
936732	0.0248722
936832	0.0294474
936932	0.0345173
937032	0.0400575
937132	0.0460244
937232	0.0523539
937332	0.0589614
937432	0.0657422
937532	0.0725734
937632	0.0793173
937732	0.0858256
937832	0.0919441
937932	0.0975192
938032	0.102404
938132	0.106464
938232	0.109587
938332	0.111681
938432	0.112688
938532	0.112581
938632	0.111366
938732	0.109086
938832	0.105818
938932	0.101668
939032	0.0967707
939132	0.0912838
939232	0.0853838
939332	0.0792614
939432	0.0731175
939532	0.0671605
939632	0.0616044
939732	0.0566682
939832	0.0525768
939932	0.0495628
940032	0.0478697
940132	0.0477543
940232	0.0494908
940332	0.053372
940432	0.0597108
940532	0.068838
940632	0.0810981
940732	0.0968412
940832	0.116412
940932	0.140131
941032	0.168282
941132	0.201081
941232	0.23866
941332	0.281034
941432	0.328084
941532	0.379531
941632	0.434919
941732	0.493608
941832	0.554768
941932	0.617393
942032	0.680315
942132	0.742234
942232	0.801761
942332	0.857466
942432	0.907931
942532	0.951809
942632	0.987886
942732	1.01513
942832	1.03275
942932	1.04023
943032	1.03733
943132	1.02415
943232	1.00108
943332	0.968789
943432	0.928212
943532	0.880486
943632	0.826904
943732	0.768855
943832	0.707768
943932	0.645052
944032	0.582043
944132	0.519963
944232	0.459883
944332	0.402698
944432	0.349115
944532	0.29965
944632	0.254634
944732	0.214228
944832	0.178441
944932	0.147153
945032	0.120143
945132	0.0971153
945232	0.07772
945332	0.0615794
945432	0.0483053
945532	0.0375155
945632	0.0288459
945732	0.0219591
945832	0.0165502
945932	0.0123494
946032	0.00912324
946132	0.0066728
946232	0.00483196
946332	0.00346415
946432	0.00245882
946532	0.00172788
946632	0.00120215
946732	0.000828054
946832	0.000564699
946932	0.00038127
947032	0.000254862
947132	0.000168668
947232	0.000110515
947332	7.16908e-05
947432	4.60431e-05
947532	2.92767e-05
947632	1.84305e-05
947732	1.1487e-05
947832	7.08821e-06
947932	4.33034e-06
948032	2.61918e-06
948132	1.56843e-06
948232	9.2987e-07
948332	5.45803e-07
948432	3.17181e-07
948532	1.82488e-07
948632	1.03949e-07
948732	5.86223e-08
948832	3.27312e-08
948932	1.80933e-08
949032	9.9022e-09
949132	5.3654e-09
949232	2.87826e-09
949332	1.52867e-09
949432	8.03814e-10
949532	4.1846e-10
949632	2.1568e-10
949732	1.10058e-10
949832	5.56023e-11
949932	2.78112e-11
950032	1.37722e-11
950132	6.75219e-12
950232	3.2775e-12
950332	1.57506e-12
950432	7.49393e-13
950532	3.53003e-13
950632	1.64629e-13
950732	7.60131e-14
950832	3.47479e-14
950932	1.57263e-14
951032	7.04663e-15
951132	3.12604e-15
951232	1.373e-15
951332	5.97104e-16
951432	2.57241e-16
951532	1.10097e-16
951632	4.75845e-17
951732	2.26375e-17
951832	1.60535e-17
951932	2.26444e-17
952032	4.73997e-17
952132	1.09015e-16
952232	2.53098e-16
952332	5.8373e-16
952432	1.33365e-15
952532	3.01697e-15
952632	6.75717e-15
952732	1.49836e-14
952832	3.28947e-14
952932	7.14977e-14
953032	1.53856e-13
953132	3.2779e-13
953232	6.91406e-13
953332	1.44387e-12
953432	2.98524e-12
953532	6.11066e-12
953632	1.23838e-11
953732	2.48471e-11
953832	4.93578e-11
953932	9.70718e-11
954032	1.89011e-10
954132	3.64366e-10
954232	6.95418e-10
954332	1.31405e-09
954432	2.45829e-09
954532	4.55315e-09
954632	8.34927e-09
954732	1.5158e-08
954832	2.72453e-08
954932	4.84841e-08
955032	8.54208e-08
955132	1.49e-07
955232	2.57314e-07
955332	4.39946e-07
955432	7.44718e-07
955532	1.24808e-06
955632	2.07085e-06
955732	3.40183e-06
955832	5.53265e-06
955932	8.90864e-06
956032	1.42019e-05
956132	2.2415e-05
956232	3.50257e-05
956332	5.41868e-05
956432	8.29959e-05
956532	0.000125857
956632	0.000188953
956732	0.000280859
956832	0.000413314
956932	0.000602183
957032	0.000868629
957132	0.0012405
957232	0.00175395
957332	0.00245524
957432	0.00340273
957532	0.00466893
957632	0.00634257
957732	0.00853042
957832	0.0113588
957932	0.0149745
958032	0.0195446
958132	0.0252558
958232	0.032311
958332	0.0409259
958432	0.0513219
958532	0.0637183
958632	0.0783218
958732	0.0953143
958832	0.114839
958932	0.136987
959032	0.161781
959132	0.18916
959232	0.218973
959332	0.250963
959432	0.284763
959532	0.319901
959632	0.355799
959732	0.391788
959832	0.427124
959932	0.461014
960032	0.492642
960132	0.521201
960232	0.54593
960332	0.566142
960432	0.58126
960532	0.590845
960632	0.594611
960732	0.592447
960832	0.584418
960932	0.570762
961032	0.551878
961132	0.528311
961232	0.500718
961332	0.469846
961432	0.436493
961532	0.401475
961632	0.365596
961732	0.329618
961832	0.294231
961932	0.260043
962032	0.227557
962132	0.197171
962232	0.169175
962332	0.143753
962432	0.120993
962532	0.1009
962632	0.0834077
962732	0.0683919
962832	0.0556888
962932	0.0451062
963032	0.0364367
963132	0.0294683
963232	0.0239926
963332	0.0198116
963432	0.0167417
963532	0.014616
963632	0.0132858
963732	0.0126199
963832	0.0125035
963932	0.0128365
964032	0.0135318
964132	0.0145127
964232	0.0157121
964332	0.0170702
964432	0.0185345
964532	0.0200589
964632	0.0216044
964732	0.0231395
964832	0.0246422
964932	0.0261013
965032	0.027519
965132	0.0289133
965232	0.0303208
965332	0.0318002
965432	0.0334355
965532	0.0353397
965632	0.0376588
965732	0.0405761
965832	0.0443165
965932	0.0491515
966032	0.0554038
966132	0.0634514
966232	0.0737316
966332	0.0867433
966432	0.103047
966532	0.123262
966632	0.148062
966732	0.178159
966832	0.214291
966932	0.257196
967032	0.307582
967132	0.366091
967232	0.433252
967332	0.509439
967432	0.594819
967532	0.689297
967632	0.792481
967732	0.903633
967832	1.02165
967932	1.14504
968032	1.27195
968132	1.40018
968232	1.52722
968332	1.65036
968432	1.76674
968532	1.87346
968632	1.96774
968732	2.04698
968832	2.10891
968932	2.15172
969032	2.17409
969132	2.1753
969232	2.15525
969332	2.11447
969432	2.0541
969532	1.97584
969632	1.88184
969732	1.77463
969832	1.65701
969932	1.53189
970032	1.4022
970132	1.27079
970232	1.14028
970332	1.01304
970432	0.891067
970532	0.776008
970632	0.669103
970732	0.571205
970832	0.482798
970932	0.404035
971032	0.334784
971132	0.274675
971232	0.223158
971332	0.179556
971432	0.143108
971532	0.113018
971632	0.0884904
971732	0.0687541
971832	0.0530885
971932	0.0408359
972032	0.0314101
972132	0.0242991
972232	0.0190644
972332	0.0153367
972432	0.0128098
972532	0.0112333
972632	0.0104043
972732	0.0101598
972832	0.0103694
972932	0.0109287
973032	0.0117531
973132	0.0127738
973232	0.0139341
973332	0.0151865
973432	0.0164912
973532	0.0178152
973632	0.0191322
973732	0.0204226
973832	0.0216742
973932	0.0228829
974032	0.0240533
974132	0.0251991
974232	0.0263434
974332	0.0275185
974432	0.0287647
974532	0.0301293
974632	0.0316648
974732	0.0334263
974832	0.0354694
974932	0.0378475
975032	0.0406091
975132	0.0437961
975232	0.0474425
975332	0.0515744
975432	0.0562112
975532	0.0613683
975632	0.0670625
975732	0.0733181
975832	0.0801757
975932	0.0877028
976032	0.096005
976132	0.105239
976232	0.115623
976332	0.12745
976432	0.141098
976532	0.157032
976632	0.175809
976732	0.198071
976832	0.224537
976932	0.255983
977032	0.293212
977132	0.337027
977232	0.388185
977332	0.447351
977432	0.51505
977532	0.591615
977632	0.677142
977732	0.771442
977832	0.874017
977932	0.984041
978032	1.10036
978132	1.22149
978232	1.34571
978332	1.47105
978432	1.59542
978532	1.71667
978632	1.83269
978732	1.94153
978832	2.04147
978932	2.13113
979032	2.2095
979132	2.276
979232	2.33051
979332	2.37329
979432	2.40503
979532	2.42667
979632	2.43938
979732	2.44444
979832	2.44311
979932	2.43653
980032	2.42564
980132	2.4111
980232	2.39324
980332	2.37206
980432	2.34725
980532	2.31822
980632	2.28418
980732	2.24423
980832	2.19748
980932	2.14309
981032	2.08043
981132	2.00914
981232	1.92915
981332	1.84076
981432	1.74462
981532	1.64172
981632	1.53333
981732	1.42098
981832	1.30632
981932	1.19109
982032	1.07703
982132	0.965778
982232	0.85883
982332	0.757467
982432	0.662727
982532	0.57538
982632	0.495924
982732	0.424592
982832	0.361375
982932	0.306053
983032	0.25823
983132	0.217375
983232	0.182862
983332	0.15401
983432	0.130115
983532	0.110482
983632	0.0944469
983732	0.0813956
983832	0.0707761
983932	0.0621054
984032	0.0549715
984132	0.049032
984232	0.0440103
984332	0.0396885
984432	0.0359006
984532	0.0325237
984632	0.0294703
984732	0.0266805
984832	0.0241149
984932	0.0217485
985032	0.0195663
985132	0.0175586
985232	0.0157187
985332	0.0140404
985432	0.0125173
985532	0.0111415
985632	0.00990417
985732	0.00879496
985832	0.00780295
985932	0.00691681
986032	0.00612533
986132	0.00541784
986232	0.00478449
986332	0.00421649
986432	0.0037062
986532	0.00324713
986632	0.0028339
986732	0.00246206
986832	0.00212799
986932	0.00182867
987032	0.00156155
987132	0.00132438
987232	0.00111507
987332	0.000931658
987432	0.000772184
987532	0.000634692
987632	0.000517213
987732	0.000417776
987832	0.000334427
987932	0.000265261
988032	0.000208449
988132	0.000162268
988232	0.000125121
988332	9.55561e-05
988432	7.22746e-05
988532	5.41364e-05
988632	4.01558e-05
988732	2.94949e-05
988832	2.14521e-05
988932	1.54492e-05
989032	1.10166e-05
989132	7.77828e-06
989232	5.43762e-06
989332	3.76373e-06
989432	2.57933e-06
989532	1.75013e-06
989632	1.17573e-06
989732	7.8201e-07
989832	5.14974e-07
989932	3.35756e-07
990032	2.16734e-07
990132	1.38514e-07
990232	8.76437e-08
990332	5.49047e-08
990432	3.40533e-08
990532	2.09107e-08
990632	1.27127e-08
990732	7.65181e-09
990832	4.55985e-09
990932	2.69026e-09
991032	1.57144e-09
991132	9.08779e-10
991232	5.20327e-10
991332	2.94953e-10
991432	1.65534e-10
991532	9.19765e-11
991632	5.05971e-11
991732	2.7557e-11
991832	1.48592e-11
991932	7.93259e-12
992032	4.19269e-12
992132	2.19395e-12
992232	1.13663e-12
992332	5.83e-13
992432	2.96057e-13
992532	1.48848e-13
992632	7.40941e-14
992732	3.65225e-14
992832	1.78398e-14
992932	8.66624e-15
993032	4.26008e-15
993132	2.28825e-15
993232	1.70295e-15
993332	2.24073e-15
993432	4.33396e-15
993532	9.42494e-15
993632	2.08895e-14
993732	4.6115e-14
993832	1.00912e-13
993932	2.1868e-13
994032	4.69193e-13
994132	9.96682e-13
994232	2.09614e-12
994332	4.36455e-12
994432	8.9974e-12
994532	1.83633e-11
994632	3.71059e-11
994732	7.4232e-11
994832	1.47027e-10
994932	2.8831e-10
995032	5.5973e-10
995132	1.07586e-09
995232	2.04733e-09
995332	3.85727e-09
995432	7.19494e-09
995532	1.32872e-08
995632	2.42937e-08
995732	4.39757e-08
995832	7.88114e-08
995932	1.39837e-07
996032	2.45647e-07
996132	4.27228e-07
996232	7.35637e-07
996332	1.25408e-06
996432	2.11662e-06
996532	3.53686e-06
996632	5.85128e-06
996732	9.58386e-06
996832	1.55413e-05
996932	2.49511e-05
997032	3.96599e-05
997132	6.24121e-05
997232	9.72397e-05
997332	0.000149995
997432	0.000229068
997532	0.000346346
997632	0.000518458
997732	0.000768375
997832	0.00112743
997932	0.00163781
998032	0.00235557
998132	0.00335416
998232	0.00472856
998332	0.00659981
998432	0.00911992
998532	0.0124769
998632	0.0168998
998732	0.0226627
998832	0.0300884
998932	0.0395498
999032	0.051469
999132	0.0663139
999232	0.0845903
999332	0.10683
999432	0.133574
999532	0.165352
999632	0.202654
999732	0.245898
999832	0.295402
999932	0.351341
1.00003e+06	0.413715
1.00013e+06	0.482315
1.00023e+06	0.556696
1.00033e+06	0.636153
1.00043e+06	0.719718
1.00053e+06	0.806158
1.00063e+06	0.893996
1.00073e+06	0.981539
1.00083e+06	1.06693
1.00093e+06	1.14822
1.00103e+06	1.2234
1.00113e+06	1.29054
1.00123e+06	1.34782
1.00133e+06	1.39364
1.00143e+06	1.42669
1.00153e+06	1.44599
1.00163e+06	1.45098
1.00173e+06	1.44152
1.00183e+06	1.41789
1.00193e+06	1.3808
1.00203e+06	1.33133
1.00213e+06	1.27091
1.00223e+06	1.20122
1.00233e+06	1.12413
1.00243e+06	1.04162
1.00253e+06	0.955676
1.00263e+06	0.868254
1.00273e+06	0.781165
1.00283e+06	0.696044
1.00293e+06	0.614301
1.00303e+06	0.537088
1.00313e+06	0.465292
1.00323e+06	0.399531
1.00333e+06	0.34017
1.00343e+06	0.28734
1.00353e+06	0.24097
1.00363e+06	0.200821
1.00373e+06	0.166521
1.00383e+06	0.137603
1.00393e+06	0.113536
1.00403e+06	0.0937589
1.00413e+06	0.0777043
1.00423e+06	0.0648196
1.00433e+06	0.0545843
1.00443e+06	0.0465212
1.00453e+06	0.040204
1.00463e+06	0.0352605
1.00473e+06	0.0313742
1.00483e+06	0.0282817
1.00493e+06	0.0257698
1.00503e+06	0.023671
1.00513e+06	0.0218578
1.00523e+06	0.0202371
1.00533e+06	0.018745
1.00543e+06	0.0173407
1.00553e+06	0.0160019
1.00563e+06	0.0147199
1.00573e+06	0.0134957
1.00583e+06	0.0123368
1.00593e+06	0.0112539
1.00603e+06	0.0102588
1.00613e+06	0.00936275
1.00623e+06	0.00857496
1.00633e+06	0.00790188
1.00643e+06	0.00734666
1.00653e+06	0.00690898
1.00663e+06	0.00658506
1.00673e+06	0.00636798
1.00683e+06	0.00624803
1.00693e+06	0.00621324
1.00703e+06	0.00624987
1.00713e+06	0.00634308
1.00723e+06	0.0064774
1.00733e+06	0.00663738
1.00743e+06	0.00680803
1.00753e+06	0.00697531
1.00763e+06	0.00712648
1.00773e+06	0.00725047
1.00783e+06	0.00733806
1.00793e+06	0.00738207
1.00803e+06	0.0073774
1.00813e+06	0.00732105
1.00823e+06	0.00721203
1.00833e+06	0.00705123
1.00843e+06	0.0068412
1.00853e+06	0.00658595
1.00863e+06	0.00629066
1.00873e+06	0.00596138
1.00883e+06	0.00560479
1.00893e+06	0.00522789
1.00903e+06	0.00483773
1.00913e+06	0.00444117
1.00923e+06	0.00404472
1.00933e+06	0.00365431
1.00943e+06	0.00327521
1.00953e+06	0.00291189
1.00963e+06	0.00256802
1.00973e+06	0.00224642
1.00983e+06	0.0019491
1.00993e+06	0.00167729
1.01003e+06	0.00143148
1.01013e+06	0.00121155
1.01023e+06	0.00101684
1.01033e+06	0.000846222
1.01043e+06	0.000698255
1.01053e+06	0.000571229
1.01063e+06	0.00046328
1.01073e+06	0.000372464
1.01083e+06	0.000296827
1.01093e+06	0.000234461
1.01103e+06	0.000183553
1.01113e+06	0.000142411
1.01123e+06	0.000109494
1.01133e+06	8.34219e-05
1.01143e+06	6.29773e-05
1.01153e+06	4.71064e-05
1.01163e+06	3.49096e-05
1.01173e+06	2.56304e-05
1.01183e+06	1.86421e-05
1.01193e+06	1.3432e-05
1.01203e+06	9.58683e-06
1.01213e+06	6.77769e-06
1.01223e+06	4.74619e-06
1.01233e+06	3.29191e-06
1.01243e+06	2.26141e-06
1.01253e+06	1.53859e-06
1.01263e+06	1.03674e-06
1.01273e+06	6.9184e-07
1.01283e+06	4.57217e-07
1.01293e+06	2.99232e-07
1.01303e+06	1.93935e-07
1.01313e+06	1.24467e-07
1.01323e+06	7.91042e-08
1.01333e+06	4.97831e-08
1.01343e+06	3.10238e-08
1.01353e+06	1.91441e-08
1.01363e+06	1.16975e-08
