1.2708e+06	2.56845e-08
1.2709e+06	4.21354e-08
1.271e+06	6.84353e-08
1.2711e+06	1.10045e-07
1.2712e+06	1.75193e-07
1.2713e+06	2.76135e-07
1.2714e+06	4.30906e-07
1.2715e+06	6.65733e-07
1.2716e+06	1.0183e-06
1.2717e+06	1.54208e-06
1.2718e+06	2.31205e-06
1.2719e+06	3.43197e-06
1.272e+06	5.04367e-06
1.2721e+06	7.3385e-06
1.2722e+06	1.05712e-05
1.2723e+06	1.50764e-05
1.2724e+06	2.12878e-05
1.2725e+06	2.97591e-05
1.2726e+06	4.11875e-05
1.2727e+06	5.64375e-05
1.2728e+06	7.65645e-05
1.2729e+06	0.000102836
1.273e+06	0.000136747
1.2731e+06	0.000180032
1.2732e+06	0.000234659
1.2733e+06	0.000302819
1.2734e+06	0.000386887
1.2735e+06	0.000489377
1.2736e+06	0.000612858
1.2737e+06	0.00075986
1.2738e+06	0.000932747
1.2739e+06	0.00113358
1.274e+06	0.00136394
1.2741e+06	0.00162479
1.2742e+06	0.00191627
1.2743e+06	0.00223754
1.2744e+06	0.00258669
1.2745e+06	0.00296056
1.2746e+06	0.00335475
1.2747e+06	0.00376361
1.2748e+06	0.00418028
1.2749e+06	0.00459688
1.275e+06	0.00500471
1.2751e+06	0.00539449
1.2752e+06	0.00575678
1.2753e+06	0.00608227
1.2754e+06	0.00636223
1.2755e+06	0.00658885
1.2756e+06	0.00675565
1.2757e+06	0.00685774
1.2758e+06	0.00689212
1.2759e+06	0.00685774
1.276e+06	0.00675565
1.2761e+06	0.00658885
1.2762e+06	0.00636223
1.2763e+06	0.00608227
1.2764e+06	0.00575678
1.2765e+06	0.00539449
1.2766e+06	0.00500471
1.2767e+06	0.00459688
1.2768e+06	0.00418028
1.2769e+06	0.00376361
1.277e+06	0.00335475
1.2771e+06	0.00296056
1.2772e+06	0.00258669
1.2773e+06	0.00223754
1.2774e+06	0.00191627
1.2775e+06	0.00162479
1.2776e+06	0.00136394
1.2777e+06	0.00113358
1.2778e+06	0.000932747
1.2779e+06	0.00075986
1.278e+06	0.000612858
1.2781e+06	0.000489377
1.2782e+06	0.000386887
1.2783e+06	0.000302819
1.2784e+06	0.000234659
1.2785e+06	0.000180032
1.2786e+06	0.000136747
1.2787e+06	0.000102836
1.2788e+06	7.65645e-05
1.2789e+06	5.64375e-05
1.279e+06	4.11875e-05
1.2791e+06	2.97591e-05
1.2792e+06	2.12878e-05
1.2793e+06	1.50764e-05
1.2794e+06	1.05712e-05
1.2795e+06	7.3385e-06
1.2796e+06	5.04367e-06
1.2797e+06	3.43197e-06
1.2798e+06	2.31205e-06
1.2799e+06	1.54208e-06
1.28e+06	1.0183e-06
1.2801e+06	6.65733e-07
1.2802e+06	4.30906e-07
1.2803e+06	2.76135e-07
1.2804e+06	1.75193e-07
1.2805e+06	1.10045e-07
1.2806e+06	6.84353e-08
1.2807e+06	4.21354e-08
1.2808e+06	2.56845e-08
1.2809e+06	1.55008e-08
1.281e+06	9.26171e-09
1.2811e+06	5.47882e-09
1.2812e+06	3.20878e-09
1.2813e+06	1.86059e-09
1.2814e+06	1.06812e-09
1.2815e+06	6.07097e-10
1.2816e+06	3.41658e-10
1.2817e+06	1.9043e-10
1.2818e+06	1.05223e-10
1.2819e+06	5.78551e-11
1.282e+06	3.2096e-11
1.2821e+06	1.88522e-11
1.2822e+06	1.33789e-11
1.2823e+06	1.38167e-11
1.2824e+06	2.06763e-11
1.2825e+06	3.71764e-11
1.2826e+06	7.05998e-11
1.2827e+06	1.35175e-10
1.2828e+06	2.57488e-10
1.2829e+06	4.86213e-10
1.283e+06	9.09283e-10
1.2831e+06	1.68371e-09
1.2832e+06	3.08675e-09
1.2833e+06	5.60267e-09
1.2834e+06	1.00681e-08
1.2835e+06	1.79125e-08
1.2836e+06	3.15517e-08
1.2837e+06	5.50232e-08
1.2838e+06	9.50006e-08
1.2839e+06	1.62392e-07
1.284e+06	2.74826e-07
1.2841e+06	4.60479e-07
1.2842e+06	7.63868e-07
1.2843e+06	1.25454e-06
1.2844e+06	2.03989e-06
1.2845e+06	3.28387e-06
1.2846e+06	5.23387e-06
1.2847e+06	8.2588e-06
1.2848e+06	1.29023e-05
1.2849e+06	1.99561e-05
1.285e+06	3.05591e-05
1.2851e+06	4.63301e-05
1.2852e+06	6.95412e-05
1.2853e+06	0.000103342
1.2854e+06	0.000152045
1.2855e+06	0.000221474
1.2856e+06	0.000319396
1.2857e+06	0.00045603
1.2858e+06	0.000644637
1.2859e+06	0.000902181
1.286e+06	0.00125006
1.2861e+06	0.00171483
1.2862e+06	0.00232901
1.2863e+06	0.00313169
1.2864e+06	0.0041691
1.2865e+06	0.00549494
1.2866e+06	0.00717036
1.2867e+06	0.00926352
1.2868e+06	0.0118486
1.2869e+06	0.0150043
1.287e+06	0.0188115
1.2871e+06	0.02335
1.2872e+06	0.028695
1.2873e+06	0.0349127
1.2874e+06	0.0420551
1.2875e+06	0.0501545
1.2876e+06	0.0592186
1.2877e+06	0.0692251
1.2878e+06	0.0801173
1.2879e+06	0.0918007
1.288e+06	0.104141
1.2881e+06	0.116965
1.2882e+06	0.130061
1.2883e+06	0.143184
1.2884e+06	0.156063
1.2885e+06	0.168408
1.2886e+06	0.179921
1.2887e+06	0.190308
1.2888e+06	0.199292
1.2889e+06	0.206624
1.289e+06	0.212094
1.2891e+06	0.215542
1.2892e+06	0.216867
1.2893e+06	0.216029
1.2894e+06	0.213053
1.2895e+06	0.208027
1.2896e+06	0.201099
1.2897e+06	0.192468
1.2898e+06	0.182374
1.2899e+06	0.171091
1.29e+06	0.158909
1.2901e+06	0.146127
1.2902e+06	0.133038
1.2903e+06	0.119918
1.2904e+06	0.10702
1.2905e+06	0.094563
1.2906e+06	0.0827316
1.2907e+06	0.0716701
1.2908e+06	0.0614834
1.2909e+06	0.0522389
1.291e+06	0.0439694
1.2911e+06	0.0366772
1.2912e+06	0.0303396
1.2913e+06	0.024914
1.2914e+06	0.0203435
1.2915e+06	0.0165621
1.2916e+06	0.0134993
1.2917e+06	0.0110839
1.2918e+06	0.00924717
1.2919e+06	0.00792521
1.292e+06	0.00706024
1.2921e+06	0.00660151
1.2922e+06	0.00650527
1.2923e+06	0.00673436
1.2924e+06	0.00725733
1.2925e+06	0.00804734
1.2926e+06	0.00908086
1.2927e+06	0.0103364
1.2928e+06	0.0117932
1.2929e+06	0.0134303
1.293e+06	0.0152259
1.2931e+06	0.0171567
1.2932e+06	0.0191977
1.2933e+06	0.0213231
1.2934e+06	0.0235062
1.2935e+06	0.0257208
1.2936e+06	0.0279422
1.2937e+06	0.0301482
1.2938e+06	0.0323205
1.2939e+06	0.0344457
1.294e+06	0.0365159
1.2941e+06	0.0385291
1.2942e+06	0.0404891
1.2943e+06	0.042405
1.2944e+06	0.0442895
1.2945e+06	0.0461576
1.2946e+06	0.0480248
1.2947e+06	0.0499042
1.2948e+06	0.0518047
1.2949e+06	0.053729
1.295e+06	0.0556713
1.2951e+06	0.0576168
1.2952e+06	0.0595408
1.2953e+06	0.0614094
1.2954e+06	0.0631809
1.2955e+06	0.0648076
1.2956e+06	0.0662393
1.2957e+06	0.0674264
1.2958e+06	0.0683242
1.2959e+06	0.068897
1.296e+06	0.069122
1.2961e+06	0.0689926
1.2962e+06	0.0685222
1.2963e+06	0.0677453
1.2964e+06	0.0667192
1.2965e+06	0.0655235
1.2966e+06	0.0642591
1.2967e+06	0.0630455
1.2968e+06	0.0620173
1.2969e+06	0.0613199
1.297e+06	0.0611036
1.2971e+06	0.0615179
1.2972e+06	0.0627048
1.2973e+06	0.064792
1.2974e+06	0.0678863
1.2975e+06	0.0720668
1.2976e+06	0.0773796
1.2977e+06	0.083832
1.2978e+06	0.0913891
1.2979e+06	0.0999712
1.298e+06	0.109453
1.2981e+06	0.119665
1.2982e+06	0.130396
1.2983e+06	0.1414
1.2984e+06	0.152402
1.2985e+06	0.163108
1.2986e+06	0.173215
1.2987e+06	0.182424
1.2988e+06	0.190451
1.2989e+06	0.19704
1.299e+06	0.201973
1.2991e+06	0.205082
1.2992e+06	0.206251
1.2993e+06	0.205428
1.2994e+06	0.202622
1.2995e+06	0.197904
1.2996e+06	0.191401
1.2997e+06	0.183292
1.2998e+06	0.173796
1.2999e+06	0.163166
1.3e+06	0.151672
1.3001e+06	0.139593
1.3002e+06	0.127203
1.3003e+06	0.114764
1.3004e+06	0.102515
1.3005e+06	0.0906651
1.3006e+06	0.0793893
1.3007e+06	0.0688259
1.3008e+06	0.0590757
1.3009e+06	0.0502032
1.301e+06	0.0422396
1.3011e+06	0.0351862
1.3012e+06	0.0290195
1.3013e+06	0.0236957
1.3014e+06	0.0191564
1.3015e+06	0.0153327
1.3016e+06	0.0121503
1.3017e+06	0.00953272
1.3018e+06	0.0074047
1.3019e+06	0.00569455
1.302e+06	0.00433583
1.3021e+06	0.00326848
1.3022e+06	0.00243938
1.3023e+06	0.00180249
1.3024e+06	0.00131864
1.3025e+06	0.00095508
1.3026e+06	0.000684877
1.3027e+06	0.000486233
1.3028e+06	0.000341771
1.3029e+06	0.00023784
1.303e+06	0.000163868
1.3031e+06	0.000111779
1.3032e+06	7.54896e-05
1.3033e+06	5.04745e-05
1.3034e+06	3.3413e-05
1.3035e+06	2.18986e-05
1.3036e+06	1.42094e-05
1.3037e+06	9.12837e-06
1.3038e+06	5.80589e-06
1.3039e+06	3.65597e-06
1.304e+06	2.27926e-06
1.3041e+06	1.40684e-06
1.3042e+06	8.59707e-07
1.3043e+06	5.20134e-07
1.3044e+06	3.11558e-07
1.3045e+06	1.84765e-07
1.3046e+06	1.08483e-07
1.3047e+06	6.30627e-08
1.3048e+06	3.62973e-08
1.3049e+06	2.06893e-08
1.305e+06	1.16854e-08
1.3051e+06	6.55254e-09
1.3052e+06	3.67086e-09
1.3053e+06	2.09548e-09
1.3054e+06	1.28899e-09
1.3055e+06	9.62451e-10
1.3056e+06	9.85118e-10
1.3057e+06	1.33917e-09
1.3058e+06	2.1063e-09
1.3059e+06	3.48044e-09
1.306e+06	5.80689e-09
1.3061e+06	9.65323e-09
1.3062e+06	1.59228e-08
1.3063e+06	2.60283e-08
1.3064e+06	4.21498e-08
1.3065e+06	6.76139e-08
1.3066e+06	1.07441e-07
1.3067e+06	1.69126e-07
1.3068e+06	2.63743e-07
1.3069e+06	4.0748e-07
1.307e+06	6.23752e-07
1.3071e+06	9.4608e-07
1.3072e+06	1.42196e-06
1.3073e+06	2.118e-06
1.3074e+06	3.12669e-06
1.3075e+06	4.57517e-06
1.3076e+06	6.63653e-06
1.3077e+06	9.54425e-06
1.3078e+06	1.36103e-05
1.3079e+06	1.92479e-05
1.308e+06	2.69998e-05
1.3081e+06	3.75732e-05
1.3082e+06	5.18825e-05
1.3083e+06	7.1102e-05
1.3084e+06	9.673e-05
1.3085e+06	0.000130667
1.3086e+06	0.000175312
1.3087e+06	0.000233677
1.3088e+06	0.000309533
1.3089e+06	0.000407581
1.309e+06	0.000533662
1.3091e+06	0.000695014
1.3092e+06	0.000900579
1.3093e+06	0.00116137
1.3094e+06	0.00149089
1.3095e+06	0.00190565
1.3096e+06	0.00242571
1.3097e+06	0.00307532
1.3098e+06	0.00388357
1.3099e+06	0.00488505
1.31e+06	0.00612054
1.3101e+06	0.00763757
1.3102e+06	0.0094908
1.3103e+06	0.0117422
1.3104e+06	0.0144609
1.3105e+06	0.0177225
1.3106e+06	0.0216079
1.3107e+06	0.0262016
1.3108e+06	0.0315888
1.3109e+06	0.0378521
1.311e+06	0.0450675
1.3111e+06	0.0532994
1.3112e+06	0.062595
1.3113e+06	0.0729787
1.3114e+06	0.0844461
1.3115e+06	0.0969586
1.3116e+06	0.110439
1.3117e+06	0.124765
1.3118e+06	0.139774
1.3119e+06	0.155255
1.312e+06	0.170957
1.3121e+06	0.186591
1.3122e+06	0.201838
1.3123e+06	0.216361
1.3124e+06	0.229812
1.3125e+06	0.241851
1.3126e+06	0.252156
1.3127e+06	0.260442
1.3128e+06	0.266466
1.3129e+06	0.270047
1.313e+06	0.27107
1.3131e+06	0.269495
1.3132e+06	0.265356
1.3133e+06	0.258763
1.3134e+06	0.249894
1.3135e+06	0.238989
1.3136e+06	0.226339
1.3137e+06	0.21227
1.3138e+06	0.197132
1.3139e+06	0.181284
1.314e+06	0.165077
1.3141e+06	0.148844
1.3142e+06	0.13289
1.3143e+06	0.117479
1.3144e+06	0.102833
1.3145e+06	0.0891268
1.3146e+06	0.0764855
1.3147e+06	0.0649895
1.3148e+06	0.0546762
1.3149e+06	0.0455451
1.315e+06	0.0375639
1.3151e+06	0.0306749
1.3152e+06	0.0248014
1.3153e+06	0.0198541
1.3154e+06	0.0157363
1.3155e+06	0.0123489
1.3156e+06	0.00959474
1.3157e+06	0.00738093
1.3158e+06	0.00562162
1.3159e+06	0.0042392
1.316e+06	0.00316502
1.3161e+06	0.00233959
1.3162e+06	0.00171227
1.3163e+06	0.00124072
1.3164e+06	0.00089011
1.3165e+06	0.000632237
1.3166e+06	0.000444614
1.3167e+06	0.000309565
1.3168e+06	0.000213397
1.3169e+06	0.000145642
1.317e+06	9.8413e-05
1.3171e+06	6.58388e-05
1.3172e+06	4.36089e-05
1.3173e+06	2.85977e-05
1.3174e+06	1.85674e-05
1.3175e+06	1.19354e-05
1.3176e+06	7.59594e-06
1.3177e+06	4.78619e-06
1.3178e+06	2.9858e-06
1.3179e+06	1.84414e-06
1.318e+06	1.12768e-06
1.3181e+06	6.82722e-07
1.3182e+06	4.09224e-07
1.3183e+06	2.42851e-07
1.3184e+06	1.42685e-07
1.3185e+06	8.30002e-08
1.3186e+06	4.78013e-08
1.3187e+06	2.7256e-08
1.3188e+06	1.53866e-08
1.3189e+06	8.59974e-09
1.319e+06	4.75869e-09
1.3191e+06	2.60705e-09
1.3192e+06	1.41407e-09
1.3193e+06	7.59369e-10
1.3194e+06	4.03733e-10
1.3195e+06	2.12518e-10
1.3196e+06	1.10753e-10
1.3197e+06	5.71445e-11
1.3198e+06	2.91913e-11
1.3199e+06	1.47636e-11
1.32e+06	7.39244e-12
1.3201e+06	3.66474e-12
1.3202e+06	1.7987e-12
1.3203e+06	8.74042e-13
1.3204e+06	4.20499e-13
1.3205e+06	2.00288e-13
1.3206e+06	9.44508e-14
1.3207e+06	4.40975e-14
1.3208e+06	2.03836e-14
1.3209e+06	9.32837e-15
1.321e+06	4.22659e-15
1.3211e+06	1.89597e-15
1.3212e+06	8.42039e-16
1.3213e+06	3.70246e-16
1.3214e+06	1.61179e-16
1.3215e+06	6.94676e-17
1.3216e+06	2.96426e-17
1.3217e+06	1.2523e-17
1.3218e+06	5.23789e-18
1.3219e+06	2.16902e-18
1.322e+06	8.8926e-19
1.3221e+06	3.60954e-19
1.3222e+06	1.45055e-19
1.3223e+06	5.77128e-20
1.3224e+06	2.27336e-20
1.3225e+06	8.86591e-21
1.3226e+06	3.42323e-21
1.3227e+06	1.3086e-21
1.3228e+06	4.95261e-22
1.3229e+06	1.85575e-22
1.323e+06	6.88434e-23
1.3231e+06	2.5285e-23
1.3232e+06	9.19437e-24
1.3233e+06	3.31008e-24
1.3234e+06	1.17981e-24
1.3235e+06	4.16335e-25
1.3236e+06	1.45456e-25
1.3237e+06	5.03128e-26
1.3238e+06	1.72299e-26
1.3239e+06	5.84177e-27
1.324e+06	1.96096e-27
1.3241e+06	6.51771e-28
1.3242e+06	2.14691e-28
1.3243e+06	7.06896e-29
1.3244e+06	2.51458e-29
1.3245e+06	1.52739e-29
1.3246e+06	2.69646e-29
1.3247e+06	7.54041e-29
1.3248e+06	2.23928e-28
1.3249e+06	6.63418e-28
1.325e+06	1.94748e-27
1.3251e+06	5.66047e-27
1.3252e+06	1.62892e-26
1.3253e+06	4.64094e-26
1.3254e+06	1.30911e-25
1.3255e+06	3.65601e-25
1.3256e+06	1.01088e-24
1.3257e+06	2.76732e-24
1.3258e+06	7.50033e-24
1.3259e+06	2.01264e-23
1.326e+06	5.34707e-23
1.3261e+06	1.40647e-22
1.3262e+06	3.6628e-22
1.3263e+06	9.44411e-22
1.3264e+06	2.41089e-21
1.3265e+06	6.09343e-21
1.3266e+06	1.52481e-20
1.3267e+06	3.77781e-20
1.3268e+06	9.26692e-20
1.3269e+06	2.25063e-19
1.327e+06	5.41185e-19
1.3271e+06	1.28844e-18
1.3272e+06	3.03709e-18
1.3273e+06	7.08812e-18
1.3274e+06	1.63789e-17
1.3275e+06	3.7473e-17
1.3276e+06	8.48863e-17
1.3277e+06	1.90389e-16
1.3278e+06	4.22801e-16
1.3279e+06	9.29654e-16
1.328e+06	2.02395e-15
1.3281e+06	4.3629e-15
1.3282e+06	9.31216e-15
1.3283e+06	1.96802e-14
1.3284e+06	4.11826e-14
1.3285e+06	8.53318e-14
1.3286e+06	1.75074e-13
1.3287e+06	3.55675e-13
1.3288e+06	7.15501e-13
1.3289e+06	1.42527e-12
1.329e+06	2.81137e-12
1.3291e+06	5.49138e-12
1.3292e+06	1.06217e-11
1.3293e+06	2.03451e-11
1.3294e+06	3.85913e-11
1.3295e+06	7.24919e-11
1.3296e+06	1.34856e-10
1.3297e+06	2.48448e-10
1.3298e+06	4.53316e-10
1.3299e+06	8.19172e-10
1.33e+06	1.46611e-09
1.3301e+06	2.5989e-09
1.3302e+06	4.56306e-09
1.3303e+06	7.93557e-09
1.3304e+06	1.367e-08
1.3305e+06	2.33262e-08
1.3306e+06	3.94293e-08
1.3307e+06	6.60249e-08
1.3308e+06	1.09529e-07
1.3309e+06	1.8001e-07
1.331e+06	2.93112e-07
1.3311e+06	4.72884e-07
1.3312e+06	7.55928e-07
1.3313e+06	1.19737e-06
1.3314e+06	1.87942e-06
1.3315e+06	2.92336e-06
1.3316e+06	4.50637e-06
1.3317e+06	6.8846e-06
1.3318e+06	1.04246e-05
1.3319e+06	1.56454e-05
1.332e+06	2.32748e-05
1.3321e+06	3.43222e-05
1.3322e+06	5.01737e-05
1.3323e+06	7.27121e-05
1.3324e+06	0.000104469
1.3325e+06	0.00014881
1.3326e+06	0.000210164
1.3327e+06	0.000294296
1.3328e+06	0.00040862
1.3329e+06	0.000562572
1.333e+06	0.000768014
1.3331e+06	0.00103968
1.3332e+06	0.00139566
1.3333e+06	0.00185784
1.3334e+06	0.00245238
1.3335e+06	0.00321012
1.3336e+06	0.00416681
1.3337e+06	0.00536329
1.3338e+06	0.00684538
1.3339e+06	0.00866353
1.334e+06	0.0108721
1.3341e+06	0.0135281
1.3342e+06	0.0166901
1.3343e+06	0.0204155
1.3344e+06	0.0247586
1.3345e+06	0.0297674
1.3346e+06	0.0354803
1.3347e+06	0.0419223
1.3348e+06	0.0491019
1.3349e+06	0.0570069
1.335e+06	0.0656015
1.3351e+06	0.0748239
1.3352e+06	0.0845839
1.3353e+06	0.0947633
1.3354e+06	0.105216
1.3355e+06	0.115769
1.3356e+06	0.126231
1.3357e+06	0.13639
1.3358e+06	0.146027
1.3359e+06	0.15492
1.336e+06	0.162855
1.3361e+06	0.169631
1.3362e+06	0.175074
1.3363e+06	0.179038
1.3364e+06	0.18142
1.3365e+06	0.182157
1.3366e+06	0.181235
1.3367e+06	0.178688
1.3368e+06	0.174593
1.3369e+06	0.169073
1.337e+06	0.162287
1.3371e+06	0.154424
1.3372e+06	0.145695
1.3373e+06	0.136328
1.3374e+06	0.126551
1.3375e+06	0.116596
1.3376e+06	0.106679
1.3377e+06	0.0970073
1.3378e+06	0.0877648
1.3379e+06	0.0791159
1.338e+06	0.0712024
1.3381e+06	0.0641439
1.3382e+06	0.0580396
1.3383e+06	0.0529703
1.3384e+06	0.049001
1.3385e+06	0.0461831
1.3386e+06	0.0445567
1.3387e+06	0.0441516
1.3388e+06	0.0449876
1.3389e+06	0.0470741
1.339e+06	0.0504081
1.3391e+06	0.0549717
1.3392e+06	0.0607289
1.3393e+06	0.0676222
1.3394e+06	0.0755686
1.3395e+06	0.0844572
1.3396e+06	0.0941469
1.3397e+06	0.104466
1.3398e+06	0.115212
1.3399e+06	0.126156
1.34e+06	0.137047
1.3401e+06	0.147619
1.3402e+06	0.157597
1.3403e+06	0.166711
1.3404e+06	0.174703
1.3405e+06	0.181337
1.3406e+06	0.186413
1.3407e+06	0.189773
1.3408e+06	0.191309
1.3409e+06	0.190966
1.341e+06	0.188749
1.3411e+06	0.184719
1.3412e+06	0.178989
1.3413e+06	0.17172
1.3414e+06	0.163115
1.3415e+06	0.153405
1.3416e+06	0.142842
1.3417e+06	0.131686
1.3418e+06	0.120197
1.3419e+06	0.108619
1.342e+06	0.0971822
1.3421e+06	0.0860853
1.3422e+06	0.0754976
1.3423e+06	0.0655539
1.3424e+06	0.0563541
1.3425e+06	0.0479637
1.3426e+06	0.0404166
1.3427e+06	0.0337184
1.3428e+06	0.0278505
1.3429e+06	0.0227751
1.343e+06	0.0184393
1.3431e+06	0.0147805
1.3432e+06	0.0117298
1.3433e+06	0.00921623
1.3434e+06	0.00716924
1.3435e+06	0.00552143
1.3436e+06	0.00421006
1.3437e+06	0.00317822
1.3438e+06	0.0023754
1.3439e+06	0.00175771
1.344e+06	0.00128771
1.3441e+06	0.000933995
1.3442e+06	0.000670702
1.3443e+06	0.000476839
1.3444e+06	0.000335639
1.3445e+06	0.0002339
1.3446e+06	0.000161379
1.3447e+06	0.000110235
1.3448e+06	7.45505e-05
1.3449e+06	4.99159e-05
1.345e+06	3.30891e-05
1.3451e+06	2.17164e-05
1.3452e+06	1.41107e-05
1.3453e+06	9.07753e-06
1.3454e+06	5.78154e-06
1.3455e+06	3.64566e-06
1.3456e+06	2.27597e-06
1.3457e+06	1.40674e-06
1.3458e+06	8.60833e-07
1.3459e+06	5.21532e-07
1.346e+06	3.12824e-07
1.3461e+06	1.85771e-07
1.3462e+06	1.09222e-07
1.3463e+06	6.35773e-08
1.3464e+06	3.66396e-08
1.3465e+06	2.09053e-08
1.3466e+06	1.18091e-08
1.3467e+06	6.60447e-09
1.3468e+06	3.65692e-09
1.3469e+06	2.0047e-09
1.347e+06	1.08803e-09
1.3471e+06	5.84641e-10
1.3472e+06	3.11025e-10
1.3473e+06	1.63816e-10
1.3474e+06	8.54235e-11
1.3475e+06	4.41016e-11
1.3476e+06	2.25418e-11
1.3477e+06	1.14072e-11
1.3478e+06	5.71516e-12
1.3479e+06	2.83487e-12
1.348e+06	1.39218e-12
1.3481e+06	6.76886e-13
1.3482e+06	3.25831e-13
1.3483e+06	1.55284e-13
1.3484e+06	7.32685e-14
1.3485e+06	3.42267e-14
1.3486e+06	1.58296e-14
1.3487e+06	7.24824e-15
1.3488e+06	3.28588e-15
1.3489e+06	1.47478e-15
1.349e+06	6.55332e-16
1.3491e+06	2.88305e-16
1.3492e+06	1.25574e-16
1.3493e+06	5.41507e-17
1.3494e+06	2.31188e-17
1.3495e+06	9.77202e-18
1.3496e+06	4.08941e-18
1.3497e+06	1.69431e-18
1.3498e+06	6.94997e-19
1.3499e+06	2.82247e-19
1.35e+06	1.13484e-19
1.3501e+06	4.51747e-20
1.3502e+06	1.78038e-20
1.3503e+06	6.94686e-21
1.3504e+06	2.68362e-21
1.3505e+06	1.02639e-21
1.3506e+06	3.88649e-22
1.3507e+06	1.457e-22
1.3508e+06	5.40781e-23
1.3509e+06	1.98719e-23
1.351e+06	7.22959e-24
1.3511e+06	2.60403e-24
1.3512e+06	9.28612e-25
1.3513e+06	3.27854e-25
1.3514e+06	1.146e-25
1.3515e+06	3.96591e-26
1.3516e+06	1.35881e-26
1.3517e+06	4.60929e-27
1.3518e+06	1.54798e-27
1.3519e+06	5.14699e-28
1.352e+06	1.69433e-28
1.3521e+06	5.52206e-29
1.3522e+06	1.78181e-29
1.3523e+06	5.69216e-30
1.3524e+06	1.80032e-30
1.3525e+06	5.63743e-31
1.3526e+06	1.74771e-31
1.3527e+06	5.36431e-32
1.3528e+06	1.6301e-32
1.3529e+06	4.90427e-33
1.353e+06	1.4608e-33
1.3531e+06	4.30787e-34
1.3532e+06	1.25775e-34
1.3533e+06	3.63563e-35
1.3534e+06	1.04046e-35
1.3535e+06	2.94798e-36
1.3536e+06	8.26958e-37
1.3537e+06	2.29667e-37
1.3538e+06	6.31497e-38
1.3539e+06	1.7191e-38
1.354e+06	4.63326e-39
1.3541e+06	1.23632e-39
1.3542e+06	3.26611e-40
1.3543e+06	8.54257e-41
1.3544e+06	2.21209e-41
1.3545e+06	5.6712e-42
1.3546e+06	1.43947e-42
1.3547e+06	3.61734e-43
1.3548e+06	8.99979e-44
1.3549e+06	2.21683e-44
1.355e+06	5.40616e-45
1.3551e+06	1.30528e-45
1.3552e+06	3.12014e-46
1.3553e+06	7.38418e-47
1.3554e+06	1.73017e-47
1.3555e+06	4.01356e-48
1.3556e+06	9.21784e-49
1.3557e+06	2.09597e-49
1.3558e+06	4.71845e-50
1.3559e+06	1.05165e-50
1.356e+06	2.32058e-51
1.3561e+06	5.06969e-52
1.3562e+06	1.09654e-52
1.3563e+06	2.34813e-53
1.3564e+06	4.97826e-54
1.3565e+06	1.04494e-54
1.3566e+06	2.1715e-55
1.3567e+06	4.46773e-56
1.3568e+06	9.10062e-57
1.3569e+06	1.83532e-57
1.357e+06	3.66446e-58
1.3571e+06	7.24378e-59
1.3572e+06	1.41768e-59
1.3573e+06	2.74693e-60
1.3574e+06	5.26955e-61
1.3575e+06	1.00082e-61
1.3576e+06	1.8819e-62
1.3577e+06	3.50344e-63
1.3578e+06	6.45727e-64
1.3579e+06	1.17831e-64
1.358e+06	2.12877e-65
1.3581e+06	3.80763e-66
1.3582e+06	6.74276e-67
1.3583e+06	1.18216e-67
1.3584e+06	2.05199e-68
1.3585e+06	3.52637e-69
1.3586e+06	5.99983e-70
1.3587e+06	1.01066e-70
1.3588e+06	1.68551e-71
1.3589e+06	2.78301e-72
1.359e+06	4.54939e-73
1.3591e+06	7.36292e-74
1.3592e+06	1.17979e-74
1.3593e+06	1.8716e-75
1.3594e+06	2.93955e-76
1.3595e+06	4.57094e-77
1.3596e+06	7.03699e-78
1.3597e+06	1.07257e-78
1.3598e+06	1.61853e-79
1.3599e+06	2.4181e-80
1.36e+06	3.57671e-81
1.3601e+06	5.23782e-82
1.3602e+06	7.59406e-83
1.3603e+06	1.09007e-83
1.3604e+06	1.54915e-84
1.3605e+06	2.17966e-85
1.3606e+06	3.03627e-86
1.3607e+06	4.18745e-87
1.3608e+06	5.71762e-88
1.3609e+06	7.72927e-89
1.361e+06	1.03447e-89
1.3611e+06	1.37074e-90
1.3612e+06	1.79825e-91
1.3613e+06	2.33562e-92
1.3614e+06	3.00338e-93
1.3615e+06	3.82363e-94
1.3616e+06	4.81947e-95
1.3617e+06	6.01421e-96
1.3618e+06	7.43045e-97
1.3619e+06	9.08886e-98
1.362e+06	1.10068e-98
1.3621e+06	1.31968e-99
1.3622e+06	1.56651e-100
1.3623e+06	1.841e-101
1.3624e+06	2.14207e-102
1.3625e+06	2.46757e-103
1.3626e+06	2.81425e-104
1.3627e+06	3.1777e-105
1.3628e+06	3.55239e-106
1.3629e+06	3.93174e-107
1.363e+06	4.30831e-108
1.3631e+06	4.67396e-109
1.3632e+06	5.02019e-110
1.3633e+06	5.33842e-111
1.3634e+06	5.62034e-112
1.3635e+06	5.85827e-113
1.3636e+06	6.04551e-114
1.3637e+06	6.17666e-115
1.3638e+06	6.24787e-116
1.3639e+06	6.25701e-117
1.364e+06	6.20381e-118
1.3641e+06	6.08986e-119
1.3642e+06	5.91853e-120
1.3643e+06	5.69478e-121
1.3644e+06	5.42496e-122
1.3645e+06	5.11651e-123
1.3646e+06	4.77758e-124
1.3647e+06	4.41672e-125
1.3648e+06	4.04248e-126
1.3649e+06	3.66314e-127
1.365e+06	3.28637e-128
1.3651e+06	2.91901e-129
1.3652e+06	2.56692e-130
1.3653e+06	2.23484e-131
1.3654e+06	1.92636e-132
1.3655e+06	1.64393e-133
1.3656e+06	1.38896e-134
1.3657e+06	1.16185e-135
1.3658e+06	9.6221e-137
1.3659e+06	7.88944e-138
1.366e+06	6.40441e-139
1.3661e+06	5.14718e-140
1.3662e+06	4.09559e-141
1.3663e+06	3.22642e-142
1.3664e+06	2.51641e-143
1.3665e+06	1.94312e-144
1.3666e+06	1.48551e-145
1.3667e+06	1.12437e-146
1.3668e+06	8.42554e-148
1.3669e+06	6.25092e-149
1.367e+06	4.59143e-150
1.3671e+06	3.33894e-151
1.3672e+06	2.40395e-152
1.3673e+06	1.71357e-153
1.3674e+06	1.2093e-154
1.3675e+06	8.44932e-156
1.3676e+06	5.84477e-157
1.3677e+06	4.00286e-158
1.3678e+06	2.71413e-159
1.3679e+06	1.822e-160
1.368e+06	1.21094e-161
1.3681e+06	7.96807e-163
1.3682e+06	5.19088e-164
1.3683e+06	3.34801e-165
1.3684e+06	2.13791e-166
1.3685e+06	1.3516e-167
1.3686e+06	8.45989e-169
1.3687e+06	5.2425e-170
1.3688e+06	3.21639e-171
1.3689e+06	1.95369e-172
1.369e+06	1.1749e-173
1.3691e+06	6.99525e-175
1.3692e+06	4.12346e-176
1.3693e+06	2.40646e-177
1.3694e+06	1.39044e-178
1.3695e+06	7.95391e-180
1.3696e+06	4.50472e-181
1.3697e+06	2.52588e-182
1.3698e+06	1.40221e-183
1.3699e+06	7.70675e-185
1.37e+06	4.1936e-186
1.3701e+06	2.25922e-187
1.3702e+06	1.205e-188
1.3703e+06	6.36319e-190
1.3704e+06	3.32673e-191
1.3705e+06	1.72194e-192
1.3706e+06	8.82422e-194
1.3707e+06	4.47704e-195
1.3708e+06	2.24886e-196
1.3709e+06	1.11839e-197
1.371e+06	5.50652e-199
1.3711e+06	2.68423e-200
1.3712e+06	1.29545e-201
1.3713e+06	6.1898e-203
1.3714e+06	2.92813e-204
1.3715e+06	1.37139e-205
1.3716e+06	6.35902e-207
1.3717e+06	2.91928e-208
1.3718e+06	1.32684e-209
1.3719e+06	5.97059e-211
1.372e+06	2.65995e-212
1.3721e+06	1.17324e-213
1.3722e+06	5.12339e-215
1.3723e+06	2.21506e-216
1.3724e+06	9.48133e-218
1.3725e+06	4.01801e-219
1.3726e+06	1.68581e-220
1.3727e+06	7.0027e-222
1.3728e+06	2.87991e-223
1.3729e+06	1.1726e-224
1.373e+06	4.72689e-226
1.3731e+06	1.88651e-227
1.3732e+06	7.45418e-229
1.3733e+06	2.91607e-230
1.3734e+06	1.12941e-231
1.3735e+06	4.33077e-233
1.3736e+06	1.64412e-234
1.3737e+06	6.17961e-236
1.3738e+06	2.29957e-237
1.3739e+06	8.49739e-239
1.374e+06	1.00954e-239
1.3741e+06	1.91268e-238
1.3742e+06	5.16431e-237
1.3743e+06	1.38132e-235
1.3744e+06	3.65789e-234
1.3745e+06	9.59015e-233
1.3746e+06	2.4893e-231
1.3747e+06	6.39715e-230
1.3748e+06	1.62762e-228
1.3749e+06	4.09992e-227
1.375e+06	1.02248e-225
1.3751e+06	2.5246e-224
1.3752e+06	6.17144e-223
1.3753e+06	1.49361e-221
1.3754e+06	3.57887e-220
1.3755e+06	8.49008e-219
1.3756e+06	1.99404e-217
1.3757e+06	4.63675e-216
1.3758e+06	1.06746e-214
1.3759e+06	2.43301e-213
1.376e+06	5.49028e-212
1.3761e+06	1.2266e-210
1.3762e+06	2.71311e-209
1.3763e+06	5.9414e-208
1.3764e+06	1.28815e-206
1.3765e+06	2.76505e-205
1.3766e+06	5.8762e-204
1.3767e+06	1.23636e-202
1.3768e+06	2.57545e-201
1.3769e+06	5.3115e-200
1.377e+06	1.08452e-198
1.3771e+06	2.19239e-197
1.3772e+06	4.38786e-196
1.3773e+06	8.6945e-195
1.3774e+06	1.70567e-193
1.3775e+06	3.31284e-192
1.3776e+06	6.37036e-191
1.3777e+06	1.21279e-189
1.3778e+06	2.28593e-188
1.3779e+06	4.26577e-187
1.378e+06	7.88113e-186
1.3781e+06	1.44158e-184
1.3782e+06	2.61062e-183
1.3783e+06	4.68065e-182
1.3784e+06	8.30857e-181
1.3785e+06	1.46017e-179
1.3786e+06	2.54061e-178
1.3787e+06	4.37652e-177
1.3788e+06	7.46409e-176
1.3789e+06	1.26032e-174
1.379e+06	2.1069e-173
1.3791e+06	3.48709e-172
1.3792e+06	5.714e-171
1.3793e+06	9.26987e-170
1.3794e+06	1.48889e-168
1.3795e+06	2.36762e-167
1.3796e+06	3.72749e-166
1.3797e+06	5.81002e-165
1.3798e+06	8.96596e-164
1.3799e+06	1.36985e-162
1.38e+06	2.07207e-161
1.3801e+06	3.1031e-160
1.3802e+06	4.60089e-159
1.3803e+06	6.75377e-158
1.3804e+06	9.81538e-157
1.3805e+06	1.41229e-155
1.3806e+06	2.01187e-154
1.3807e+06	2.83748e-153
1.3808e+06	3.96207e-152
1.3809e+06	5.47732e-151
1.381e+06	7.49673e-150
1.3811e+06	1.01586e-148
1.3812e+06	1.36286e-147
1.3813e+06	1.81019e-146
1.3814e+06	2.38043e-145
1.3815e+06	3.09916e-144
1.3816e+06	3.99476e-143
1.3817e+06	5.09792e-142
1.3818e+06	6.441e-141
1.3819e+06	8.05694e-140
1.382e+06	9.97801e-139
1.3821e+06	1.22342e-137
1.3822e+06	1.48512e-136
1.3823e+06	1.78488e-135
1.3824e+06	2.12378e-134
1.3825e+06	2.5019e-133
1.3826e+06	2.918e-132
1.3827e+06	3.36945e-131
1.3828e+06	3.85203e-130
1.3829e+06	4.3599e-129
1.383e+06	4.88564e-128
1.3831e+06	5.4203e-127
1.3832e+06	5.95363e-126
1.3833e+06	6.47437e-125
1.3834e+06	6.9706e-124
1.3835e+06	7.43019e-123
1.3836e+06	7.84127e-122
1.3837e+06	8.19277e-121
1.3838e+06	8.47484e-120
1.3839e+06	8.6794e-119
1.384e+06	8.80044e-118
1.3841e+06	8.83439e-117
1.3842e+06	8.78023e-116
1.3843e+06	8.63957e-115
1.3844e+06	8.41657e-114
1.3845e+06	8.11775e-113
1.3846e+06	7.75163e-112
1.3847e+06	7.32837e-111
1.3848e+06	6.85929e-110
1.3849e+06	6.35635e-109
1.385e+06	5.83167e-108
1.3851e+06	5.29707e-107
1.3852e+06	4.7636e-106
1.3853e+06	4.24123e-105
1.3854e+06	3.73858e-104
1.3855e+06	3.2627e-103
1.3856e+06	2.81906e-102
1.3857e+06	2.41151e-101
1.3858e+06	2.04236e-100
1.3859e+06	1.7125e-99
1.386e+06	1.42163e-98
1.3861e+06	1.16842e-97
1.3862e+06	9.5076e-97
1.3863e+06	7.65946e-96
1.3864e+06	6.10917e-95
1.3865e+06	4.82418e-94
1.3866e+06	3.77157e-93
1.3867e+06	2.91929e-92
1.3868e+06	2.23713e-91
1.3869e+06	1.69731e-90
1.387e+06	1.27493e-89
1.3871e+06	9.48136e-89
1.3872e+06	6.9809e-88
1.3873e+06	5.08873e-87
1.3874e+06	3.67252e-86
1.3875e+06	2.62408e-85
1.3876e+06	1.85629e-84
1.3877e+06	1.30008e-83
1.3878e+06	9.01477e-83
1.3879e+06	6.18863e-82
1.388e+06	4.20622e-81
1.3881e+06	2.83039e-80
1.3882e+06	1.88564e-79
1.3883e+06	1.24373e-78
1.3884e+06	8.12179e-78
1.3885e+06	5.25091e-77
1.3886e+06	3.36104e-76
1.3887e+06	2.12996e-75
1.3888e+06	1.33636e-74
1.3889e+06	8.30109e-74
1.389e+06	5.10508e-73
1.3891e+06	3.10833e-72
1.3892e+06	1.87374e-71
1.3893e+06	1.11827e-70
1.3894e+06	6.60761e-70
1.3895e+06	3.86543e-69
1.3896e+06	2.23876e-68
1.3897e+06	1.28373e-67
1.3898e+06	7.28785e-67
1.3899e+06	4.0962e-66
1.39e+06	2.27939e-65
1.3901e+06	1.25578e-64
1.3902e+06	6.84963e-64
1.3903e+06	3.69893e-63
1.3904e+06	1.97762e-62
1.3905e+06	1.04681e-61
1.3906e+06	5.48589e-61
1.3907e+06	2.84633e-60
1.3908e+06	1.46211e-59
1.3909e+06	7.43587e-59
1.391e+06	3.74404e-58
1.3911e+06	1.86641e-57
1.3912e+06	9.21149e-57
1.3913e+06	4.50101e-56
1.3914e+06	2.17744e-55
1.3915e+06	1.0429e-54
1.3916e+06	4.9453e-54
1.3917e+06	2.32167e-53
1.3918e+06	1.07911e-52
1.3919e+06	4.96579e-52
1.392e+06	2.26239e-51
1.3921e+06	1.02048e-50
1.3922e+06	4.5572e-50
1.3923e+06	2.01488e-49
1.3924e+06	8.81975e-49
1.3925e+06	3.82227e-48
1.3926e+06	1.64e-47
1.3927e+06	6.96662e-47
1.3928e+06	2.92993e-46
1.3929e+06	1.21997e-45
1.393e+06	5.02922e-45
1.3931e+06	2.05262e-44
1.3932e+06	8.29415e-44
1.3933e+06	3.31813e-43
1.3934e+06	1.31423e-42
1.3935e+06	5.15355e-42
1.3936e+06	2.00078e-41
1.3937e+06	7.69039e-41
1.3938e+06	2.92654e-40
1.3939e+06	1.1026e-39
1.394e+06	4.11281e-39
1.3941e+06	1.51886e-38
1.3942e+06	5.5533e-38
1.3943e+06	2.01022e-37
1.3944e+06	7.2043e-37
1.3945e+06	2.55622e-36
1.3946e+06	8.97967e-36
1.3947e+06	3.12306e-35
1.3948e+06	1.07537e-34
1.3949e+06	3.66599e-34
1.395e+06	1.23732e-33
1.3951e+06	4.13458e-33
1.3952e+06	1.36784e-32
1.3953e+06	4.48021e-32
1.3954e+06	1.45284e-31
1.3955e+06	4.66438e-31
1.3956e+06	1.48261e-30
1.3957e+06	4.66572e-30
1.3958e+06	1.45367e-29
1.3959e+06	4.48405e-29
1.396e+06	1.36941e-28
1.3961e+06	4.14048e-28
1.3962e+06	1.23944e-27
1.3963e+06	3.67333e-27
1.3964e+06	1.07783e-26
1.3965e+06	3.1311e-26
1.3966e+06	9.00535e-26
1.3967e+06	2.56426e-25
1.3968e+06	7.22902e-25
1.3969e+06	2.01769e-24
1.397e+06	5.57554e-24
1.3971e+06	1.52537e-23
1.3972e+06	4.13164e-23
1.3973e+06	1.10796e-22
1.3974e+06	2.94162e-22
1.3975e+06	7.73222e-22
1.3976e+06	2.01223e-21
1.3977e+06	5.18454e-21
1.3978e+06	1.32251e-20
1.3979e+06	3.33999e-20
1.398e+06	8.35117e-20
1.3981e+06	2.06732e-19
1.3982e+06	5.06669e-19
1.3983e+06	1.22941e-18
1.3984e+06	2.95345e-18
1.3985e+06	7.02453e-18
1.3986e+06	1.6541e-17
1.3987e+06	3.85624e-17
1.3988e+06	8.90069e-17
1.3989e+06	2.03395e-16
1.399e+06	4.60165e-16
1.3991e+06	1.03073e-15
1.3992e+06	2.28576e-15
1.3993e+06	5.01852e-15
1.3994e+06	1.09088e-14
1.3995e+06	2.34766e-14
1.3996e+06	5.00209e-14
1.3997e+06	1.05517e-13
1.3998e+06	2.20371e-13
1.3999e+06	4.5566e-13
1.4e+06	9.32793e-13
1.4001e+06	1.89054e-12
1.4002e+06	3.79354e-12
1.4003e+06	7.53632e-12
1.4004e+06	1.48228e-11
1.4005e+06	2.88643e-11
1.4006e+06	5.56477e-11
1.4007e+06	1.06216e-10
1.4008e+06	2.0072e-10
1.4009e+06	3.75533e-10
1.401e+06	6.95606e-10
1.4011e+06	1.27566e-09
1.4012e+06	2.31613e-09
1.4013e+06	4.16341e-09
1.4014e+06	7.40956e-09
1.4015e+06	1.30555e-08
1.4016e+06	2.27746e-08
1.4017e+06	3.93336e-08
1.4018e+06	6.72567e-08
1.4019e+06	1.13858e-07
1.402e+06	1.90831e-07
1.4021e+06	3.1666e-07
1.4022e+06	5.20227e-07
1.4023e+06	8.46155e-07
1.4024e+06	1.36259e-06
1.4025e+06	2.17238e-06
1.4026e+06	3.42898e-06
1.4027e+06	5.35859e-06
1.4028e+06	8.29075e-06
1.4029e+06	1.26997e-05
1.403e+06	1.92598e-05
1.4031e+06	2.89179e-05
1.4032e+06	4.29873e-05
1.4033e+06	6.3266e-05
1.4034e+06	9.21845e-05
1.4035e+06	0.000132985
1.4036e+06	0.000189935
1.4037e+06	0.000268575
1.4038e+06	0.000375997
1.4039e+06	0.000521147
1.404e+06	0.000715146
1.4041e+06	0.000971599
1.4042e+06	0.00130688
1.4043e+06	0.00174039
1.4044e+06	0.00229463
1.4045e+06	0.0029953
1.4046e+06	0.00387101
1.4047e+06	0.00495301
1.4048e+06	0.00627441
1.4049e+06	0.00786931
1.405e+06	0.00977148
1.4051e+06	0.0120128
1.4052e+06	0.0146215
1.4053e+06	0.0176197
1.4054e+06	0.0210217
1.4055e+06	0.0248313
1.4056e+06	0.0290399
1.4057e+06	0.0336244
1.4058e+06	0.0385461
1.4059e+06	0.0437495
1.406e+06	0.0491623
1.4061e+06	0.0546967
1.4062e+06	0.0602505
1.4063e+06	0.0657102
1.4064e+06	0.0709544
1.4065e+06	0.0758582
1.4066e+06	0.080298
1.4067e+06	0.0841568
1.4068e+06	0.087329
1.4069e+06	0.0897258
1.407e+06	0.0912786
1.4071e+06	0.0919429
1.4072e+06	0.0917003
1.4073e+06	0.090559
1.4074e+06	0.088554
1.4075e+06	0.0857448
1.4076e+06	0.0822126
1.4077e+06	0.0780566
1.4078e+06	0.0733892
1.4079e+06	0.068331
1.408e+06	0.0630057
1.4081e+06	0.0575352
1.4082e+06	0.0520349
1.4083e+06	0.0466104
1.4084e+06	0.0413541
1.4085e+06	0.0363433
1.4086e+06	0.0316392
1.4087e+06	0.0272868
1.4088e+06	0.023315
1.4089e+06	0.0197383
1.409e+06	0.0165582
1.4091e+06	0.0137654
1.4092e+06	0.0113417
1.4093e+06	0.00926267
1.4094e+06	0.00749919
1.4095e+06	0.00601964
1.4096e+06	0.00479144
1.4097e+06	0.00378241
1.4098e+06	0.00296172
1.4099e+06	0.00230074
1.41e+06	0.00177342
1.4101e+06	0.0013566
1.4102e+06	0.00103007
1.4103e+06	0.000776482
1.4104e+06	0.000581193
1.4105e+06	0.000432021
1.4106e+06	0.000318972
1.4107e+06	0.000233949
1.4108e+06	0.000170477
1.4109e+06	0.000123433
1.411e+06	8.88067e-05
1.4111e+06	6.34945e-05
1.4112e+06	4.5114e-05
1.4113e+06	3.18544e-05
1.4114e+06	2.2351e-05
1.4115e+06	1.55836e-05
1.4116e+06	1.07956e-05
1.4117e+06	7.42991e-06
1.4118e+06	5.07958e-06
1.4119e+06	3.44918e-06
1.412e+06	2.32583e-06
1.4121e+06	1.5572e-06
1.4122e+06	1.03499e-06
1.4123e+06	6.82781e-07
1.4124e+06	4.46993e-07
1.4125e+06	2.90348e-07
1.4126e+06	1.87095e-07
1.4127e+06	1.19581e-07
1.4128e+06	7.57957e-08
1.4129e+06	4.76376e-08
1.413e+06	2.96835e-08
1.4131e+06	1.83352e-08
1.4132e+06	1.12255e-08
1.4133e+06	6.81133e-09
