86887.9	3.78015e-08
86987.9	6.43876e-08
87087.9	1.08612e-07
87187.9	1.81441e-07
87287.9	3.00174e-07
87387.9	4.91804e-07
87487.9	7.97977e-07
87587.9	1.28224e-06
87687.9	2.04046e-06
87787.9	3.21563e-06
87887.9	5.01864e-06
87987.9	7.75688e-06
88087.9	1.18733e-05
88187.9	1.79987e-05
88287.9	2.70206e-05
88387.9	4.01732e-05
88487.9	5.9152e-05
88587.9	8.62572e-05
88687.9	0.000124571
88787.9	0.000178172
88887.9	0.000252385
88987.9	0.000354076
89087.9	0.000491974
89187.9	0.000677028
89287.9	0.000922772
89387.9	0.0012457
89487.9	0.0016656
89587.9	0.00220583
89687.9	0.00289352
89787.9	0.00375963
89887.9	0.00483878
89987.9	0.00616894
90087.9	0.00779076
90187.9	0.00974669
90287.9	0.0120797
90387.9	0.0148316
90487.9	0.0180414
90587.9	0.0217431
90687.9	0.0259631
90787.9	0.0307181
90887.9	0.0360127
90987.9	0.0418372
91087.9	0.0481655
91187.9	0.0549542
91287.9	0.0621416
91387.9	0.0696477
91487.9	0.0773751
91587.9	0.0852111
91687.9	0.0930297
91787.9	0.100695
91887.9	0.108066
91987.9	0.115001
92087.9	0.12136
92187.9	0.127012
92287.9	0.131841
92387.9	0.135745
92487.9	0.138645
92587.9	0.140483
92687.9	0.141228
92787.9	0.140873
92887.9	0.139435
92987.9	0.136959
93087.9	0.133509
93187.9	0.129169
93287.9	0.124038
93387.9	0.118227
93487.9	0.111859
93587.9	0.105056
93687.9	0.0979449
93787.9	0.090648
93887.9	0.0832827
93987.9	0.0759577
94087.9	0.0687718
94187.9	0.0618116
94287.9	0.0551511
94387.9	0.0488508
94487.9	0.042958
94587.9	0.0375066
94687.9	0.0325185
94787.9	0.0280043
94887.9	0.0239642
94987.9	0.0203901
95087.9	0.0172662
95187.9	0.0145712
95287.9	0.012279
95387.9	0.0103606
95487.9	0.00878486
95587.9	0.00751964
95687.9	0.00653264
95787.9	0.00579203
95887.9	0.00526691
95987.9	0.00492768
96087.9	0.00474622
96187.9	0.00469596
96287.9	0.00475195
96387.9	0.00489085
96487.9	0.00509088
96587.9	0.00533181
96687.9	0.00559499
96787.9	0.00586335
96887.9	0.00612154
96987.9	0.00635594
97087.9	0.00655487
97187.9	0.00670867
97287.9	0.00680979
97387.9	0.00685291
97487.9	0.00683495
97587.9	0.00675505
97687.9	0.00661445
97787.9	0.00641636
97887.9	0.00616572
97987.9	0.0058689
98087.9	0.0055334
98187.9	0.00516746
98287.9	0.00477971
98387.9	0.00437883
98487.9	0.00397319
98587.9	0.0035706
98687.9	0.00317801
98787.9	0.00280142
98887.9	0.00244572
98987.9	0.00211462
99087.9	0.00181073
99187.9	0.00153556
99287.9	0.00128963
99387.9	0.00107262
99487.9	0.000883493
99587.9	0.000720669
99687.9	0.000582156
99787.9	0.000465703
99887.9	0.000368928
99987.9	0.000289423
100088	0.000224844
100188	0.000172974
100288	0.000131773
100388	9.9408e-05
100488	7.42604e-05
100588	5.49328e-05
100688	4.02386e-05
100788	2.91868e-05
100888	2.09633e-05
100988	1.49094e-05
101088	1.04999e-05
101188	7.32208e-06
101288	5.05593e-06
101388	3.45689e-06
101488	2.34037e-06
101588	1.5689e-06
101688	1.0414e-06
101788	6.84455e-07
101888	4.45431e-07
101988	2.87025e-07
102088	1.8313e-07
102188	1.15692e-07
102288	7.23691e-08
102388	4.48249e-08
102488	2.74943e-08
102588	1.67053e-08
102688	1.00635e-08
102788	6.02787e-09
102888	3.62077e-09
102988	2.23543e-09
103088	1.51008e-09
103188	1.24981e-09
103288	1.38333e-09
103388	1.94683e-09
103488	3.0925e-09
103588	5.12333e-09
103688	8.56047e-09
103788	1.42553e-08
103888	2.35654e-08
103988	3.86217e-08
104088	6.27305e-08
104188	1.00964e-07
104288	1.61022e-07
104388	2.54473e-07
104488	3.98516e-07
104588	6.1846e-07
104688	9.51158e-07
104788	1.44972e-06
104888	2.18989e-06
104988	3.27858e-06
105088	4.86513e-06
105188	7.15601e-06
105288	1.04337e-05
105388	1.50808e-05
105488	2.16103e-05
105588	3.07026e-05
105688	4.32521e-05
105788	6.0422e-05
105888	8.3711e-05
105988	0.000115032
106088	0.000156802
106188	0.000212052
106288	0.000284544
106388	0.000378913
106488	0.000500821
106588	0.000657134
106688	0.000856113
106788	0.00110763
106888	0.0014234
106988	0.00181725
107088	0.00230535
107188	0.00290657
107288	0.00364268
107388	0.0045387
107488	0.00562315
107588	0.00692821
107688	0.00848993
107788	0.0103482
107888	0.0125465
107988	0.0151317
108088	0.0181535
108188	0.021663
108288	0.0257119
108388	0.0303505
108488	0.0356255
108588	0.0415777
108688	0.048239
108788	0.0556293
108888	0.063753
108988	0.0725965
109088	0.0821247
109188	0.0922787
109288	0.102975
109388	0.114102
109488	0.125525
109588	0.137084
109688	0.148599
109788	0.159871
109888	0.170694
109988	0.180854
110088	0.190142
110188	0.198359
110288	0.205324
110388	0.210884
110488	0.214914
110588	0.217328
110688	0.218082
110788	0.21717
110888	0.214631
110988	0.210543
111088	0.205021
111188	0.198211
111288	0.190282
111388	0.181424
111488	0.171835
111588	0.161717
111688	0.151269
111788	0.140677
111888	0.130115
111988	0.119735
112088	0.109668
112188	0.100019
112288	0.09087
112388	0.0822787
112488	0.0742802
112588	0.0668901
112688	0.0601064
112788	0.0539131
112888	0.0482836
112988	0.0431832
113088	0.0385726
113188	0.0344101
113288	0.030654
113388	0.0272641
113488	0.0242029
113588	0.0214366
113688	0.018935
113788	0.0166724
113888	0.0146263
113988	0.012778
114088	0.0111114
114188	0.00961285
114288	0.00827034
114388	0.00707309
114488	0.00601115
114588	0.005075
114688	0.00425534
114788	0.00354298
114888	0.00292873
114988	0.00240347
115088	0.00195816
115188	0.00158397
115288	0.00127239
115388	0.00101531
115488	0.000805142
115588	0.000634895
115688	0.000498225
115788	0.000389467
115888	0.000303641
115988	0.000236437
116088	0.000184179
116188	0.000143782
116288	0.000112692
116388	8.88289e-05
116488	7.05202e-05
116588	5.64435e-05
116688	4.55666e-05
116788	3.70962e-05
116888	3.04305e-05
116988	2.51196e-05
117088	2.08311e-05
117188	1.7322e-05
117288	1.44163e-05
117388	1.19867e-05
117488	9.94098e-06
117588	8.21169e-06
117688	6.74822e-06
117788	5.51148e-06
117888	4.47014e-06
117988	3.59804e-06
118088	2.87263e-06
118188	2.27397e-06
118288	1.7842e-06
118388	1.38722e-06
118488	1.06859e-06
118588	8.15396e-07
118688	6.16267e-07
118788	4.61289e-07
118888	3.41939e-07
118988	2.50998e-07
119088	1.82441e-07
119188	1.31306e-07
119288	9.35732e-08
119388	6.60253e-08
119488	4.61269e-08
119588	3.19065e-08
119688	2.18514e-08
119788	1.48166e-08
119888	9.94695e-09
119988	6.61146e-09
120088	4.3508e-09
120188	2.83469e-09
120288	1.82853e-09
120388	1.16778e-09
120488	7.38385e-10
120588	4.62235e-10
120688	2.86485e-10
120788	1.75793e-10
