2.41053e+06	1.7588e-07
2.41063e+06	2.88548e-07
2.41073e+06	4.68683e-07
2.41083e+06	7.53707e-07
2.41093e+06	1.20002e-06
2.41103e+06	1.89163e-06
2.41113e+06	2.95223e-06
2.41123e+06	4.56173e-06
2.41133e+06	6.97872e-06
2.41143e+06	1.05704e-05
2.41153e+06	1.58517e-05
2.41163e+06	2.35361e-05
2.41173e+06	3.45993e-05
2.41183e+06	5.03592e-05
2.41193e+06	7.25725e-05
2.41203e+06	0.00010355
2.41213e+06	0.000146292
2.41223e+06	0.000204638
2.41233e+06	0.000283435
2.41243e+06	0.000388714
2.41253e+06	0.000527867
2.41263e+06	0.000709817
2.41273e+06	0.000945165
2.41283e+06	0.0012463
2.41293e+06	0.00162743
2.41303e+06	0.00210459
2.41313e+06	0.00269549
2.41323e+06	0.00341929
2.41333e+06	0.00429626
2.41343e+06	0.00534726
2.41353e+06	0.00659316
2.41363e+06	0.00805412
2.41373e+06	0.0097488
2.41383e+06	0.0116935
2.41393e+06	0.0139015
2.41403e+06	0.0163819
2.41413e+06	0.0191396
2.41423e+06	0.0221742
2.41433e+06	0.0254803
2.41443e+06	0.0290473
2.41453e+06	0.0328599
2.41463e+06	0.0368981
2.41473e+06	0.0411387
2.41483e+06	0.0455557
2.41493e+06	0.0501214
2.41503e+06	0.0548069
2.41513e+06	0.0595833
2.41523e+06	0.0644214
2.41533e+06	0.0692921
2.41543e+06	0.0741662
2.41553e+06	0.0790132
2.41563e+06	0.0838003
2.41573e+06	0.0884916
2.41583e+06	0.0930466
2.41593e+06	0.0974188
2.41603e+06	0.101556
2.41613e+06	0.105398
2.41623e+06	0.10888
2.41633e+06	0.111931
2.41643e+06	0.11448
2.41653e+06	0.116453
2.41663e+06	0.117781
2.41673e+06	0.118402
2.41683e+06	0.118266
2.41693e+06	0.117337
2.41703e+06	0.115596
2.41713e+06	0.113046
2.41723e+06	0.10971
2.41733e+06	0.105634
2.41743e+06	0.100884
2.41753e+06	0.0955451
2.41763e+06	0.0897165
2.41773e+06	0.0835099
2.41783e+06	0.0770437
2.41793e+06	0.0704382
2.41803e+06	0.0638113
2.41813e+06	0.0572741
2.41823e+06	0.050927
2.41833e+06	0.044857
2.41843e+06	0.0391357
2.41853e+06	0.0338182
2.41863e+06	0.0289425
2.41873e+06	0.0245308
2.41883e+06	0.02059
2.41893e+06	0.0171142
2.41903e+06	0.0140864
2.41913e+06	0.0114807
2.41923e+06	0.00926532
2.41933e+06	0.00740393
2.41943e+06	0.00585824
2.41953e+06	0.00458954
2.41963e+06	0.0035601
2.41973e+06	0.00273428
2.41983e+06	0.00207924
2.41993e+06	0.00156548
2.42003e+06	0.00116698
2.42013e+06	0.000861299
2.42023e+06	0.000629384
2.42033e+06	0.00045535
2.42043e+06	0.00032617
2.42053e+06	0.000231317
2.42063e+06	0.000162418
2.42073e+06	0.000112909
2.42083e+06	7.77108e-05
2.42093e+06	5.29538e-05
2.42103e+06	3.57252e-05
2.42113e+06	2.38623e-05
2.42123e+06	1.57801e-05
2.42133e+06	1.03316e-05
2.42143e+06	6.69709e-06
2.42153e+06	4.29796e-06
2.42163e+06	2.73085e-06
2.42173e+06	1.71787e-06
2.42183e+06	1.0699e-06
2.42193e+06	6.59708e-07
2.42203e+06	4.02735e-07
2.42213e+06	2.43414e-07
2.42223e+06	1.45656e-07
2.42233e+06	8.62918e-08
2.42243e+06	5.06137e-08
2.42253e+06	2.93917e-08
2.42263e+06	1.68981e-08
2.42273e+06	9.61852e-09
2.42283e+06	5.42046e-09
2.42293e+06	3.02428e-09
2.42303e+06	1.67057e-09
2.42313e+06	9.13618e-10
2.42323e+06	4.94677e-10
2.42333e+06	2.65177e-10
2.42343e+06	1.40737e-10
2.42353e+06	7.39496e-11
2.42363e+06	3.84699e-11
2.42373e+06	1.98136e-11
2.42383e+06	1.01033e-11
2.42393e+06	5.1006e-12
2.42403e+06	2.54939e-12
2.42413e+06	1.26156e-12
2.42423e+06	6.18066e-13
2.42433e+06	2.99792e-13
2.42443e+06	1.43967e-13
2.42453e+06	6.84483e-14
2.42463e+06	3.22195e-14
2.42473e+06	1.50153e-14
2.42483e+06	6.92794e-15
2.42493e+06	3.16469e-15
2.42503e+06	1.43125e-15
2.42513e+06	6.40853e-16
2.42523e+06	2.84091e-16
2.42533e+06	1.24685e-16
2.42543e+06	5.41785e-17
2.42553e+06	2.33076e-17
2.42563e+06	9.92715e-18
2.42573e+06	4.18609e-18
2.42583e+06	1.74763e-18
2.42593e+06	7.22352e-19
2.42603e+06	2.956e-19
2.42613e+06	1.19761e-19
2.42623e+06	4.80382e-20
2.42633e+06	1.90771e-20
2.42643e+06	7.50061e-21
2.42653e+06	2.9197e-21
2.42663e+06	1.12522e-21
2.42673e+06	4.29329e-22
2.42683e+06	1.62182e-22
2.42693e+06	6.06557e-23
2.42703e+06	2.24594e-23
2.42713e+06	8.23343e-24
2.42723e+06	2.98828e-24
2.42733e+06	1.07379e-24
2.42743e+06	3.82008e-25
2.42753e+06	1.3455e-25
2.42763e+06	4.69194e-26
2.42773e+06	1.61986e-26
2.42783e+06	5.53682e-27
2.42793e+06	1.8737e-27
2.42803e+06	6.27764e-28
2.42813e+06	2.08233e-28
2.42823e+06	6.8385e-29
2.42833e+06	2.22346e-29
2.42843e+06	7.15737e-30
2.42853e+06	2.28105e-30
2.42863e+06	7.19738e-31
2.42873e+06	2.24838e-31
2.42883e+06	6.95382e-32
2.42893e+06	2.12928e-32
2.42903e+06	6.45507e-33
2.42913e+06	1.93743e-33
2.42923e+06	5.75713e-34
2.42933e+06	1.69373e-34
2.42943e+06	4.93333e-35
2.42953e+06	1.42263e-35
2.42963e+06	4.06165e-36
2.42973e+06	1.14807e-36
2.42983e+06	3.21286e-37
2.42993e+06	8.9017e-38
2.43003e+06	2.4418e-38
2.43013e+06	6.63141e-39
2.43023e+06	1.78302e-39
2.43033e+06	4.74642e-40
2.43043e+06	1.25093e-40
2.43053e+06	3.26404e-41
2.43063e+06	8.43209e-42
2.43073e+06	2.15661e-42
2.43083e+06	5.46093e-43
2.43093e+06	1.36905e-43
2.43103e+06	3.39802e-44
2.43113e+06	8.3501e-45
2.43123e+06	2.03149e-45
2.43133e+06	4.89321e-46
2.43143e+06	1.16689e-46
2.43153e+06	2.75501e-47
2.43163e+06	6.43983e-48
2.43173e+06	1.49033e-48
2.43183e+06	3.41465e-49
2.43193e+06	7.74584e-50
2.43203e+06	1.73959e-50
2.43213e+06	3.86797e-51
2.43223e+06	8.51483e-52
2.43233e+06	1.85578e-52
2.43243e+06	4.00436e-53
2.43253e+06	8.55455e-54
2.43263e+06	1.80933e-54
2.43273e+06	3.78876e-55
2.43283e+06	7.85474e-56
2.43293e+06	1.61222e-56
2.43303e+06	3.27622e-57
2.43313e+06	6.59144e-58
2.43323e+06	1.31294e-58
2.43333e+06	2.58919e-59
2.43343e+06	5.05524e-60
2.43353e+06	9.77184e-61
2.43363e+06	1.87011e-61
2.43373e+06	3.54337e-62
2.43383e+06	6.64696e-63
2.43393e+06	1.23448e-63
2.43403e+06	2.26989e-64
2.43413e+06	4.13221e-65
2.43423e+06	7.44761e-66
2.43433e+06	1.32895e-66
2.43443e+06	2.34777e-67
2.43453e+06	4.1064e-68
2.43463e+06	7.11112e-69
2.43473e+06	1.22051e-69
2.43483e+06	2.15296e-70
2.43493e+06	8.42716e-71
2.43503e+06	2.95672e-70
2.43513e+06	1.6818e-69
2.43523e+06	9.64918e-69
2.43533e+06	5.48399e-68
2.43543e+06	3.0858e-67
2.43553e+06	1.71908e-66
2.43563e+06	9.48157e-66
2.43573e+06	5.17752e-65
2.43583e+06	2.79912e-64
2.43593e+06	1.49823e-63
2.43603e+06	7.93946e-63
2.43613e+06	4.16545e-62
2.43623e+06	2.16366e-61
2.43633e+06	1.11269e-60
2.43643e+06	5.66522e-60
2.43653e+06	2.85573e-59
2.43663e+06	1.42519e-58
2.43673e+06	7.04186e-58
2.43683e+06	3.44476e-57
2.43693e+06	1.66835e-56
2.43703e+06	7.99969e-56
2.43713e+06	3.79766e-55
2.43723e+06	1.78491e-54
2.43733e+06	8.30566e-54
2.43743e+06	3.82639e-53
2.43753e+06	1.74527e-52
2.43763e+06	7.88119e-52
2.43773e+06	3.52354e-51
2.43783e+06	1.55964e-50
2.43793e+06	6.83481e-50
2.43803e+06	2.96542e-49
2.43813e+06	1.27381e-48
2.43823e+06	5.41724e-48
2.43833e+06	2.28092e-47
2.43843e+06	9.50826e-47
2.43853e+06	3.92418e-46
2.43863e+06	1.60345e-45
2.43873e+06	6.48661e-45
2.43883e+06	2.598e-44
2.43893e+06	1.03019e-43
2.43903e+06	4.04441e-43
2.43913e+06	1.57199e-42
2.43923e+06	6.04929e-42
2.43933e+06	2.30471e-41
2.43943e+06	8.69332e-41
2.43953e+06	3.24649e-40
2.43963e+06	1.20033e-39
2.43973e+06	4.39386e-39
2.43983e+06	1.59239e-38
2.43993e+06	5.71364e-38
2.44003e+06	2.02971e-37
2.44013e+06	7.13865e-37
2.44023e+06	2.48574e-36
2.44033e+06	8.56951e-36
2.44043e+06	2.92493e-35
2.44053e+06	9.88404e-35
2.44063e+06	3.30685e-34
2.44073e+06	1.09535e-33
2.44083e+06	3.59214e-33
2.44093e+06	1.16631e-32
2.44103e+06	3.74919e-32
2.44113e+06	1.19322e-31
2.44123e+06	3.75981e-31
2.44133e+06	1.17293e-30
2.44143e+06	3.6228e-30
2.44153e+06	1.10784e-29
2.44163e+06	3.35408e-29
2.44173e+06	1.00539e-28
2.44183e+06	2.98374e-28
2.44193e+06	8.767e-28
2.44203e+06	2.5504e-27
2.44213e+06	7.34566e-27
2.44223e+06	2.0947e-26
2.44233e+06	5.91399e-26
2.44243e+06	1.65314e-25
2.44253e+06	4.57516e-25
2.44263e+06	1.25365e-24
2.44273e+06	3.40109e-24
2.44283e+06	9.13553e-24
2.44293e+06	2.42954e-23
2.44303e+06	6.39722e-23
2.44313e+06	1.66777e-22
2.44323e+06	4.30489e-22
2.44333e+06	1.10019e-21
2.44343e+06	2.78394e-21
2.44353e+06	6.97489e-21
2.44363e+06	1.73023e-20
2.44373e+06	4.24972e-20
2.44383e+06	1.0335e-19
2.44393e+06	2.48863e-19
2.44403e+06	5.93347e-19
2.44413e+06	1.40075e-18
2.44423e+06	3.27433e-18
2.44433e+06	7.57872e-18
2.44443e+06	1.73695e-17
2.44453e+06	3.94184e-17
2.44463e+06	8.85806e-17
2.44473e+06	1.97111e-16
2.44483e+06	4.34334e-16
2.44493e+06	9.47727e-16
2.44503e+06	2.04784e-15
2.44513e+06	4.38197e-15
2.44523e+06	9.28569e-15
2.44533e+06	1.94867e-14
2.44543e+06	4.04996e-14
2.44553e+06	8.3361e-14
2.44563e+06	1.69936e-13
2.44573e+06	3.4311e-13
2.44583e+06	6.86147e-13
2.44593e+06	1.3591e-12
2.44603e+06	2.66655e-12
2.44613e+06	5.18238e-12
2.44623e+06	9.97716e-12
2.44633e+06	1.90283e-11
2.44643e+06	3.59524e-11
2.44653e+06	6.72991e-11
2.44663e+06	1.24815e-10
2.44673e+06	2.29361e-10
2.44683e+06	4.17631e-10
2.44693e+06	7.53547e-10
2.44703e+06	1.3474e-09
2.44713e+06	2.38767e-09
2.44723e+06	4.19347e-09
2.44733e+06	7.29993e-09
2.44743e+06	1.25961e-08
2.44753e+06	2.15456e-08
2.44763e+06	3.65348e-08
2.44773e+06	6.14203e-08
2.44783e+06	1.02377e-07
2.44793e+06	1.69199e-07
2.44803e+06	2.77288e-07
2.44813e+06	4.50634e-07
2.44823e+06	7.26274e-07
2.44833e+06	1.16086e-06
2.44843e+06	1.84028e-06
2.44853e+06	2.89354e-06
2.44863e+06	4.51265e-06
2.44873e+06	6.98075e-06
2.44883e+06	1.07115e-05
2.44893e+06	1.63036e-05
2.44903e+06	2.46153e-05
2.44913e+06	3.68651e-05
2.44923e+06	5.47661e-05
2.44933e+06	8.0703e-05
2.44943e+06	0.000117961
2.44953e+06	0.000171021
2.44963e+06	0.000245928
2.44973e+06	0.000350748
2.44983e+06	0.000496129
2.44993e+06	0.000695961
2.45003e+06	0.000968152
2.45013e+06	0.00133551
2.45023e+06	0.00182671
2.45033e+06	0.00247733
2.45043e+06	0.00333094
2.45053e+06	0.00444005
2.45063e+06	0.00586707
2.45073e+06	0.00768492
2.45083e+06	0.00997736
2.45093e+06	0.0128387
2.45103e+06	0.0163732
2.45113e+06	0.0206931
2.45123e+06	0.0259162
2.45133e+06	0.0321624
2.45143e+06	0.0395487
2.45153e+06	0.048184
2.45163e+06	0.0581618
2.45173e+06	0.0695533
2.45183e+06	0.0823993
2.45193e+06	0.0967024
2.45203e+06	0.11242
2.45213e+06	0.129456
2.45223e+06	0.147659
2.45233e+06	0.166819
2.45243e+06	0.186666
2.45253e+06	0.206872
2.45263e+06	0.227065
2.45273e+06	0.246828
2.45283e+06	0.265722
2.45293e+06	0.283296
2.45303e+06	0.299103
2.45313e+06	0.312727
2.45323e+06	0.32379
2.45333e+06	0.331978
2.45343e+06	0.337051
2.45353e+06	0.338858
2.45363e+06	0.337341
2.45373e+06	0.332541
2.45383e+06	0.324594
2.45393e+06	0.313727
2.45403e+06	0.300244
2.45413e+06	0.284514
2.45423e+06	0.266955
2.45433e+06	0.248012
2.45443e+06	0.228143
2.45453e+06	0.207795
2.45463e+06	0.187394
2.45473e+06	0.167327
2.45483e+06	0.147933
2.45493e+06	0.129495
2.45503e+06	0.112233
2.45513e+06	0.0963105
2.45523e+06	0.0818289
2.45533e+06	0.0688366
2.45543e+06	0.0573338
2.45553e+06	0.0472801
2.45563e+06	0.0386031
2.45573e+06	0.0312061
2.45583e+06	0.0249765
2.45593e+06	0.0197923
2.45603e+06	0.0155286
2.45613e+06	0.0120625
2.45623e+06	0.00927717
2.45633e+06	0.00706418
2.45643e+06	0.00532571
2.45653e+06	0.00397522
2.45663e+06	0.00293773
2.45673e+06	0.00214946
2.45683e+06	0.00155709
2.45693e+06	0.00111677
2.45703e+06	0.000793016
2.45713e+06	0.000557524
2.45723e+06	0.00038807
2.45733e+06	0.000267437
2.45743e+06	0.000182472
2.45753e+06	0.000123264
2.45763e+06	8.24401e-05
2.45773e+06	5.45889e-05
2.45783e+06	3.57876e-05
2.45793e+06	2.32287e-05
2.45803e+06	1.49272e-05
2.45813e+06	9.49719e-06
2.45823e+06	5.98237e-06
2.45833e+06	3.7309e-06
2.45843e+06	2.30365e-06
2.45853e+06	1.40825e-06
2.45863e+06	8.52322e-07
2.45873e+06	5.10728e-07
2.45883e+06	3.02996e-07
2.45893e+06	1.77969e-07
2.45903e+06	1.03493e-07
2.45913e+06	5.95856e-08
2.45923e+06	3.39649e-08
2.45933e+06	1.91682e-08
2.45943e+06	1.071e-08
2.45953e+06	5.92462e-09
2.45963e+06	3.24482e-09
2.45973e+06	1.75946e-09
2.45983e+06	9.4456e-10
2.45993e+06	5.02041e-10
2.46003e+06	2.64185e-10
2.46013e+06	1.37637e-10
2.46023e+06	7.09944e-11
2.46033e+06	3.62553e-11
2.46043e+06	1.83306e-11
2.46053e+06	9.17578e-12
2.46063e+06	4.54745e-12
2.46073e+06	2.23127e-12
2.46083e+06	1.08391e-12
2.46093e+06	5.2131e-13
2.46103e+06	2.48231e-13
2.46113e+06	1.17024e-13
2.46123e+06	5.46203e-14
2.46133e+06	2.52401e-14
2.46143e+06	1.15475e-14
2.46153e+06	5.23047e-15
2.46163e+06	2.3456e-15
2.46173e+06	1.04142e-15
2.46183e+06	4.57777e-16
2.46193e+06	1.99224e-16
2.46203e+06	8.58397e-17
2.46213e+06	3.66179e-17
2.46223e+06	1.54652e-17
2.46233e+06	6.46662e-18
2.46243e+06	2.67705e-18
2.46253e+06	1.09722e-18
2.46263e+06	4.45236e-19
2.46273e+06	1.78873e-19
2.46283e+06	7.11469e-20
2.46293e+06	2.80173e-20
2.46303e+06	1.09233e-20
2.46313e+06	4.21638e-21
2.46323e+06	1.61133e-21
2.46333e+06	6.09657e-22
2.46343e+06	2.28373e-22
2.46353e+06	8.4696e-23
2.46363e+06	3.10984e-23
2.46373e+06	1.1305e-23
2.46383e+06	4.06877e-24
2.46393e+06	1.44981e-24
2.46403e+06	5.11468e-25
2.46413e+06	1.78642e-25
2.46423e+06	6.17739e-26
2.46433e+06	2.11488e-26
2.46443e+06	7.1684e-27
2.46453e+06	2.40557e-27
2.46463e+06	7.99227e-28
2.46473e+06	2.62894e-28
2.46483e+06	8.56148e-29
2.46493e+06	2.76041e-29
2.46503e+06	8.81166e-30
2.46513e+06	2.78483e-30
2.46523e+06	8.71358e-31
2.46533e+06	2.69931e-31
2.46543e+06	8.27877e-32
2.46553e+06	2.51383e-32
2.46563e+06	7.55727e-33
2.46573e+06	2.24932e-33
2.46583e+06	6.62817e-34
2.46593e+06	1.93372e-34
2.46603e+06	5.58538e-35
2.46613e+06	1.59723e-35
2.46623e+06	4.52211e-36
2.46633e+06	1.26757e-36
2.46643e+06	3.5177e-37
2.46653e+06	9.66505e-38
2.46663e+06	2.6291e-38
2.46673e+06	7.08054e-39
2.46683e+06	1.88792e-39
2.46693e+06	4.98378e-40
2.46703e+06	1.30254e-40
2.46713e+06	3.37039e-41
2.46723e+06	8.63428e-42
2.46733e+06	2.18993e-42
2.46743e+06	5.49909e-43
2.46753e+06	1.36713e-43
2.46763e+06	3.365e-44
2.46773e+06	8.20008e-45
2.46783e+06	1.97838e-45
2.46793e+06	4.72559e-46
2.46803e+06	1.11753e-46
2.46813e+06	2.61651e-47
2.46823e+06	6.06516e-48
2.46833e+06	1.39194e-48
2.46843e+06	3.16266e-49
2.46853e+06	7.11449e-50
2.46863e+06	1.5845e-50
2.46873e+06	3.4938e-51
2.46883e+06	7.62712e-52
2.46893e+06	1.64847e-52
2.46903e+06	3.52742e-53
2.46913e+06	7.47294e-54
2.46923e+06	1.56741e-54
2.46933e+06	3.25486e-55
2.46943e+06	6.69172e-56
2.46953e+06	1.36207e-56
2.46963e+06	2.74487e-57
2.46973e+06	5.47645e-58
2.46983e+06	1.08177e-58
2.46993e+06	2.11556e-59
2.47003e+06	4.09613e-60
2.47013e+06	7.852e-61
2.47023e+06	1.4902e-61
2.47033e+06	2.80004e-62
2.47043e+06	5.20885e-63
2.47053e+06	9.59349e-64
2.47063e+06	1.74932e-64
2.47073e+06	3.15804e-65
2.47083e+06	5.64448e-66
2.47093e+06	9.98819e-67
2.47103e+06	1.74988e-67
2.47113e+06	3.03518e-68
2.47123e+06	5.21218e-69
2.47133e+06	8.86159e-70
2.47143e+06	1.49163e-70
2.47153e+06	2.4858e-71
2.47163e+06	4.10138e-72
2.47173e+06	6.69962e-73
2.47183e+06	1.0835e-73
2.47193e+06	1.73485e-74
2.47203e+06	2.75014e-75
2.47213e+06	4.31622e-76
2.47223e+06	6.7067e-77
2.47233e+06	1.03174e-77
2.47243e+06	1.57142e-78
2.47253e+06	2.36957e-79
2.47263e+06	3.53756e-80
2.47273e+06	5.22872e-81
2.47283e+06	7.65146e-82
2.47293e+06	1.10854e-82
2.47303e+06	1.59006e-83
2.47313e+06	2.25804e-84
2.47323e+06	3.17475e-85
2.47333e+06	4.4192e-86
2.47343e+06	6.09024e-87
2.47353e+06	8.30966e-88
2.47363e+06	1.12251e-88
2.47373e+06	1.50124e-89
2.47383e+06	1.98779e-90
2.47393e+06	2.60584e-91
2.47403e+06	3.38206e-92
2.47413e+06	4.34582e-93
2.47423e+06	5.52866e-94
2.47433e+06	6.96345e-95
2.47443e+06	8.68334e-96
2.47453e+06	1.07203e-96
2.47463e+06	1.31033e-97
2.47473e+06	1.58568e-98
2.47483e+06	1.89979e-99
2.47493e+06	2.25348e-100
2.47503e+06	2.64641e-101
2.47513e+06	3.07694e-102
2.47523e+06	3.54191e-103
2.47533e+06	4.03658e-104
2.47543e+06	4.55456e-105
2.47553e+06	5.08788e-106
2.47563e+06	5.62709e-107
2.47573e+06	6.16152e-108
2.47583e+06	6.67958e-109
2.47593e+06	7.16914e-110
2.47603e+06	7.61803e-111
2.47613e+06	8.01447e-112
2.47623e+06	8.34765e-113
2.47633e+06	8.60817e-114
2.47643e+06	8.7885e-115
2.47653e+06	8.88332e-116
2.47663e+06	8.88982e-117
2.47673e+06	8.80781e-118
2.47683e+06	8.63972e-119
2.47693e+06	8.39052e-120
2.47703e+06	8.06742e-121
2.47713e+06	7.67959e-122
2.47723e+06	7.23766e-123
2.47733e+06	6.75329e-124
2.47743e+06	6.23863e-125
2.47753e+06	5.70586e-126
2.47763e+06	5.16665e-127
2.47773e+06	4.63185e-128
2.47783e+06	4.11109e-129
2.47793e+06	3.61258e-130
2.47803e+06	3.14292e-131
2.47813e+06	2.70712e-132
2.47823e+06	2.30854e-133
2.47833e+06	1.94906e-134
2.47843e+06	1.62919e-135
2.47853e+06	1.34826e-136
2.47863e+06	1.10467e-137
2.47873e+06	8.96083e-139
2.47883e+06	7.1965e-140
2.47893e+06	5.72205e-141
2.47903e+06	4.50442e-142
2.47913e+06	3.51062e-143
2.47923e+06	2.70885e-144
2.47933e+06	2.0694e-145
2.47943e+06	1.56516e-146
2.47953e+06	1.17201e-147
2.47963e+06	8.68883e-149
2.47973e+06	6.37747e-150
2.47983e+06	4.63438e-151
2.47993e+06	3.33421e-152
2.48003e+06	2.37493e-153
2.48013e+06	1.67481e-154
2.48023e+06	1.16933e-155
2.48033e+06	8.0829e-157
2.48043e+06	5.53163e-158
2.48053e+06	3.74797e-159
2.48063e+06	2.51418e-160
2.48073e+06	1.66976e-161
2.48083e+06	1.09791e-162
2.48093e+06	7.14727e-164
2.48103e+06	4.60647e-165
2.48113e+06	2.93937e-166
2.48123e+06	1.85694e-167
2.48133e+06	1.16153e-168
2.48143e+06	7.3404e-170
2.48153e+06	2.84886e-170
2.48163e+06	3.87238e-169
2.48173e+06	6.15701e-168
2.48183e+06	9.69876e-167
2.48193e+06	1.51259e-165
2.48203e+06	2.33551e-164
2.48213e+06	3.57027e-163
2.48223e+06	5.40352e-162
2.48233e+06	8.09673e-161
2.48243e+06	1.20116e-159
2.48253e+06	1.76419e-158
2.48263e+06	2.56537e-157
2.48273e+06	3.69327e-156
2.48283e+06	5.26416e-155
2.48293e+06	7.42855e-154
2.48303e+06	1.03785e-152
2.48313e+06	1.43557e-151
2.48323e+06	1.96595e-150
2.48333e+06	2.66548e-149
2.48343e+06	3.57796e-148
2.48353e+06	4.75503e-147
2.48363e+06	6.25644e-146
2.48373e+06	8.15003e-145
2.48383e+06	1.05111e-143
2.48393e+06	1.34213e-142
2.48403e+06	1.69666e-141
2.48413e+06	2.12352e-140
2.48423e+06	2.63131e-139
2.48433e+06	3.2281e-138
2.48443e+06	3.92083e-137
2.48453e+06	4.71482e-136
2.48463e+06	5.6132e-135
2.48473e+06	6.61626e-134
2.48483e+06	7.72097e-133
2.48493e+06	8.92048e-132
2.48503e+06	1.02038e-130
2.48513e+06	1.15556e-129
2.48523e+06	1.29562e-128
2.48533e+06	1.43821e-127
2.48543e+06	1.58061e-126
2.48553e+06	1.71982e-125
2.48563e+06	1.85268e-124
2.48573e+06	1.97593e-123
2.48583e+06	2.08642e-122
2.48593e+06	2.18117e-121
2.48603e+06	2.25753e-120
2.48613e+06	2.31331e-119
2.48623e+06	2.34688e-118
2.48633e+06	2.35726e-117
2.48643e+06	2.34411e-116
2.48653e+06	2.30785e-115
2.48663e+06	2.24954e-114
2.48673e+06	2.17089e-113
2.48683e+06	2.07414e-112
2.48693e+06	1.96198e-111
2.48703e+06	1.83743e-110
2.48713e+06	1.70365e-109
2.48723e+06	1.5639e-108
2.48733e+06	1.42133e-107
2.48743e+06	1.27891e-106
2.48753e+06	1.1393e-105
2.48763e+06	1.00484e-104
2.48773e+06	8.77424e-104
2.48783e+06	7.58544e-103
2.48793e+06	6.49245e-102
2.48803e+06	5.50166e-101
2.48813e+06	4.61569e-100
2.48823e+06	3.83385e-99
2.48833e+06	3.15277e-98
2.48843e+06	2.56688e-97
2.48853e+06	2.06907e-96
2.48863e+06	1.65122e-95
2.48873e+06	1.30463e-94
2.48883e+06	1.02054e-93
2.48893e+06	7.90368e-93
2.48903e+06	6.06018e-92
2.48913e+06	4.60043e-91
2.48923e+06	3.45755e-90
2.48933e+06	2.57274e-89
2.48943e+06	1.89531e-88
2.48953e+06	1.38236e-87
2.48963e+06	9.98208e-87
2.48973e+06	7.13636e-86
2.48983e+06	5.05114e-85
2.48993e+06	3.53964e-84
2.49003e+06	2.45576e-83
2.49013e+06	1.68683e-82
2.49023e+06	1.14713e-81
2.49033e+06	7.72344e-81
2.49043e+06	5.14833e-80
2.49053e+06	3.39765e-79
2.49063e+06	2.21998e-78
2.49073e+06	1.43607e-77
2.49083e+06	9.1973e-77
2.49093e+06	5.83179e-76
2.49103e+06	3.66101e-75
2.49113e+06	2.27539e-74
2.49123e+06	1.40013e-73
2.49133e+06	8.52981e-73
2.49143e+06	5.14478e-72
2.49153e+06	3.07222e-71
2.49163e+06	1.81632e-70
2.49173e+06	1.06315e-69
2.49183e+06	6.16097e-69
2.49193e+06	3.53478e-68
2.49203e+06	2.00786e-67
2.49213e+06	1.12918e-66
2.49223e+06	6.28706e-66
2.49233e+06	3.4657e-65
2.49243e+06	1.89143e-64
2.49253e+06	1.02199e-63
2.49263e+06	5.46719e-63
2.49273e+06	2.89559e-62
2.49283e+06	1.51833e-61
2.49293e+06	7.88232e-61
2.49303e+06	4.05134e-60
2.49313e+06	2.06158e-59
2.49323e+06	1.03863e-58
2.49333e+06	5.18059e-58
2.49343e+06	2.55832e-57
2.49353e+06	1.2508e-56
2.49363e+06	6.05449e-56
2.49373e+06	2.90152e-55
2.49383e+06	1.37668e-54
2.49393e+06	6.4669e-54
2.49403e+06	3.00759e-53
2.49413e+06	1.38483e-52
2.49423e+06	6.313e-52
2.49433e+06	2.84926e-51
2.49443e+06	1.27317e-50
2.49453e+06	5.63246e-50
2.49463e+06	2.467e-49
2.49473e+06	1.06979e-48
2.49483e+06	4.59288e-48
2.49493e+06	1.95223e-47
2.49503e+06	8.21552e-47
2.49513e+06	3.42293e-46
2.49523e+06	1.41195e-45
2.49533e+06	5.76635e-45
2.49543e+06	2.33153e-44
2.49553e+06	9.33341e-44
2.49563e+06	3.69912e-43
2.49573e+06	1.4515e-42
2.49583e+06	5.6389e-42
2.49593e+06	2.16886e-41
2.49603e+06	8.25904e-41
2.49613e+06	3.11378e-40
2.49623e+06	1.16227e-39
2.49633e+06	4.29521e-39
2.49643e+06	1.57153e-38
2.49653e+06	5.69278e-38
2.49663e+06	2.04167e-37
2.49673e+06	7.24953e-37
2.49683e+06	2.54856e-36
2.49693e+06	8.8704e-36
2.49703e+06	3.0567e-35
2.49713e+06	1.04286e-34
2.49723e+06	3.5226e-34
2.49733e+06	1.17805e-33
2.49743e+06	3.90057e-33
2.49753e+06	1.27866e-32
2.49763e+06	4.15002e-32
2.49773e+06	1.33355e-31
2.49783e+06	4.24264e-31
2.49793e+06	1.33638e-30
2.49803e+06	4.16762e-30
2.49813e+06	1.28681e-29
2.49823e+06	3.9338e-29
2.49833e+06	1.19063e-28
2.49843e+06	3.56792e-28
2.49853e+06	1.05858e-27
2.49863e+06	3.10958e-27
2.49873e+06	9.04386e-27
2.49883e+06	2.60423e-26
2.49893e+06	7.42474e-26
2.49903e+06	2.09584e-25
2.49913e+06	5.85752e-25
2.49923e+06	1.62087e-24
2.49933e+06	4.4408e-24
2.49943e+06	1.20464e-23
2.49953e+06	3.23545e-23
2.49963e+06	8.60394e-23
2.49973e+06	2.26541e-22
2.49983e+06	5.90588e-22
2.49993e+06	1.52445e-21
2.50003e+06	3.89613e-21
2.50013e+06	9.85934e-21
2.50023e+06	2.47036e-20
2.50033e+06	6.12873e-20
2.50043e+06	1.50551e-19
2.50053e+06	3.66186e-19
2.50063e+06	8.81915e-19
2.50073e+06	2.10311e-18
2.50083e+06	4.96607e-18
2.50093e+06	1.16113e-17
2.50103e+06	2.68824e-17
2.50113e+06	6.16285e-17
2.50123e+06	1.39902e-16
2.50133e+06	3.14484e-16
2.50143e+06	7.00022e-16
2.50153e+06	1.543e-15
2.50163e+06	3.36798e-15
2.50173e+06	7.27988e-15
2.50183e+06	1.55825e-14
2.50193e+06	3.30304e-14
2.50203e+06	6.93362e-14
2.50213e+06	1.44139e-13
2.50223e+06	2.96747e-13
2.50233e+06	6.05035e-13
2.50243e+06	1.22172e-12
2.50253e+06	2.44323e-12
2.50263e+06	4.83917e-12
2.50273e+06	9.49282e-12
2.50283e+06	1.84437e-11
2.50293e+06	3.54926e-11
2.50303e+06	6.76506e-11
2.50313e+06	1.2772e-10
2.50323e+06	2.38843e-10
2.50333e+06	4.42423e-10
2.50343e+06	8.11793e-10
2.50353e+06	1.47553e-09
2.50363e+06	2.65675e-09
2.50373e+06	4.73881e-09
2.50383e+06	8.37358e-09
2.50393e+06	1.46584e-08
2.50403e+06	2.5422e-08
2.50413e+06	4.36805e-08
2.50423e+06	7.43586e-08
2.50433e+06	1.25416e-07
2.50443e+06	2.09585e-07
2.50453e+06	3.4703e-07
2.50463e+06	5.69351e-07
2.50473e+06	9.25573e-07
2.50483e+06	1.49097e-06
2.50493e+06	2.37992e-06
2.50503e+06	3.76443e-06
2.50513e+06	5.9005e-06
2.50523e+06	9.16513e-06
2.50533e+06	1.41077e-05
2.50543e+06	2.15201e-05
2.50553e+06	3.25321e-05
2.50563e+06	4.87375e-05
2.50573e+06	7.23604e-05
2.50583e+06	0.000106471
2.50593e+06	0.000155257
2.50603e+06	0.000224371
2.50613e+06	0.00032135
2.50623e+06	0.000456125
2.50633e+06	0.000641629
2.50643e+06	0.00089449
2.50653e+06	0.00123582
2.50663e+06	0.00169209
2.50673e+06	0.002296
2.50683e+06	0.00308743
2.50693e+06	0.00411426
2.50703e+06	0.00543315
2.50713e+06	0.00710998
2.50723e+06	0.00922009
2.50733e+06	0.0118479
2.50743e+06	0.0150863
2.50753e+06	0.0190348
2.50763e+06	0.0237973
2.50773e+06	0.029479
2.50783e+06	0.0361821
2.50793e+06	0.0440006
2.50803e+06	0.053015
2.50813e+06	0.0632855
2.50823e+06	0.0748453
2.50833e+06	0.0876938
2.50843e+06	0.101791
2.50853e+06	0.11705
2.50863e+06	0.133336
2.50873e+06	0.150463
2.50883e+06	0.168192
2.50893e+06	0.186238
2.50903e+06	0.204271
2.50913e+06	0.221927
2.50923e+06	0.238822
2.50933e+06	0.254559
2.50943e+06	0.268748
2.50953e+06	0.281019
2.50963e+06	0.291039
2.50973e+06	0.29853
2.50983e+06	0.303275
2.50993e+06	0.305135
2.51003e+06	0.304051
2.51013e+06	0.30005
2.51023e+06	0.293244
2.51033e+06	0.283823
2.51043e+06	0.272047
2.51053e+06	0.258233
2.51063e+06	0.242743
2.51073e+06	0.225967
2.51083e+06	0.208307
2.51093e+06	0.19016
2.51103e+06	0.171903
2.51113e+06	0.153886
2.51123e+06	0.136414
2.51133e+06	0.119746
2.51143e+06	0.104089
2.51153e+06	0.0895956
2.51163e+06	0.0763665
2.51173e+06	0.0644544
2.51183e+06	0.0538683
2.51193e+06	0.0445804
2.51203e+06	0.0365327
2.51213e+06	0.0296447
2.51223e+06	0.0238198
2.51233e+06	0.0189519
2.51243e+06	0.0149311
2.51253e+06	0.011648
2.51263e+06	0.0089978
2.51273e+06	0.00688244
2.51283e+06	0.00521281
2.51293e+06	0.00390955
2.51303e+06	0.00290344
2.51313e+06	0.00213522
2.51323e+06	0.00155504
2.51333e+06	0.00112167
2.51343e+06	0.000801541
2.51353e+06	0.000567773
2.51363e+06	0.000399144
2.51373e+06	0.000279177
2.51383e+06	0.000195284
2.51393e+06	0.000138025
2.51403e+06	0.000100474
2.51413e+06	7.76973e-05
2.51423e+06	6.63319e-05
2.51433e+06	6.4252e-05
2.51443e+06	7.03172e-05
2.51453e+06	8.4184e-05
2.51463e+06	0.000106169
2.51473e+06	0.000137153
2.51483e+06	0.000178515
2.51493e+06	0.000232088
2.51503e+06	0.000300127
2.51513e+06	0.000385286
2.51523e+06	0.000490608
2.51533e+06	0.000619505
2.51543e+06	0.000775769
2.51553e+06	0.000963578
2.51563e+06	0.00118754
2.51573e+06	0.00145278
2.51583e+06	0.00176507
2.51593e+06	0.00213101
2.51603e+06	0.00255839
2.51613e+06	0.00305656
2.51623e+06	0.00363699
2.51633e+06	0.00431395
2.51643e+06	0.00510528
2.51653e+06	0.00603339
2.51663e+06	0.00712615
2.51673e+06	0.00841798
2.51683e+06	0.00995076
2.51693e+06	0.0117746
2.51703e+06	0.0139481
2.51713e+06	0.016539
2.51723e+06	0.0196228
2.51733e+06	0.023282
2.51743e+06	0.0276039
2.51753e+06	0.0326775
2.51763e+06	0.0385894
2.51773e+06	0.0454194
2.51783e+06	0.0532342
2.51793e+06	0.0620816
2.51803e+06	0.0719841
2.51813e+06	0.0829325
2.51823e+06	0.0948802
2.51833e+06	0.107739
2.51843e+06	0.121374
2.51853e+06	0.135607
2.51863e+06	0.150214
2.51873e+06	0.16493
2.51883e+06	0.179457
2.51893e+06	0.19347
2.51903e+06	0.206634
2.51913e+06	0.218611
2.51923e+06	0.229078
2.51933e+06	0.23774
2.51943e+06	0.244343
2.51953e+06	0.248688
2.51963e+06	0.250639
2.51973e+06	0.25013
2.51983e+06	0.24717
2.51993e+06	0.241839
2.52003e+06	0.234288
2.52013e+06	0.22473
2.52023e+06	0.21343
2.52033e+06	0.20069
2.52043e+06	0.18684
2.52053e+06	0.172221
2.52063e+06	0.15717
2.52073e+06	0.142011
2.52083e+06	0.127039
2.52093e+06	0.112517
2.52103e+06	0.0986644
2.52113e+06	0.0856575
2.52123e+06	0.073626
2.52133e+06	0.0626553
2.52143e+06	0.0527891
2.52153e+06	0.0440342
2.52163e+06	0.0363661
2.52173e+06	0.0297345
2.52183e+06	0.0240705
2.52193e+06	0.0192915
2.52203e+06	0.0153076
2.52213e+06	0.0120256
2.52223e+06	0.00935327
2.52233e+06	0.00720243
2.52243e+06	0.00549101
2.52253e+06	0.00414461
2.52263e+06	0.00309722
2.52273e+06	0.0022915
2.52283e+06	0.00167851
2.52293e+06	0.00121727
2.52303e+06	0.000873988
2.52313e+06	0.000621274
2.52323e+06	0.000437238
2.52333e+06	0.000304656
2.52343e+06	0.000210165
2.52353e+06	0.000143538
2.52363e+06	9.70582e-05
2.52373e+06	6.49762e-05
2.52383e+06	4.30659e-05
2.52393e+06	2.82599e-05
2.52403e+06	1.83597e-05
2.52413e+06	1.18091e-05
2.52423e+06	7.52013e-06
2.52433e+06	4.74123e-06
2.52443e+06	2.95948e-06
2.52453e+06	1.82892e-06
2.52463e+06	1.11901e-06
2.52473e+06	6.77842e-07
2.52483e+06	4.06519e-07
2.52493e+06	2.41374e-07
2.52503e+06	1.41892e-07
2.52513e+06	8.25812e-08
2.52523e+06	4.75842e-08
2.52533e+06	2.71457e-08
2.52543e+06	1.53319e-08
2.52553e+06	8.57332e-09
2.52563e+06	4.74634e-09
2.52573e+06	2.60151e-09
2.52583e+06	1.41173e-09
2.52593e+06	7.58458e-10
2.52603e+06	4.03432e-10
2.52613e+06	2.12454e-10
2.52623e+06	1.10769e-10
2.52633e+06	5.71779e-11
2.52643e+06	2.9221e-11
2.52653e+06	1.47849e-11
2.52663e+06	7.40628e-12
2.52673e+06	3.67315e-12
2.52683e+06	1.80357e-12
2.52693e+06	8.76772e-13
2.52703e+06	4.21984e-13
2.52713e+06	2.01077e-13
2.52723e+06	9.48608e-14
2.52733e+06	4.43065e-14
2.52743e+06	2.04883e-14
2.52753e+06	9.37996e-15
2.52763e+06	4.25161e-15
2.52773e+06	1.90793e-15
2.52783e+06	8.47673e-16
2.52793e+06	3.72865e-16
2.52803e+06	1.6238e-16
2.52813e+06	7.00116e-17
2.52823e+06	2.98858e-17
2.52833e+06	1.26304e-17
2.52843e+06	5.28476e-18
2.52853e+06	2.18923e-18
2.52863e+06	8.97871e-19
2.52873e+06	3.64581e-19
2.52883e+06	1.46565e-19
2.52893e+06	5.83345e-20
2.52903e+06	2.29867e-20
2.52913e+06	8.96778e-21
2.52923e+06	3.46378e-21
2.52933e+06	1.32456e-21
2.52943e+06	5.01478e-22
2.52953e+06	1.8797e-22
2.52963e+06	6.97561e-23
2.52973e+06	2.56291e-23
2.52983e+06	9.32268e-24
2.52993e+06	3.35742e-24
2.53003e+06	1.19709e-24
2.53013e+06	4.22578e-25
2.53023e+06	1.47687e-25
2.53033e+06	5.11017e-26
2.53043e+06	1.7506e-26
2.53053e+06	5.93736e-27
2.53063e+06	1.99369e-27
2.53073e+06	6.62794e-28
2.53083e+06	2.18151e-28
2.53093e+06	7.10874e-29
2.53103e+06	2.29343e-29
2.53113e+06	7.32545e-30
2.53123e+06	2.31655e-30
2.53133e+06	7.25278e-31
2.53143e+06	2.24815e-31
2.53153e+06	6.89927e-32
2.53163e+06	2.09623e-32
2.53173e+06	6.30565e-33
2.53183e+06	1.87793e-33
2.53193e+06	5.53713e-34
2.53203e+06	1.6164e-34
2.53213e+06	4.67163e-35
2.53223e+06	1.33674e-35
2.53233e+06	3.78686e-36
2.53243e+06	1.06211e-36
2.53253e+06	2.9493e-37
2.53263e+06	8.10821e-38
2.53273e+06	2.20692e-38
2.53283e+06	5.94712e-39
2.53293e+06	1.58666e-39
2.53303e+06	4.19099e-40
2.53313e+06	1.09599e-40
2.53323e+06	2.83763e-41
2.53333e+06	7.27378e-42
2.53343e+06	1.84596e-42
2.53353e+06	4.63811e-43
2.53363e+06	1.15376e-43
2.53373e+06	2.84152e-44
2.53383e+06	6.92852e-45
2.53393e+06	1.67258e-45
2.53403e+06	3.99753e-46
2.53413e+06	9.45917e-47
2.53423e+06	2.21601e-47
2.53433e+06	5.1398e-48
2.53443e+06	1.18026e-48
2.53453e+06	2.6833e-49
2.53463e+06	6.0397e-50
2.53473e+06	1.34592e-50
2.53483e+06	2.96947e-51
2.53493e+06	6.4863e-52
2.53503e+06	1.40272e-52
2.53513e+06	3.00333e-53
2.53523e+06	6.36638e-54
2.53533e+06	1.3361e-54
2.53543e+06	2.77614e-55
2.53553e+06	5.71086e-56
2.53563e+06	1.1631e-56
2.53573e+06	2.34527e-57
2.53583e+06	4.68192e-58
2.53593e+06	9.25363e-59
2.53603e+06	1.81075e-59
2.53613e+06	3.508e-60
2.53623e+06	6.72852e-61
2.53633e+06	1.27772e-61
2.53643e+06	2.4022e-62
2.53653e+06	4.47136e-63
2.53663e+06	8.24001e-64
2.53673e+06	1.50339e-64
2.53683e+06	2.71565e-65
2.53693e+06	4.85661e-66
2.53703e+06	8.59902e-67
2.53713e+06	1.50738e-67
2.53723e+06	2.61608e-68
2.53733e+06	4.49509e-69
2.53743e+06	7.64685e-70
2.53753e+06	1.28791e-70
2.53763e+06	2.14754e-71
2.53773e+06	3.54534e-72
2.53783e+06	5.79468e-73
2.53793e+06	9.3769e-74
2.53803e+06	1.50226e-74
2.53813e+06	2.38281e-75
2.53823e+06	3.74188e-76
2.53833e+06	5.81764e-77
2.53843e+06	8.95492e-78
2.53853e+06	1.36469e-78
2.53863e+06	2.05903e-79
2.53873e+06	3.07573e-80
2.53883e+06	4.54874e-81
2.53893e+06	6.66025e-82
2.53903e+06	9.6549e-83
2.53913e+06	1.38568e-83
2.53923e+06	1.96894e-84
2.53933e+06	2.76988e-85
2.53943e+06	3.85786e-86
2.53953e+06	5.31972e-87
2.53963e+06	7.26253e-88
2.53973e+06	9.81622e-89
2.53983e+06	1.31358e-89
2.53993e+06	1.74032e-90
2.54003e+06	2.28274e-91
2.54013e+06	2.96442e-92
2.54023e+06	3.81138e-93
2.54033e+06	4.85155e-94
2.54043e+06	6.11415e-95
2.54053e+06	7.62867e-96
2.54063e+06	9.42365e-97
2.54073e+06	1.15251e-97
2.54083e+06	1.3955e-98
2.54093e+06	1.6729e-99
2.54103e+06	1.9855e-100
2.54113e+06	2.33305e-101
2.54123e+06	2.71417e-102
2.54133e+06	3.12612e-103
2.54143e+06	3.56477e-104
2.54153e+06	4.02453e-105
2.54163e+06	4.49837e-106
2.54173e+06	4.97798e-107
2.54183e+06	5.45391e-108
2.54193e+06	5.91588e-109
2.54203e+06	6.35313e-110
2.54213e+06	6.75482e-111
2.54223e+06	7.11044e-112
2.54233e+06	7.4103e-113
2.54243e+06	7.64598e-114
2.54253e+06	7.81064e-115
2.54263e+06	7.89947e-116
2.54273e+06	7.90981e-117
2.54283e+06	7.84135e-118
2.54293e+06	7.69614e-119
2.54303e+06	7.47846e-120
2.54313e+06	7.19463e-121
2.54323e+06	6.8527e-122
2.54333e+06	6.46208e-123
2.54343e+06	6.03309e-124
2.54353e+06	5.57653e-125
2.54363e+06	5.10323e-126
2.54373e+06	4.62364e-127
2.54383e+06	4.14744e-128
2.54393e+06	3.68326e-129
2.54403e+06	3.23849e-130
2.54413e+06	2.81909e-131
2.54423e+06	2.42959e-132
2.54433e+06	2.07307e-133
2.54443e+06	1.75126e-134
2.54453e+06	1.46469e-135
2.54463e+06	1.21283e-136
2.54473e+06	9.94278e-138
2.54483e+06	8.07001e-139
2.54493e+06	6.48481e-140
2.54503e+06	5.15914e-141
2.54513e+06	4.06364e-142
2.54523e+06	3.16891e-143
2.54533e+06	2.44659e-144
2.54543e+06	1.87012e-145
2.54553e+06	1.41526e-146
2.54563e+06	1.06037e-147
2.54573e+06	7.86569e-149
2.54583e+06	5.77662e-150
2.54593e+06	4.20018e-151
2.54603e+06	3.02356e-152
2.54613e+06	2.1549e-153
2.54623e+06	1.52052e-154
2.54633e+06	1.06222e-155
2.54643e+06	7.3467e-157
2.54653e+06	5.0307e-158
2.54663e+06	3.41053e-159
2.54673e+06	2.28914e-160
2.54683e+06	1.52117e-161
2.54693e+06	1.00079e-162
2.54703e+06	6.51876e-164
2.54713e+06	4.20381e-165
2.54723e+06	2.68398e-166
2.54733e+06	1.69657e-167
2.54743e+06	1.06175e-168
2.54753e+06	6.57851e-170
2.54763e+06	4.03544e-171
2.54773e+06	2.45082e-172
2.54783e+06	1.47364e-173
2.54793e+06	8.77253e-175
2.54803e+06	5.17031e-176
2.54813e+06	3.01693e-177
2.54823e+06	1.7429e-178
2.54833e+06	9.96862e-180
2.54843e+06	5.64489e-181
2.54853e+06	3.1647e-182
2.54863e+06	1.75657e-183
2.54873e+06	9.6529e-185
2.54883e+06	5.25178e-186
2.54893e+06	2.82886e-187
2.54903e+06	1.5086e-188
2.54913e+06	7.96515e-190
2.54923e+06	4.16361e-191
2.54933e+06	2.15479e-192
2.54943e+06	1.10407e-193
2.54953e+06	5.6007e-195
2.54963e+06	2.81286e-196
2.54973e+06	1.39865e-197
2.54983e+06	6.88539e-199
2.54993e+06	3.35586e-200
2.55003e+06	1.61934e-201
2.55013e+06	7.7362e-203
2.55023e+06	3.6591e-204
2.55033e+06	1.71348e-205
2.55043e+06	7.94402e-207
2.55053e+06	3.64635e-208
2.55063e+06	1.65704e-209
2.55073e+06	7.45532e-211
2.55083e+06	3.3209e-212
2.55093e+06	1.46454e-213
2.55103e+06	6.39449e-215
2.55113e+06	2.76418e-216
2.55123e+06	1.183e-217
2.55133e+06	5.01255e-219
2.55143e+06	2.10277e-220
2.55153e+06	8.73333e-222
2.55163e+06	3.59108e-223
2.55173e+06	1.46194e-224
2.55183e+06	5.89235e-226
2.55193e+06	2.35129e-227
2.55203e+06	9.28923e-229
2.55213e+06	3.63338e-230
2.55223e+06	1.40702e-231
2.55233e+06	5.39442e-233
2.55243e+06	2.04761e-234
2.55253e+06	7.69496e-236
2.55263e+06	2.86301e-237
2.55273e+06	1.05462e-238
2.55283e+06	3.84616e-240
2.55293e+06	1.38872e-241
2.55303e+06	4.96432e-243
2.55313e+06	1.75696e-244
2.55323e+06	6.1563e-246
2.55333e+06	2.13568e-247
2.55343e+06	7.33515e-249
2.55353e+06	2.49424e-250
2.55363e+06	8.39703e-252
2.55373e+06	2.79879e-253
2.55383e+06	9.23573e-255
2.55393e+06	3.01737e-256
2.55403e+06	9.75988e-258
2.55413e+06	3.12548e-259
2.55423e+06	9.90937e-261
2.55433e+06	3.11052e-262
2.55443e+06	9.66665e-264
2.55453e+06	2.97424e-265
2.55463e+06	9.06013e-267
2.55473e+06	2.73243e-268
2.55483e+06	8.15869e-270
2.55493e+06	2.41184e-271
2.55503e+06	7.05887e-273
2.55513e+06	2.0454e-274
2.55523e+06	5.86784e-276
2.55533e+06	1.66661e-277
2.55543e+06	4.6865e-279
2.55553e+06	1.30473e-280
2.55563e+06	3.59624e-282
2.55573e+06	9.81371e-284
2.55583e+06	2.6514e-285
2.55593e+06	7.0921e-287
2.55603e+06	1.87815e-288
2.55613e+06	4.9243e-290
2.55623e+06	1.27825e-291
2.55633e+06	3.28506e-293
2.55643e+06	8.35848e-295
2.55653e+06	2.10557e-296
2.55663e+06	5.25131e-298
2.55673e+06	1.29665e-299
2.55683e+06	3.16983e-301
2.55693e+06	7.67195e-303
2.55703e+06	1.83837e-304
2.55713e+06	4.36131e-306
2.55723e+06	1.02437e-307
2.55733e+06	2.38208e-309
2.55743e+06	5.48417e-311
2.55753e+06	1.25004e-312
2.55763e+06	2.82093e-314
2.55773e+06	6.30259e-316
2.55783e+06	1.39413e-317
2.55793e+06	3.05313e-319
2.55803e+06	6.62048e-321
2.55813e+06	1.43279e-322
2.55823e+06	0
2.55833e+06	0
2.55843e+06	0
2.55853e+06	0
2.55863e+06	0
2.55873e+06	0
2.55883e+06	0
2.55893e+06	0
2.55903e+06	0
2.55913e+06	0
2.55923e+06	0
2.55933e+06	0
2.55943e+06	0
2.55953e+06	0
2.55963e+06	0
2.55973e+06	0
2.55983e+06	0
2.55993e+06	0
2.56003e+06	0
2.56013e+06	0
2.56023e+06	0
2.56033e+06	0
2.56043e+06	0
2.56053e+06	0
2.56063e+06	0
2.56073e+06	0
2.56083e+06	0
2.56093e+06	0
2.56103e+06	0
2.56113e+06	0
2.56123e+06	0
2.56133e+06	0
2.56143e+06	0
2.56153e+06	0
2.56163e+06	0
2.56173e+06	0
2.56183e+06	0
2.56193e+06	0
2.56203e+06	0
2.56213e+06	0
2.56223e+06	0
2.56233e+06	0
2.56243e+06	0
2.56253e+06	0
2.56263e+06	0
2.56273e+06	0
2.56283e+06	0
2.56293e+06	0
2.56303e+06	0
2.56313e+06	0
2.56323e+06	0
2.56333e+06	0
2.56343e+06	0
2.56353e+06	0
2.56363e+06	0
2.56373e+06	0
2.56383e+06	0
2.56393e+06	0
2.56403e+06	0
2.56413e+06	0
2.56423e+06	0
2.56433e+06	0
2.56443e+06	0
2.56453e+06	0
2.56463e+06	0
2.56473e+06	0
2.56483e+06	0
2.56493e+06	0
2.56503e+06	0
2.56513e+06	0
2.56523e+06	0
2.56533e+06	0
2.56543e+06	0
2.56553e+06	0
2.56563e+06	0
2.56573e+06	0
2.56583e+06	0
2.56593e+06	0
2.56603e+06	0
2.56613e+06	0
2.56623e+06	0
2.56633e+06	0
2.56643e+06	0
2.56653e+06	0
2.56663e+06	0
2.56673e+06	0
2.56683e+06	0
2.56693e+06	0
2.56703e+06	0
2.56713e+06	0
2.56723e+06	0
2.56733e+06	0
2.56743e+06	0
2.56753e+06	0
2.56763e+06	0
2.56773e+06	0
2.56783e+06	0
2.56793e+06	0
2.56803e+06	0
2.56813e+06	0
2.56823e+06	0
2.56833e+06	0
2.56843e+06	0
2.56853e+06	0
2.56863e+06	0
2.56873e+06	0
2.56883e+06	0
2.56893e+06	0
2.56903e+06	0
2.56913e+06	0
2.56923e+06	0
2.56933e+06	0
2.56943e+06	0
2.56953e+06	0
2.56963e+06	0
2.56973e+06	0
2.56983e+06	0
2.56993e+06	0
2.57003e+06	0
2.57013e+06	0
2.57023e+06	0
2.57033e+06	0
2.57043e+06	0
2.57053e+06	0
2.57063e+06	0
2.57073e+06	0
2.57083e+06	0
2.57093e+06	0
2.57103e+06	0
2.57113e+06	0
2.57123e+06	0
2.57133e+06	0
2.57143e+06	0
2.57153e+06	0
2.57163e+06	0
2.57173e+06	0
2.57183e+06	0
2.57193e+06	0
2.57203e+06	0
2.57213e+06	0
2.57223e+06	0
2.57233e+06	0
2.57243e+06	0
2.57253e+06	0
2.57263e+06	0
2.57273e+06	0
2.57283e+06	0
2.57293e+06	0
2.57303e+06	0
2.57313e+06	0
2.57323e+06	0
2.57333e+06	0
2.57343e+06	0
2.57353e+06	0
2.57363e+06	0
2.57373e+06	0
2.57383e+06	0
2.57393e+06	0
2.57403e+06	0
2.57413e+06	0
2.57423e+06	0
2.57433e+06	0
2.57443e+06	0
2.57453e+06	0
2.57463e+06	0
2.57473e+06	0
2.57483e+06	0
2.57493e+06	0
2.57503e+06	0
2.57513e+06	0
2.57523e+06	0
2.57533e+06	0
2.57543e+06	0
2.57553e+06	0
2.57563e+06	0
2.57573e+06	0
2.57583e+06	0
2.57593e+06	0
2.57603e+06	0
2.57613e+06	0
2.57623e+06	0
2.57633e+06	0
2.57643e+06	0
2.57653e+06	0
2.57663e+06	0
2.57673e+06	0
2.57683e+06	0
2.57693e+06	0
2.57703e+06	0
2.57713e+06	0
2.57723e+06	0
2.57733e+06	0
2.57743e+06	0
2.57753e+06	0
2.57763e+06	0
2.57773e+06	0
2.57783e+06	0
2.57793e+06	0
2.57803e+06	0
2.57813e+06	0
2.57823e+06	0
2.57833e+06	0
2.57843e+06	0
2.57853e+06	0
2.57863e+06	0
2.57873e+06	0
2.57883e+06	0
2.57893e+06	0
2.57903e+06	0
2.57913e+06	0
2.57923e+06	0
2.57933e+06	0
2.57943e+06	0
2.57953e+06	0
2.57963e+06	0
2.57973e+06	0
2.57983e+06	0
2.57993e+06	0
2.58003e+06	0
2.58013e+06	0
2.58023e+06	0
2.58033e+06	0
2.58043e+06	0
2.58053e+06	0
2.58063e+06	0
2.58073e+06	0
2.58083e+06	0
2.58093e+06	0
2.58103e+06	0
2.58113e+06	0
2.58123e+06	0
2.58133e+06	0
2.58143e+06	0
2.58153e+06	0
2.58163e+06	0
2.58173e+06	0
2.58183e+06	0
2.58193e+06	0
2.58203e+06	0
2.58213e+06	0
2.58223e+06	0
2.58233e+06	0
2.58243e+06	0
2.58253e+06	0
2.58263e+06	0
2.58273e+06	0
2.58283e+06	0
2.58293e+06	0
2.58303e+06	0
2.58313e+06	0
2.58323e+06	0
2.58333e+06	0
2.58343e+06	0
2.58353e+06	0
2.58363e+06	0
2.58373e+06	0
2.58383e+06	0
2.58393e+06	0
2.58403e+06	0
2.58413e+06	0
2.58423e+06	0
2.58433e+06	0
2.58443e+06	0
2.58453e+06	0
2.58463e+06	0
2.58473e+06	0
2.58483e+06	0
2.58493e+06	0
2.58503e+06	0
2.58513e+06	0
2.58523e+06	0
2.58533e+06	0
2.58543e+06	0
2.58553e+06	0
2.58563e+06	0
2.58573e+06	0
2.58583e+06	0
2.58593e+06	0
2.58603e+06	0
2.58613e+06	0
2.58623e+06	0
2.58633e+06	0
2.58643e+06	0
2.58653e+06	0
2.58663e+06	0
2.58673e+06	0
2.58683e+06	0
2.58693e+06	0
2.58703e+06	0
2.58713e+06	0
2.58723e+06	0
2.58733e+06	0
2.58743e+06	0
2.58753e+06	0
2.58763e+06	0
2.58773e+06	0
2.58783e+06	0
2.58793e+06	0
2.58803e+06	0
2.58813e+06	0
2.58823e+06	0
2.58833e+06	0
2.58843e+06	0
2.58853e+06	0
2.58863e+06	0
2.58873e+06	0
2.58883e+06	0
2.58893e+06	0
2.58903e+06	0
2.58913e+06	0
2.58923e+06	0
2.58933e+06	0
2.58943e+06	0
2.58953e+06	0
2.58963e+06	0
2.58973e+06	0
2.58983e+06	0
2.58993e+06	0
2.59003e+06	0
2.59013e+06	0
2.59023e+06	0
2.59033e+06	0
2.59043e+06	0
2.59053e+06	0
2.59063e+06	0
2.59073e+06	0
2.59083e+06	0
2.59093e+06	0
2.59103e+06	0
2.59113e+06	0
2.59123e+06	0
2.59133e+06	0
2.59143e+06	0
2.59153e+06	0
2.59163e+06	0
2.59173e+06	0
2.59183e+06	0
2.59193e+06	0
2.59203e+06	0
2.59213e+06	0
2.59223e+06	0
2.59233e+06	0
2.59243e+06	0
2.59253e+06	0
2.59263e+06	0
2.59273e+06	0
2.59283e+06	0
2.59293e+06	0
2.59303e+06	0
2.59313e+06	0
2.59323e+06	0
2.59333e+06	0
2.59343e+06	0
2.59353e+06	0
2.59363e+06	0
2.59373e+06	0
2.59383e+06	0
2.59393e+06	0
2.59403e+06	0
2.59413e+06	0
2.59423e+06	0
2.59433e+06	0
2.59443e+06	0
2.59453e+06	0
2.59463e+06	0
2.59473e+06	0
2.59483e+06	0
2.59493e+06	0
2.59503e+06	0
2.59513e+06	0
2.59523e+06	0
2.59533e+06	0
2.59543e+06	0
2.59553e+06	0
2.59563e+06	0
2.59573e+06	0
2.59583e+06	0
2.59593e+06	0
2.59603e+06	0
2.59613e+06	0
2.59623e+06	0
2.59633e+06	0
2.59643e+06	0
2.59653e+06	0
2.59663e+06	0
2.59673e+06	0
2.59683e+06	0
2.59693e+06	0
2.59703e+06	0
2.59713e+06	0
2.59723e+06	0
2.59733e+06	0
2.59743e+06	0
2.59753e+06	0
2.59763e+06	0
2.59773e+06	0
2.59783e+06	0
2.59793e+06	0
2.59803e+06	0
2.59813e+06	0
2.59823e+06	0
2.59833e+06	0
2.59843e+06	0
2.59853e+06	0
2.59863e+06	0
2.59873e+06	0
2.59883e+06	0
2.59893e+06	0
2.59903e+06	0
2.59913e+06	0
2.59923e+06	0
2.59933e+06	0
2.59943e+06	0
2.59953e+06	0
2.59963e+06	0
2.59973e+06	0
2.59983e+06	0
2.59993e+06	0
2.60003e+06	0
2.60013e+06	0
2.60023e+06	0
2.60033e+06	0
2.60043e+06	0
2.60053e+06	0
2.60063e+06	0
2.60073e+06	0
2.60083e+06	0
2.60093e+06	0
2.60103e+06	0
2.60113e+06	0
2.60123e+06	0
2.60133e+06	0
2.60143e+06	0
2.60153e+06	0
2.60163e+06	0
2.60173e+06	0
2.60183e+06	0
2.60193e+06	0
2.60203e+06	0
2.60213e+06	0
2.60223e+06	0
2.60233e+06	0
2.60243e+06	0
2.60253e+06	0
2.60263e+06	0
2.60273e+06	0
2.60283e+06	0
2.60293e+06	0
2.60303e+06	0
2.60313e+06	0
2.60323e+06	0
2.60333e+06	0
2.60343e+06	0
2.60353e+06	0
2.60363e+06	0
2.60373e+06	0
2.60383e+06	0
2.60393e+06	0
2.60403e+06	0
2.60413e+06	0
2.60423e+06	0
2.60433e+06	0
2.60443e+06	0
2.60453e+06	0
2.60463e+06	0
2.60473e+06	0
2.60483e+06	0
2.60493e+06	0
2.60503e+06	0
2.60513e+06	0
2.60523e+06	0
2.60533e+06	0
2.60543e+06	0
2.60553e+06	0
2.60563e+06	0
2.60573e+06	0
2.60583e+06	0
2.60593e+06	0
2.60603e+06	0
2.60613e+06	0
2.60623e+06	0
2.60633e+06	0
2.60643e+06	0
2.60653e+06	0
2.60663e+06	0
2.60673e+06	0
2.60683e+06	0
2.60693e+06	0
2.60703e+06	0
2.60713e+06	0
2.60723e+06	0
2.60733e+06	0
2.60743e+06	0
2.60753e+06	0
2.60763e+06	0
2.60773e+06	0
2.60783e+06	0
2.60793e+06	0
2.60803e+06	0
2.60813e+06	0
2.60823e+06	0
2.60833e+06	0
2.60843e+06	0
2.60853e+06	0
2.60863e+06	0
2.60873e+06	0
2.60883e+06	0
2.60893e+06	0
2.60903e+06	0
2.60913e+06	0
2.60923e+06	0
2.60933e+06	0
2.60943e+06	0
2.60953e+06	0
2.60963e+06	0
2.60973e+06	0
2.60983e+06	0
2.60993e+06	0
2.61003e+06	0
2.61013e+06	0
2.61023e+06	0
2.61033e+06	0
2.61043e+06	0
2.61053e+06	0
2.61063e+06	0
2.61073e+06	0
2.61083e+06	0
2.61093e+06	0
2.61103e+06	0
2.61113e+06	0
2.61123e+06	0
2.61133e+06	0
2.61143e+06	0
2.61153e+06	0
2.61163e+06	0
2.61173e+06	0
2.61183e+06	0
2.61193e+06	0
2.61203e+06	0
2.61213e+06	0
2.61223e+06	0
2.61233e+06	0
2.61243e+06	0
2.61253e+06	0
2.61263e+06	0
2.61273e+06	0
2.61283e+06	0
2.61293e+06	0
2.61303e+06	0
2.61313e+06	0
2.61323e+06	0
2.61333e+06	0
2.61343e+06	0
2.61353e+06	0
2.61363e+06	0
2.61373e+06	0
2.61383e+06	0
2.61393e+06	0
2.61403e+06	0
2.61413e+06	0
2.61423e+06	0
2.61433e+06	0
2.61443e+06	0
2.61453e+06	0
2.61463e+06	0
2.61473e+06	0
2.61483e+06	0
2.61493e+06	0
2.61503e+06	0
2.61513e+06	0
2.61523e+06	0
2.61533e+06	0
2.61543e+06	0
2.61553e+06	0
2.61563e+06	0
2.61573e+06	0
2.61583e+06	0
2.61593e+06	0
2.61603e+06	0
2.61613e+06	0
2.61623e+06	0
2.61633e+06	0
2.61643e+06	0
2.61653e+06	0
2.61663e+06	0
2.61673e+06	0
2.61683e+06	0
2.61693e+06	0
2.61703e+06	0
2.61713e+06	0
2.61723e+06	0
2.61733e+06	0
2.61743e+06	0
2.61753e+06	0
2.61763e+06	0
2.61773e+06	0
2.61783e+06	0
2.61793e+06	0
2.61803e+06	0
2.61813e+06	0
2.61823e+06	0
2.61833e+06	0
2.61843e+06	0
2.61853e+06	0
2.61863e+06	0
2.61873e+06	0
2.61883e+06	0
2.61893e+06	0
2.61903e+06	0
2.61913e+06	0
2.61923e+06	0
2.61933e+06	0
2.61943e+06	0
2.61953e+06	0
2.61963e+06	0
2.61973e+06	0
2.61983e+06	0
2.61993e+06	0
2.62003e+06	0
2.62013e+06	0
2.62023e+06	0
2.62033e+06	0
2.62043e+06	0
2.62053e+06	0
2.62063e+06	0
2.62073e+06	0
2.62083e+06	0
2.62093e+06	0
2.62103e+06	0
2.62113e+06	0
2.62123e+06	0
2.62133e+06	0
2.62143e+06	0
2.62153e+06	0
2.62163e+06	0
2.62173e+06	0
2.62183e+06	0
2.62193e+06	0
2.62203e+06	0
2.62213e+06	0
2.62223e+06	0
2.62233e+06	0
2.62243e+06	0
2.62253e+06	0
2.62263e+06	0
2.62273e+06	0
2.62283e+06	0
2.62293e+06	0
2.62303e+06	0
2.62313e+06	0
2.62323e+06	0
2.62333e+06	0
2.62343e+06	0
2.62353e+06	0
2.62363e+06	0
2.62373e+06	0
2.62383e+06	0
2.62393e+06	0
2.62403e+06	0
2.62413e+06	0
2.62423e+06	0
2.62433e+06	0
2.62443e+06	0
2.62453e+06	0
2.62463e+06	0
2.62473e+06	0
2.62483e+06	0
2.62493e+06	0
2.62503e+06	0
2.62513e+06	0
2.62523e+06	0
2.62533e+06	0
2.62543e+06	0
2.62553e+06	0
2.62563e+06	0
2.62573e+06	0
2.62583e+06	0
2.62593e+06	0
2.62603e+06	0
2.62613e+06	0
2.62623e+06	0
2.62633e+06	0
2.62643e+06	0
2.62653e+06	0
2.62663e+06	0
2.62673e+06	0
2.62683e+06	0
2.62693e+06	0
2.62703e+06	0
2.62713e+06	0
2.62723e+06	0
2.62733e+06	0
2.62743e+06	0
2.62753e+06	0
2.62763e+06	0
2.62773e+06	0
2.62783e+06	0
2.62793e+06	0
2.62803e+06	0
2.62813e+06	0
2.62823e+06	0
2.62833e+06	0
2.62843e+06	0
2.62853e+06	0
2.62863e+06	0
2.62873e+06	0
2.62883e+06	0
2.62893e+06	0
2.62903e+06	0
2.62913e+06	0
2.62923e+06	0
2.62933e+06	0
2.62943e+06	0
2.62953e+06	0
2.62963e+06	0
2.62973e+06	0
2.62983e+06	0
2.62993e+06	0
2.63003e+06	0
2.63013e+06	0
2.63023e+06	0
2.63033e+06	0
2.63043e+06	0
2.63053e+06	0
2.63063e+06	0
2.63073e+06	0
2.63083e+06	0
2.63093e+06	0
2.63103e+06	0
2.63113e+06	0
2.63123e+06	0
2.63133e+06	0
2.63143e+06	0
2.63153e+06	0
2.63163e+06	0
2.63173e+06	0
2.63183e+06	0
2.63193e+06	0
2.63203e+06	0
2.63213e+06	0
2.63223e+06	0
2.63233e+06	0
2.63243e+06	0
2.63253e+06	0
2.63263e+06	0
2.63273e+06	0
2.63283e+06	0
2.63293e+06	0
2.63303e+06	0
2.63313e+06	0
2.63323e+06	0
2.63333e+06	0
2.63343e+06	0
2.63353e+06	0
2.63363e+06	0
2.63373e+06	0
2.63383e+06	0
2.63393e+06	0
2.63403e+06	0
2.63413e+06	0
2.63423e+06	0
2.63433e+06	0
2.63443e+06	0
2.63453e+06	0
2.63463e+06	0
2.63473e+06	0
2.63483e+06	0
2.63493e+06	0
2.63503e+06	0
2.63513e+06	0
2.63523e+06	0
2.63533e+06	0
2.63543e+06	0
2.63553e+06	0
2.63563e+06	0
2.63573e+06	0
2.63583e+06	0
2.63593e+06	0
2.63603e+06	0
2.63613e+06	0
2.63623e+06	0
2.63633e+06	0
2.63643e+06	0
2.63653e+06	0
2.63663e+06	0
2.63673e+06	0
2.63683e+06	0
2.63693e+06	0
2.63703e+06	0
2.63713e+06	0
2.63723e+06	0
2.63733e+06	0
2.63743e+06	0
2.63753e+06	0
2.63763e+06	0
2.63773e+06	0
2.63783e+06	0
2.63793e+06	0
2.63803e+06	0
2.63813e+06	0
2.63823e+06	0
2.63833e+06	0
2.63843e+06	0
2.63853e+06	0
2.63863e+06	0
2.63873e+06	0
2.63883e+06	0
2.63893e+06	0
2.63903e+06	0
2.63913e+06	0
2.63923e+06	0
2.63933e+06	0
2.63943e+06	0
2.63953e+06	0
2.63963e+06	0
2.63973e+06	0
2.63983e+06	0
2.63993e+06	0
2.64003e+06	0
2.64013e+06	0
2.64023e+06	0
2.64033e+06	0
2.64043e+06	0
2.64053e+06	0
2.64063e+06	0
2.64073e+06	0
2.64083e+06	0
2.64093e+06	0
2.64103e+06	0
2.64113e+06	0
2.64123e+06	0
2.64133e+06	0
2.64143e+06	0
2.64153e+06	0
2.64163e+06	0
2.64173e+06	0
2.64183e+06	0
2.64193e+06	0
2.64203e+06	0
2.64213e+06	0
2.64223e+06	0
2.64233e+06	0
2.64243e+06	0
2.64253e+06	0
2.64263e+06	0
2.64273e+06	0
2.64283e+06	0
2.64293e+06	0
2.64303e+06	0
2.64313e+06	0
2.64323e+06	0
2.64333e+06	0
2.64343e+06	0
2.64353e+06	0
2.64363e+06	0
2.64373e+06	0
2.64383e+06	0
2.64393e+06	0
2.64403e+06	0
2.64413e+06	0
2.64423e+06	0
2.64433e+06	0
2.64443e+06	0
2.64453e+06	0
2.64463e+06	0
2.64473e+06	0
2.64483e+06	4.94066e-324
2.64493e+06	2.07508e-322
2.64503e+06	9.71333e-321
2.64513e+06	4.4706e-319
2.64523e+06	2.0373e-317
2.64533e+06	9.19173e-316
2.64543e+06	4.10579e-314
2.64553e+06	1.81574e-312
2.64563e+06	7.95003e-311
2.64573e+06	3.4462e-309
2.64583e+06	1.479e-307
2.64593e+06	6.28426e-306
2.64603e+06	2.6436e-304
2.64613e+06	1.10102e-302
2.64623e+06	4.53997e-301
2.64633e+06	1.85339e-299
2.64643e+06	7.49095e-298
2.64653e+06	2.99754e-296
2.64663e+06	1.18754e-294
2.64673e+06	4.65791e-293
2.64683e+06	1.8088e-291
2.64693e+06	6.95419e-290
2.64703e+06	2.64703e-288
2.64713e+06	9.97538e-287
2.64723e+06	3.72183e-285
2.64733e+06	1.3748e-283
2.64743e+06	5.02785e-282
2.64753e+06	1.82046e-280
2.64763e+06	6.52583e-279
2.64773e+06	2.31605e-277
2.64783e+06	8.138e-276
2.64793e+06	2.83103e-274
2.64803e+06	9.75053e-273
2.64813e+06	3.32482e-271
2.64823e+06	1.12245e-269
2.64833e+06	3.75164e-268
2.64843e+06	1.24146e-266
2.64853e+06	4.06726e-265
2.64863e+06	1.31925e-263
2.64873e+06	4.23653e-262
2.64883e+06	1.34695e-260
2.64893e+06	4.23983e-259
2.64903e+06	1.3213e-257
2.64913e+06	4.07674e-256
2.64923e+06	1.24532e-254
2.64933e+06	3.76623e-253
2.64943e+06	1.12769e-251
2.64953e+06	3.34294e-250
2.64963e+06	9.81127e-249
2.64973e+06	2.85088e-247
2.64983e+06	8.20143e-246
2.64993e+06	2.33591e-244
2.65003e+06	6.58691e-243
2.65013e+06	1.83892e-241
2.65023e+06	5.08279e-240
2.65033e+06	1.39091e-238
2.65043e+06	3.76835e-237
2.65053e+06	1.01079e-235
2.65063e+06	2.68428e-234
2.65073e+06	7.05752e-233
2.65083e+06	1.8371e-231
2.65093e+06	4.73447e-230
2.65103e+06	1.208e-228
2.65113e+06	3.05154e-227
2.65123e+06	7.63183e-226
2.65133e+06	1.88971e-224
2.65143e+06	4.63253e-223
2.65153e+06	1.12434e-221
2.65163e+06	2.7017e-220
2.65173e+06	6.42734e-219
2.65183e+06	1.51385e-217
2.65193e+06	3.53014e-216
2.65203e+06	8.15e-215
2.65213e+06	1.86286e-213
2.65223e+06	4.21561e-212
2.65233e+06	9.4449e-211
2.65243e+06	2.09503e-209
2.65253e+06	4.60089e-208
2.65263e+06	1.00035e-206
2.65273e+06	2.15336e-205
2.65283e+06	4.58921e-204
2.65293e+06	9.68316e-203
2.65303e+06	2.0228e-201
2.65313e+06	4.18357e-200
2.65323e+06	8.56638e-199
2.65333e+06	1.73662e-197
2.65343e+06	3.48554e-196
2.65353e+06	6.92614e-195
2.65363e+06	1.3626e-193
2.65373e+06	2.65403e-192
2.65383e+06	5.11798e-191
2.65393e+06	9.77121e-190
2.65403e+06	1.84695e-188
2.65413e+06	3.45636e-187
2.65423e+06	6.40384e-186
2.65433e+06	1.17468e-184
2.65443e+06	2.13331e-183
2.65453e+06	3.83571e-182
2.65463e+06	6.82802e-181
2.65473e+06	1.20338e-179
2.65483e+06	2.09974e-178
2.65493e+06	3.62731e-177
2.65503e+06	6.20387e-176
2.65513e+06	1.0505e-174
2.65523e+06	1.76112e-173
2.65533e+06	2.92306e-172
2.65543e+06	4.80333e-171
2.65553e+06	7.81458e-170
2.65563e+06	1.25871e-168
2.65573e+06	2.00725e-167
2.65583e+06	3.1691e-166
2.65593e+06	4.95367e-165
2.65603e+06	7.66611e-164
2.65613e+06	1.17457e-162
2.65623e+06	1.78173e-161
2.65633e+06	2.67585e-160
2.65643e+06	3.97867e-159
2.65653e+06	5.85694e-158
2.65663e+06	8.53614e-157
2.65673e+06	1.23171e-155
2.65683e+06	1.7596e-154
2.65693e+06	2.48871e-153
2.65703e+06	3.48492e-152
2.65713e+06	4.83136e-151
2.65723e+06	6.63135e-150
2.65733e+06	9.01138e-149
2.65743e+06	1.21238e-147
2.65753e+06	1.61489e-146
2.65763e+06	2.12962e-145
2.65773e+06	2.78049e-144
2.65783e+06	3.59415e-143
2.65793e+06	4.59968e-142
2.65803e+06	5.82797e-141
2.65813e+06	7.31077e-140
2.65823e+06	9.0796e-139
2.65833e+06	1.11642e-137
2.65843e+06	1.35908e-136
2.65853e+06	1.63802e-135
2.65863e+06	1.95456e-134
2.65873e+06	2.30908e-133
2.65883e+06	2.70075e-132
2.65893e+06	3.12742e-131
2.65903e+06	3.58547e-130
2.65913e+06	4.06971e-129
2.65923e+06	4.57338e-128
2.65933e+06	5.08824e-127
2.65943e+06	5.60474e-126
2.65953e+06	6.11224e-125
2.65963e+06	6.59937e-124
2.65973e+06	7.05442e-123
2.65983e+06	7.46582e-122
2.65993e+06	7.8226e-121
2.66003e+06	8.11486e-120
2.66013e+06	8.33429e-119
2.66023e+06	8.47447e-118
2.66033e+06	8.53128e-117
2.66043e+06	8.50301e-116
2.66053e+06	8.3905e-115
2.66063e+06	8.19711e-114
2.66073e+06	7.92849e-113
2.66083e+06	7.59236e-112
2.66093e+06	7.19815e-111
2.66103e+06	6.75649e-110
2.66113e+06	6.27884e-109
2.66123e+06	5.77689e-108
2.66133e+06	5.26218e-107
2.66143e+06	4.74564e-106
2.66153e+06	4.23722e-105
2.66163e+06	3.74562e-104
2.66173e+06	3.27812e-103
2.66183e+06	2.84041e-102
2.66193e+06	2.43667e-101
2.66203e+06	2.06951e-100
2.66213e+06	1.74019e-99
2.66223e+06	1.44871e-98
2.66233e+06	1.19405e-97
2.66243e+06	9.74368e-97
2.66253e+06	7.8719e-96
2.66263e+06	6.29642e-95
2.66273e+06	4.98614e-94
2.66283e+06	3.90924e-93
2.66293e+06	3.03443e-92
2.66303e+06	2.33195e-91
2.66313e+06	1.77426e-90
2.66323e+06	1.33651e-89
2.66333e+06	9.96751e-89
2.66343e+06	7.35964e-88
2.66353e+06	5.38002e-87
2.66363e+06	3.89375e-86
2.66373e+06	2.79003e-85
2.66383e+06	1.97928e-84
2.66393e+06	1.39015e-83
2.66403e+06	9.66664e-83
2.66413e+06	6.65495e-82
2.66423e+06	4.53598e-81
2.66433e+06	3.06094e-80
2.66443e+06	2.04501e-79
2.66453e+06	1.35267e-78
2.66463e+06	8.85825e-78
2.66473e+06	5.74328e-77
2.66483e+06	3.68662e-76
2.66493e+06	2.34291e-75
2.66503e+06	1.47414e-74
2.66513e+06	9.18286e-74
2.66523e+06	5.66337e-73
2.66533e+06	3.45803e-72
2.66543e+06	2.09045e-71
2.66553e+06	1.25115e-70
2.66563e+06	7.41368e-70
2.66573e+06	4.34927e-69
2.66583e+06	2.52613e-68
2.66593e+06	1.45262e-67
2.66603e+06	8.27e-67
2.66613e+06	4.6614e-66
2.66623e+06	2.60126e-65
2.66633e+06	1.43717e-64
2.66643e+06	7.86123e-64
2.66653e+06	4.25725e-63
2.66663e+06	2.28257e-62
2.66673e+06	1.21165e-61
2.66683e+06	6.36778e-61
2.66693e+06	3.31326e-60
2.66703e+06	1.70679e-59
2.66713e+06	8.70483e-59
2.66723e+06	4.3954e-58
2.66733e+06	2.19732e-57
2.66743e+06	1.08754e-56
2.66753e+06	5.32912e-56
2.66763e+06	2.58536e-55
2.66773e+06	1.24178e-54
2.66783e+06	5.90508e-54
2.66793e+06	2.78012e-53
2.66803e+06	1.29586e-52
2.66813e+06	5.98012e-52
2.66823e+06	2.73224e-51
2.66833e+06	1.2359e-50
2.66843e+06	5.53487e-50
2.66853e+06	2.45407e-49
2.66863e+06	1.07727e-48
2.66873e+06	4.68186e-48
2.66883e+06	2.01451e-47
2.66893e+06	8.58178e-47
2.66903e+06	3.61945e-46
2.66913e+06	1.51135e-45
2.66923e+06	6.24804e-45
2.66933e+06	2.55729e-44
2.66943e+06	1.03627e-43
2.66953e+06	4.15742e-43
2.66963e+06	1.65132e-42
2.66973e+06	6.49376e-42
2.66983e+06	2.52824e-41
2.66993e+06	9.74533e-41
2.67003e+06	3.71905e-40
2.67013e+06	1.40516e-39
2.67023e+06	5.25624e-39
2.67033e+06	1.94662e-38
2.67043e+06	7.1375e-38
2.67053e+06	2.591e-37
2.67063e+06	9.31204e-37
2.67073e+06	3.31345e-36
2.67083e+06	1.16727e-35
2.67093e+06	4.07119e-35
2.67103e+06	1.40581e-34
2.67113e+06	4.80608e-34
2.67123e+06	1.62672e-33
2.67133e+06	5.45116e-33
2.67143e+06	1.80852e-32
2.67153e+06	5.94039e-32
2.67163e+06	1.93181e-31
2.67173e+06	6.2197e-31
2.67183e+06	1.98259e-30
2.67193e+06	6.2568e-30
2.67203e+06	1.95492e-29
2.67213e+06	6.04732e-29
2.67223e+06	1.85205e-28
2.67233e+06	5.61567e-28
2.67243e+06	1.6858e-27
2.67253e+06	5.01036e-27
2.67263e+06	1.47431e-26
2.67273e+06	4.29501e-26
2.67283e+06	1.23879e-25
2.67293e+06	3.53743e-25
2.67303e+06	1.00008e-24
2.67313e+06	2.79924e-24
2.67323e+06	7.75714e-24
2.67333e+06	2.12824e-23
2.67343e+06	5.7809e-23
2.67353e+06	1.55463e-22
2.67363e+06	4.13922e-22
2.67373e+06	1.0911e-21
2.67383e+06	2.84753e-21
2.67393e+06	7.35749e-21
2.67403e+06	1.88212e-20
2.67413e+06	4.76675e-20
2.67423e+06	1.19524e-19
2.67433e+06	2.96718e-19
2.67443e+06	7.29273e-19
2.67453e+06	1.77457e-18
2.67463e+06	4.27517e-18
2.67473e+06	1.0197e-17
2.67483e+06	2.40794e-17
2.67493e+06	5.62959e-17
2.67503e+06	1.30306e-16
2.67513e+06	2.98615e-16
2.67523e+06	6.77507e-16
2.67533e+06	1.52186e-15
2.67543e+06	3.38447e-15
2.67553e+06	7.45185e-15
2.67563e+06	1.62441e-14
2.67573e+06	3.50577e-14
2.67583e+06	7.4908e-14
2.67593e+06	1.58464e-13
2.67603e+06	3.31887e-13
2.67613e+06	6.88186e-13
2.67623e+06	1.4128e-12
2.67633e+06	2.87151e-12
2.67643e+06	5.77826e-12
2.67653e+06	1.15118e-11
2.67663e+06	2.27062e-11
2.67673e+06	4.43407e-11
2.67683e+06	8.57271e-11
2.67693e+06	1.64093e-10
2.67703e+06	3.10972e-10
2.67713e+06	5.83456e-10
2.67723e+06	1.08381e-09
2.67733e+06	1.99321e-09
2.67743e+06	3.62921e-09
2.67753e+06	6.54226e-09
2.67763e+06	1.16762e-08
2.67773e+06	2.06315e-08
2.67783e+06	3.60925e-08
2.67793e+06	6.25118e-08
2.67803e+06	1.07192e-07
2.67813e+06	1.81979e-07
2.67823e+06	3.0587e-07
2.67833e+06	5.08991e-07
2.67843e+06	8.38571e-07
2.67853e+06	1.36781e-06
2.67863e+06	2.20888e-06
2.67873e+06	3.53162e-06
2.67883e+06	5.59027e-06
2.67893e+06	8.76091e-06
2.67903e+06	1.35932e-05
2.67913e+06	2.08811e-05
2.67923e+06	3.17572e-05
2.67933e+06	4.78177e-05
2.67943e+06	7.12839e-05
2.67953e+06	0.000105209
2.67963e+06	0.000153734
2.67973e+06	0.000222406
2.67983e+06	0.000318552
2.67993e+06	0.000451723
2.68003e+06	0.000634193
2.68013e+06	0.000881513
2.68023e+06	0.00121309
2.68033e+06	0.00165279
2.68043e+06	0.00222945
2.68053e+06	0.0029774
2.68063e+06	0.00393673
2.68073e+06	0.00515337
2.68083e+06	0.00667893
2.68093e+06	0.00856999
2.68103e+06	0.0108871
2.68113e+06	0.0136932
2.68123e+06	0.0170513
2.68133e+06	0.0210217
2.68143e+06	0.025659
2.68153e+06	0.0310078
2.68163e+06	0.037099
2.68173e+06	0.0439456
2.68183e+06	0.0515382
2.68193e+06	0.0598418
2.68203e+06	0.0687928
2.68213e+06	0.0782967
2.68223e+06	0.0882282
2.68233e+06	0.0984318
2.68243e+06	0.108725
2.68253e+06	0.118901
2.68263e+06	0.128739
2.68273e+06	0.138007
2.68283e+06	0.146474
2.68293e+06	0.153918
2.68303e+06	0.160136
2.68313e+06	0.164954
2.68323e+06	0.168231
2.68333e+06	0.169874
2.68343e+06	0.169834
2.68353e+06	0.168113
2.68363e+06	0.164762
2.68373e+06	0.159882
2.68383e+06	0.153612
2.68393e+06	0.146131
2.68403e+06	0.137642
2.68413e+06	0.128368
2.68423e+06	0.118539
2.68433e+06	0.108386
2.68443e+06	0.0981275
2.68453e+06	0.0879676
2.68463e+06	0.0780863
2.68473e+06	0.0686362
2.68483e+06	0.0597398
2.68493e+06	0.051489
2.68503e+06	0.0439454
2.68513e+06	0.0371423
2.68523e+06	0.0310879
2.68533e+06	0.0257686
2.68543e+06	0.0211534
2.68553e+06	0.0171976
2.68563e+06	0.0138475
2.68573e+06	0.0110435
2.68583e+06	0.00872335
2.68593e+06	0.00682534
2.68603e+06	0.00528987
2.68613e+06	0.00406132
2.68623e+06	0.00308896
2.68633e+06	0.00232756
2.68643e+06	0.00173765
2.68653e+06	0.00128534
2.68663e+06	0.000942098
2.68673e+06	0.000684271
2.68683e+06	0.000492544
2.68693e+06	0.00035138
2.68703e+06	0.000248462
2.68713e+06	0.000174152
2.68723e+06	0.00012101
2.68733e+06	8.33624e-05
2.68743e+06	5.694e-05
2.68753e+06	3.85655e-05
2.68763e+06	2.59033e-05
2.68773e+06	1.72553e-05
2.68783e+06	1.14009e-05
2.68793e+06	7.47208e-06
2.68803e+06	4.85806e-06
2.68813e+06	3.13354e-06
2.68823e+06	2.00535e-06
2.68833e+06	1.27337e-06
2.68843e+06	8.02321e-07
2.68853e+06	5.01641e-07
2.68863e+06	3.11246e-07
2.68873e+06	1.91642e-07
2.68883e+06	1.17101e-07
2.68893e+06	7.10088e-08
2.68903e+06	4.2731e-08
2.68913e+06	2.55179e-08
2.68923e+06	1.51218e-08
2.68933e+06	8.89205e-09
