0	1.22289e-06
100	1.27262e-06
200	1.31121e-06
300	1.33752e-06
400	1.35079e-06
500	1.35062e-06
600	1.33701e-06
700	1.31037e-06
800	1.27148e-06
900	1.22147e-06
1000	1.16175e-06
1100	1.09396e-06
1200	1.01987e-06
1300	9.41344e-07
1400	8.60218e-07
1500	7.78261e-07
1600	6.97107e-07
1700	6.18203e-07
1800	5.42775e-07
1900	4.71809e-07
2000	4.06041e-07
2100	3.45963e-07
2200	2.91842e-07
2300	2.43738e-07
2400	2.01537e-07
2500	1.64985e-07
2600	1.33718e-07
2700	1.07299e-07
2800	8.52422e-08
2900	6.7046e-08
3000	5.22093e-08
3100	4.02514e-08
3200	3.07235e-08
3300	2.32176e-08
3400	1.73708e-08
3500	1.28671e-08
3600	9.43626e-09
3700	6.85133e-09
3800	4.92502e-09
3900	3.50507e-09
4000	2.4697e-09
4100	1.72285e-09
4200	1.1899e-09
4300	8.1363e-10
4400	5.5081e-10
4500	3.69177e-10
4600	2.44976e-10
4700	1.60942e-10
4800	1.04683e-10
4900	6.74117e-11
5000	4.29787e-11
5100	2.71287e-11
5200	1.69535e-11
5300	1.04894e-11
5400	6.42534e-12
5500	3.89672e-12
5600	2.3397e-12
5700	1.39084e-12
5800	8.18564e-13
5900	4.76963e-13
6000	2.75153e-13
6100	1.57152e-13
6200	8.88634e-14
6300	4.97488e-14
6400	2.7574e-14
6500	1.51312e-14
6600	8.22065e-15
6700	4.42176e-15
6800	2.35473e-15
6900	1.24149e-15
7000	6.48054e-16
7100	3.34933e-16
7200	1.71423e-16
7300	8.69659e-17
7400	4.39208e-17
7500	2.25209e-17
7600	1.27171e-17
7700	9.95256e-18
7800	1.33131e-17
7900	2.54372e-17
8000	5.43575e-17
8100	1.18424e-16
8200	2.57076e-16
8300	5.53272e-16
8400	1.17924e-15
8500	2.48856e-15
8600	5.19945e-15
8700	1.07554e-14
8800	2.20269e-14
8900	4.46618e-14
9000	8.96559e-14
9100	1.78188e-13
9200	3.5062e-13
9300	6.8305e-13
9400	1.31743e-12
9500	2.51571e-12
9600	4.7561e-12
9700	8.90229e-12
9800	1.64972e-11
9900	3.02678e-11
10000	5.49805e-11
10100	9.88776e-11
10200	1.76054e-10
10300	3.10354e-10
10400	5.41664e-10
10500	9.35975e-10
10600	1.60126e-09
10700	2.71221e-09
10800	4.54831e-09
10900	7.55167e-09
11000	1.24138e-08
11100	2.02038e-08
11200	3.25561e-08
11300	5.19404e-08
11400	8.20454e-08
11500	1.28316e-07
11600	1.98696e-07
11700	3.04636e-07
11800	4.62449e-07
11900	6.95089e-07
12000	1.03447e-06
12100	1.52441e-06
12200	2.22435e-06
12300	3.21388e-06
12400	4.59823e-06
12500	6.51482e-06
12600	9.14068e-06
12700	1.2701e-05
12800	1.74784e-05
12900	2.38229e-05
13000	3.21624e-05
13100	4.30128e-05
13200	5.69882e-05
13300	7.48099e-05
13400	9.73149e-05
13500	0.000125463
13600	0.000160343
13700	0.00020318
13800	0.000255342
13900	0.000318352
14000	0.000393907
14100	0.000483907
14200	0.000590503
14300	0.000716162
14400	0.000863769
14500	0.00103676
14600	0.00123928
14700	0.00147646
14800	0.00175464
14900	0.00208169
15000	0.00246745
15100	0.00292407
15200	0.00346646
15300	0.00411273
15400	0.00488455
15500	0.00580746
15600	0.00691107
15700	0.00822906
15800	0.00979895
15900	0.0116616
16000	0.0138603
16100	0.0164398
16200	0.0194444
16300	0.0229162
16400	0.0268927
16500	0.0314041
16600	0.0364709
16700	0.0421004
16800	0.0482843
16900	0.0549963
17000	0.0621898
17100	0.0697969
17200	0.0777276
17300	0.0858708
17400	0.0940955
17500	0.102254
17600	0.110186
17700	0.117723
17800	0.124694
17900	0.130933
18000	0.136286
18100	0.140615
18200	0.143805
18300	0.145769
18400	0.146456
18500	0.145845
18600	0.143954
18700	0.140834
18800	0.136569
18900	0.131271
19000	0.125079
19100	0.118145
19200	0.110636
19300	0.102723
19400	0.0945758
19500	0.0863582
19600	0.0782217
19700	0.0703027
19800	0.06272
19900	0.0555729
20000	0.0489415
20100	0.0428873
20200	0.0374547
20300	0.0326736
20400	0.0285623
20500	0.02513
20600	0.0223802
20700	0.0203134
20800	0.0189289
20900	0.0182271
21000	0.0182098
21100	0.0188812
21200	0.0202466
21300	0.0223118
21400	0.0250804
21500	0.0285516
21600	0.0327173
21700	0.0375588
21800	0.0430437
21900	0.0491229
22000	0.0557287
22100	0.0627731
22200	0.0701473
22300	0.0777227
22400	0.0853526
22500	0.0928758
22600	0.100121
22700	0.106913
22800	0.113077
22900	0.118449
23000	0.12288
23100	0.126243
23200	0.12844
23300	0.129404
23400	0.129106
23500	0.127553
23600	0.124788
23700	0.120891
23800	0.115971
23900	0.110163
24000	0.103622
24100	0.0965143
24200	0.089014
24300	0.0812922
24400	0.0735125
24500	0.0658256
24600	0.0583643
24700	0.0512412
24800	0.0445459
24900	0.0383454
25000	0.0326838
25100	0.0275847
25200	0.0230524
25300	0.0190756
25400	0.0156298
25500	0.0126805
25600	0.0101867
25700	0.00810289
25800	0.00638199
25900	0.00497715
26000	0.00384339
26100	0.0029387
26200	0.00222487
26300	0.00166786
26400	0.001238
26500	0.000909893
26600	0.000662162
26700	0.000477138
26800	0.00034043
26900	0.000240501
27000	0.000168233
27100	0.000116522
27200	7.99115e-05
27300	5.42643e-05
27400	3.64856e-05
27500	2.42903e-05
27600	1.6012e-05
27700	1.04511e-05
27800	6.75427e-06
27900	4.32213e-06
28000	2.73854e-06
28100	1.71807e-06
28200	1.06725e-06
28300	6.56433e-07
28400	3.99775e-07
28500	2.41069e-07
28600	1.43936e-07
28700	8.50934e-08
28800	4.98107e-08
28900	2.88702e-08
29000	1.65682e-08
29100	9.4146e-09
29200	5.29696e-09
29300	2.95088e-09
29400	1.6277e-09
29500	8.88989e-10
29600	4.80748e-10
29700	2.57416e-10
29800	1.36475e-10
29900	7.16422e-11
30000	3.72376e-11
30100	1.91643e-11
30200	9.76566e-12
30300	4.92728e-12
30400	2.46156e-12
30500	1.21761e-12
30600	5.96357e-13
30700	2.89201e-13
30800	1.38864e-13
30900	6.60199e-14
31000	3.10783e-14
31100	1.44855e-14
31200	6.68509e-15
31300	3.05475e-15
31400	1.3821e-15
31500	6.19154e-16
31600	2.74633e-16
31700	1.20615e-16
31800	5.24499e-17
31900	2.25834e-17
32000	9.62885e-18
32100	4.06738e-18
32200	1.70722e-18
32300	7.24245e-19
32400	3.39631e-19
32500	2.40275e-19
32600	3.3903e-19
32700	7.02978e-19
32800	1.59457e-18
32900	3.64769e-18
33000	8.28771e-18
33100	1.86528e-17
33200	4.15674e-17
33300	9.17122e-17
33400	2.00337e-16
33500	4.33266e-16
33600	9.27699e-16
33700	1.96661e-15
33800	4.12751e-15
33900	8.57665e-15
34000	1.76444e-14
34100	3.5938e-14
34200	7.24703e-14
34300	1.44686e-13
34400	2.8599e-13
34500	5.59675e-13
34600	1.08438e-12
34700	2.0801e-12
34800	3.95046e-12
34900	7.42797e-12
35000	1.38278e-11
35100	2.54856e-11
35200	4.65047e-11
35300	8.40154e-11
35400	1.50273e-10
35500	2.66111e-10
35600	4.66557e-10
35700	8.09855e-10
35800	1.39178e-09
35900	2.36806e-09
36000	3.98911e-09
36100	6.65304e-09
36200	1.09856e-08
36300	1.79593e-08
36400	2.90681e-08
36500	4.65804e-08
36600	7.39012e-08
36700	1.16081e-07
36800	1.80522e-07
36900	2.77947e-07
37000	4.23697e-07
37100	6.39456e-07
37200	9.55492e-07
37300	1.41353e-06
37400	2.07036e-06
37500	3.00225e-06
37600	4.31034e-06
37700	6.12686e-06
37800	8.62238e-06
37900	1.20138e-05
38000	1.65727e-05
38100	2.26345e-05
38200	3.06063e-05
38300	4.09746e-05
38400	5.43102e-05
38500	7.12708e-05
38600	9.25989e-05
38700	0.000119114
38800	0.0001517
38900	0.000191281
39000	0.000238794
39100	0.000295147
39200	0.000361176
39300	0.000437586
39400	0.000524897
39500	0.000623376
39600	0.000732979
39700	0.000853295
39800	0.000983497
39900	0.00112231
40000	0.001268
40100	0.00141838
40200	0.00157085
40300	0.00172243
40400	0.0018699
40500	0.00200984
40600	0.00213882
40700	0.00225348
40800	0.00235074
40900	0.00242785
41000	0.00248262
41100	0.00251344
41200	0.0025194
41300	0.00250032
41400	0.00245677
41500	0.00239004
41600	0.00230206
41700	0.00219534
41800	0.0020728
41900	0.0019377
42000	0.00179345
42100	0.00164348
42200	0.00149113
42300	0.00133949
42400	0.00119135
42500	0.00104909
42600	0.000914665
42700	0.000789566
42800	0.000674826
42900	0.000571047
43000	0.000478443
43100	0.000396887
43200	0.000325973
43300	0.00026508
43400	0.000213428
43500	0.00017014
43600	0.00013429
43700	0.000104945
43800	8.12009e-05
43900	6.22076e-05
44000	4.71857e-05
44100	3.54373e-05
44200	2.6351e-05
44300	1.94007e-05
44400	1.41425e-05
44500	1.02075e-05
44600	7.2946e-06
44700	5.16145e-06
44800	3.61602e-06
44900	2.5083e-06
45000	1.72274e-06
45100	1.17152e-06
45200	7.88813e-07
45300	5.25884e-07
45400	3.47136e-07
45500	2.26885e-07
45600	1.46827e-07
45700	9.40809e-08
45800	5.96891e-08
45900	3.74962e-08
46000	2.33226e-08
46100	1.43638e-08
46200	8.75909e-09
46300	5.28874e-09
46400	3.1619e-09
