141731	8.71315e-09
141831	1.501e-08
141931	2.56251e-08
142031	4.33535e-08
142131	7.26857e-08
142231	1.20763e-07
142331	1.98827e-07
142431	3.24386e-07
142531	5.24432e-07
142631	8.40131e-07
142731	1.33361e-06
142831	2.0976e-06
142931	3.26907e-06
143031	5.04802e-06
143131	7.72333e-06
143231	1.17076e-05
143331	1.75831e-05
143431	2.61628e-05
143531	3.85675e-05
143631	5.63246e-05
143731	8.14901e-05
143831	0.000116797
143931	0.000165833
144031	0.000233246
144131	0.000324974
144231	0.000448507
144331	0.000613149
144431	0.000830292
144531	0.00111367
144631	0.00147956
144731	0.00194695
144831	0.00253754
144931	0.00327569
145031	0.00418808
145131	0.00530329
145231	0.00665099
145331	0.008261
145431	0.010162
145531	0.0123799
145631	0.0149365
145731	0.0178469
145831	0.0211182
145931	0.0247474
146031	0.0287193
146131	0.0330057
146231	0.0375639
146331	0.0423367
146431	0.0472527
146531	0.0522271
146631	0.0571645
146731	0.0619606
146831	0.0665065
146931	0.0706923
147031	0.0744118
147131	0.0775667
147231	0.080071
147331	0.0818552
147431	0.0828693
147531	0.0830854
147631	0.0824991
147731	0.0811293
147831	0.0790178
147931	0.076227
148031	0.072837
148131	0.0689418
148231	0.064645
148331	0.0600556
148431	0.0552832
148531	0.0504338
148631	0.0456065
148731	0.0408898
148831	0.0363599
148931	0.0320789
149031	0.0280941
149131	0.0244381
149231	0.0211298
149331	0.0181753
149431	0.0155697
149531	0.0132992
149631	0.0113426
149731	0.00967402
149831	0.00826403
149931	0.00708187
150031	0.00609667
150131	0.00527865
150231	0.00460008
150331	0.00403583
150431	0.00356379
150531	0.00316503
150631	0.00282376
150731	0.00252722
150831	0.00226535
150931	0.00203053
151031	0.00181718
151131	0.00162141
151231	0.00144063
151331	0.00127326
151431	0.00111839
151531	0.000975594
151631	0.000844655
151731	0.000725474
151831	0.000617937
151931	0.000521845
152031	0.000436884
152131	0.000362613
152231	0.000298474
152331	0.000243819
152431	0.000197944
152531	0.000160127
152631	0.000129667
152731	0.000105928
152831	8.83685e-05
152931	7.6579e-05
153031	7.03069e-05
153131	6.94801e-05
153231	7.42249e-05
153331	8.48783e-05
153431	0.000101994
153531	0.000126341
153631	0.000158897
153731	0.000200826
153831	0.000253452
153931	0.000318213
154031	0.00039661
154131	0.00049013
154231	0.000600166
154331	0.000727924
154431	0.000874309
154531	0.00103983
154631	0.00122447
154731	0.0014276
154831	0.00164792
154931	0.00188333
155031	0.00213096
155131	0.00238718
155231	0.00264759
155331	0.00290721
155431	0.00316051
155531	0.0034017
155631	0.00362487
155731	0.00382425
155831	0.00399444
155931	0.0041307
156031	0.0042291
156131	0.00428676
156231	0.00430198
156331	0.00427429
156431	0.00420452
156531	0.00409474
156631	0.00394814
156731	0.00376892
156831	0.00356203
156931	0.003333
157031	0.00308767
157131	0.00283193
157231	0.00257153
157331	0.00231184
157431	0.0020577
157531	0.00181327
157631	0.00158197
157731	0.00136645
157831	0.00116854
157931	0.000989358
158031	0.000829314
158131	0.000688242
158231	0.000565485
158331	0.00046
158431	0.000370469
158531	0.000295395
158631	0.00023319
158731	0.000182253
158831	0.000141025
158931	0.000108038
159031	8.19434e-05
159131	6.15333e-05
159231	4.57474e-05
159331	3.36736e-05
159431	2.45411e-05
159531	1.77098e-05
159631	1.26573e-05
159731	8.9638e-06
159831	6.29822e-06
159931	4.40421e-06
160031	3.08827e-06
160131	2.2098e-06
160231	1.6737e-06
160331	1.42602e-06
160431	1.45311e-06
160531	1.7852e-06
160631	2.50539e-06
160731	3.76571e-06
160831	5.81244e-06
160931	9.02346e-06
161031	1.39618e-05
161131	2.14498e-05
161231	3.26707e-05
161331	4.93037e-05
161431	7.3703e-05
161531	0.000109127
161631	0.000160034
161731	0.000232444
161831	0.00033439
161931	0.000476452
162031	0.000672388
162131	0.000939853
162231	0.0013012
162331	0.00178434
162431	0.00242363
162531	0.00326074
162631	0.00434541
162731	0.00573613
162831	0.00750043
162931	0.00971493
163031	0.0124649
163131	0.015843
163231	0.019948
163331	0.0248818
163431	0.0307463
163531	0.0376396
163631	0.0456509
163731	0.0548553
163831	0.0653077
163931	0.0770374
164031	0.090042
164131	0.104283
164231	0.119679
164331	0.136108
164431	0.153401
164531	0.171345
164631	0.189689
164731	0.208144
164831	0.226392
164931	0.2441
165031	0.260925
165131	0.276527
165231	0.290585
165331	0.302806
165431	0.312935
165531	0.320769
165631	0.32616
165731	0.329023
165831	0.329337
165931	0.327144
166031	0.322548
166131	0.315705
166231	0.30682
166331	0.296136
166431	0.28392
166531	0.270457
166631	0.256038
166731	0.240949
166831	0.225464
166931	0.209836
167031	0.194295
167131	0.17904
167231	0.16424
167331	0.150032
167431	0.136522
167531	0.12379
167631	0.111887
167731	0.100844
167831	0.0906721
167931	0.0813665
168031	0.0729099
168131	0.0652756
168231	0.0584292
168331	0.0523311
168431	0.0469375
168531	0.0422017
168631	0.0380746
168731	0.0345055
168831	0.0314426
168931	0.0288329
169031	0.0266231
169131	0.02476
169231	0.0231911
169331	0.0218651
169431	0.0207334
169531	0.0197501
169631	0.0188734
169731	0.0180664
169831	0.0172973
169931	0.0165401
170031	0.015775
170131	0.0149882
170231	0.0141715
170331	0.0133222
170431	0.0124421
170531	0.0115371
170631	0.0106157
170731	0.00968859
170831	0.00876759
170931	0.00786468
171031	0.00699135
171131	0.00615798
171231	0.00537336
171331	0.00464442
171431	0.00397605
171531	0.0033711
171631	0.0028305
171731	0.00235344
171831	0.00193765
171931	0.00157967
172031	0.00127515
172131	0.00101918
172231	0.000806546
172331	0.000631961
172431	0.000490263
172531	0.000376566
172631	0.000286368
172731	0.000215614
172831	0.00016073
172931	0.000118629
173031	8.6688e-05
173131	6.27226e-05
173231	4.49395e-05
173331	3.18912e-05
173431	2.24274e-05
173531	1.56484e-05
173631	1.08618e-05
173731	7.54485e-06
173831	5.31138e-06
173931	3.88511e-06
174031	3.07823e-06
174131	2.77529e-06
174231	2.92194e-06
174331	3.51803e-06
174431	4.61464e-06
174531	6.31463e-06
174631	8.77612e-06
174731	1.22187e-05
174831	1.69315e-05
174931	2.32829e-05
175031	3.17309e-05
175131	4.28334e-05
175231	5.72567e-05
175331	7.57817e-05
175431	9.93062e-05
175531	0.000128841
175631	0.000165497
175731	0.000210467
175831	0.000264994
175931	0.000330329
176031	0.000407675
176131	0.000498125
176231	0.000602586
176331	0.000721702
176431	0.000855762
176531	0.00100463
176631	0.00116766
176731	0.00134364
176831	0.00153075
176931	0.00172658
177031	0.00192807
177131	0.00213166
177231	0.0023333
177331	0.0025286
177431	0.00271297
177531	0.00288183
177631	0.00303074
177731	0.00315563
177831	0.00325297
177931	0.00331995
178031	0.00335459
178131	0.00335587
178231	0.00332374
178331	0.00325917
178431	0.00316405
178531	0.00304114
178631	0.00289393
178731	0.00272644
178831	0.00254308
178931	0.00234845
179031	0.00214714
179131	0.00194355
179231	0.00174177
179331	0.0015454
179431	0.00135752
179531	0.00118062
179631	0.00101656
179731	0.000866583
179831	0.000731384
179931	0.000611136
180031	0.000505577
180131	0.000414089
180231	0.000335782
180331	0.000269574
180431	0.000214267
180531	0.000168613
180631	0.000131366
180731	0.000101328
180831	7.73814e-05
180931	5.85059e-05
181031	4.37945e-05
181131	3.24561e-05
181231	2.38139e-05
181331	1.7299e-05
181431	1.24414e-05
181531	8.85881e-06
181631	6.24507e-06
181731	4.3587e-06
181831	3.01185e-06
181931	2.06047e-06
182031	1.39559e-06
182131	9.35847e-07
182231	6.21312e-07
182331	4.08386e-07
182431	2.6576e-07
182531	1.71224e-07
182631	1.09219e-07
182731	6.89745e-08
182831	4.31256e-08
182931	2.66956e-08
183031	1.63607e-08
183131	9.92702e-09
183231	5.9634e-09
183331	3.54671e-09
183431	2.08841e-09
183531	1.21748e-09
183631	7.02692e-10
183731	4.01537e-10
183831	2.27166e-10
183931	1.27238e-10
184031	7.05585e-11
184131	3.87381e-11
184231	2.10564e-11
184331	1.13315e-11
184431	6.03735e-12
184531	3.18466e-12
184631	1.66317e-12
184731	8.5994e-13
184831	4.40206e-13
184931	2.23101e-13
185031	1.11945e-13
185131	5.56113e-14
185231	2.73514e-14
185331	1.33184e-14
185431	6.42071e-15
185531	3.06458e-15
185631	1.44815e-15
185731	6.77511e-16
185831	3.13816e-16
185931	1.4391e-16
186031	6.53377e-17
186131	2.93693e-17
186231	1.30701e-17
186331	5.75869e-18
186431	2.51203e-18
186531	1.08488e-18
186631	4.63872e-19
186731	1.96368e-19
186831	8.22999e-20
186931	3.41496e-20
187031	1.40291e-20
187131	5.70597e-21
187231	2.29766e-21
187331	9.16012e-22
187431	3.61553e-22
187531	1.41287e-22
187631	5.46621e-23
187731	2.09377e-23
187831	7.94016e-24
187931	2.98116e-24
188031	1.10815e-24
188131	4.07822e-25
188231	1.48593e-25
188331	5.36023e-26
188431	1.91437e-26
188531	6.769e-27
188631	2.36963e-27
188731	8.21285e-28
188831	2.81815e-28
188931	9.57396e-29
189031	3.22015e-29
189131	1.0723e-29
189231	3.53522e-30
189331	1.15391e-30
189431	3.72893e-31
189531	1.19304e-31
189631	3.77903e-32
189731	1.18513e-32
189831	3.67964e-33
189931	1.13111e-33
190031	3.44237e-34
190131	1.03722e-34
190231	3.09413e-35
190331	9.13829e-36
190431	2.67207e-36
190531	7.7355e-37
190631	2.2171e-37
190731	6.29129e-38
190831	1.76747e-38
190931	4.91609e-39
191031	1.35377e-39
191131	3.69086e-40
191231	9.96248e-41
191331	2.66234e-41
191431	7.04398e-42
191531	1.84514e-42
191631	4.78516e-43
191731	1.22863e-43
191831	3.12322e-44
191931	7.86036e-45
192031	1.95857e-45
192131	4.8316e-46
192231	1.18005e-46
192331	2.85344e-47
192431	6.83114e-48
192531	1.6191e-48
192631	3.79938e-49
192731	8.8269e-50
192831	2.0303e-50
192931	4.62349e-51
193031	1.04241e-51
193131	2.32681e-52
193231	5.14211e-53
193331	1.12507e-53
193431	2.4371e-54
193531	5.22667e-55
193631	1.10977e-55
193731	2.33292e-56
193831	4.85538e-57
193931	1.00047e-57
194031	2.04099e-58
194131	4.12225e-59
194231	8.24302e-60
194331	1.6319e-60
194431	3.1986e-61
194531	6.20701e-62
194631	1.19251e-62
194731	2.26829e-63
194831	4.27161e-64
194931	7.9642e-65
195031	1.47011e-65
195131	2.68667e-66
195231	4.86112e-67
195331	8.70794e-68
195431	1.54437e-68
195531	2.71172e-69
195631	4.71405e-70
195731	8.11337e-71
195831	1.3825e-71
195931	2.33231e-72
196031	3.89552e-73
196131	6.4417e-74
196231	1.05461e-74
196331	1.70939e-75
196431	2.74314e-76
196531	4.35825e-77
196631	6.8554e-78
196731	1.0676e-78
196831	1.64606e-79
196931	2.51268e-80
197031	3.79739e-81
197131	5.68187e-82
197231	8.41694e-83
197331	1.23445e-83
197431	1.79247e-84
197531	2.57683e-85
197631	3.66755e-86
197731	5.16803e-87
197831	7.20991e-88
197931	9.95846e-89
198031	1.36179e-89
198131	1.84369e-90
198231	2.47128e-91
198331	3.27953e-92
198431	4.30883e-93
198531	5.60485e-94
198631	7.21815e-95
198731	9.20332e-96
198831	1.16177e-96
198931	1.45196e-97
199031	1.79657e-98
199131	2.20085e-99
199231	2.66928e-100
199331	3.2052e-101
199431	3.81042e-102
199531	4.48486e-103
199631	5.22614e-104
199731	6.02934e-105
199831	6.88678e-106
199931	7.78789e-107
200031	8.71927e-108
200131	9.66491e-109
200231	1.06065e-109
200331	1.1524e-110
200431	1.23963e-111
200531	1.3202e-112
200631	1.39201e-113
200731	1.45345e-114
200831	1.53487e-115
200931	4.79004e-116
201031	3.18655e-115
201131	3.06013e-114
201231	2.92347e-113
201331	2.76526e-112
201431	2.58959e-111
201531	2.40094e-110
201631	2.20389e-109
201731	2.00289e-108
201831	1.8021e-107
201931	1.60531e-106
202031	1.41578e-105
202131	1.2362e-104
202231	1.06866e-103
202331	9.14638e-103
202431	7.75022e-102
202531	6.50184e-101
202631	5.40027e-100
202731	4.44071e-99
202831	3.61531e-98
202931	2.91404e-97
203031	2.32543e-96
203131	1.83725e-95
203231	1.43711e-94
203331	1.11293e-93
203431	8.53306e-93
203531	6.47735e-92
203631	4.86797e-91
203731	3.62205e-90
203831	2.6682e-89
203931	1.94599e-88
204031	1.40514e-87
204131	1.00451e-86
204231	7.10962e-86
204331	4.98191e-85
204431	3.45623e-84
204531	2.37392e-83
204631	1.61431e-82
204731	1.08684e-81
204831	7.24436e-81
204931	4.7807e-80
205031	3.1235e-79
205131	2.02045e-78
205231	1.29393e-77
205331	8.2041e-77
205431	5.15002e-76
205531	3.20069e-75
205631	1.9694e-74
205731	1.19973e-73
205831	7.23585e-73
205931	4.32069e-72
206031	2.55431e-71
206131	1.49503e-70
206231	8.66333e-70
206331	4.97023e-69
206431	2.82309e-68
206531	1.58756e-67
206631	8.83882e-67
206731	4.87208e-66
206831	2.65884e-65
206931	1.43657e-64
207031	7.68454e-64
207131	4.06974e-63
207231	2.13389e-62
207331	1.10774e-61
207431	5.6932e-61
207531	2.89691e-60
207631	1.45938e-59
207731	7.27883e-59
207831	3.59427e-58
207931	1.75719e-57
208031	8.50514e-57
208131	4.0757e-56
208231	1.93366e-55
208331	9.08274e-55
208431	4.22386e-54
208531	1.94473e-53
208631	8.86478e-53
208731	4.00067e-52
208831	1.78754e-51
208931	7.90744e-51
209031	3.46316e-50
209131	1.50165e-49
209231	6.44644e-49
209331	2.73987e-48
209431	1.15291e-47
209531	4.80311e-47
209631	1.98109e-46
209731	8.08993e-46
209831	3.27071e-45
209931	1.30917e-44
210031	5.18813e-44
210131	2.03555e-43
210231	7.90697e-43
210331	3.04086e-42
210431	1.15782e-41
210531	4.36459e-41
210631	1.62893e-40
210731	6.01896e-40
210831	2.2019e-39
210931	7.97503e-39
211031	2.85973e-38
211131	1.01526e-37
211231	3.5685e-37
211331	1.24181e-36
211431	4.27839e-36
211531	1.45937e-35
211631	4.92843e-35
211731	1.64783e-34
211831	5.45472e-34
211931	1.78769e-33
212031	5.8006e-33
212131	1.86342e-32
212231	5.92666e-32
212331	1.86624e-31
212431	5.81815e-31
212531	1.79582e-30
212631	5.48781e-30
212731	1.66034e-29
212831	4.97341e-29
212931	1.47494e-28
213031	4.33064e-28
213131	1.2589e-27
213231	3.62321e-27
213331	1.03242e-26
213431	2.9126e-26
213531	8.13519e-26
213631	2.24966e-25
213731	6.15926e-25
213831	1.66956e-24
213931	4.48065e-24
214031	1.19054e-23
214131	3.13191e-23
214231	8.15718e-23
214331	2.10347e-22
214431	5.37028e-22
214531	1.35745e-21
214631	3.39718e-21
214731	8.41745e-21
214831	2.06495e-20
214931	5.01543e-20
215031	1.20608e-19
215131	2.87153e-19
215231	6.76896e-19
215331	1.5798e-18
215431	3.65053e-18
215531	8.35187e-18
215631	1.89185e-17
215731	4.24292e-17
215831	9.42153e-17
215931	2.07137e-16
216031	4.50892e-16
216131	9.71784e-16
216231	2.07372e-15
216331	4.38145e-15
216431	9.16583e-15
216531	1.89852e-14
216631	3.89359e-14
216731	7.90643e-14
216831	1.58967e-13
216931	3.16471e-13
217031	6.23825e-13
217131	1.21758e-12
217231	2.35312e-12
217331	4.50302e-12
217431	8.5326e-12
217531	1.60096e-11
217631	2.97447e-11
217731	5.47232e-11
217831	9.96947e-11
217931	1.79853e-10
218031	3.21304e-10
218131	5.68427e-10
218231	9.95868e-10
218331	1.72785e-09
218431	2.96891e-09
218531	5.05225e-09
218631	8.51495e-09
218731	1.42135e-08
218831	2.34993e-08
218931	3.8482e-08
219031	6.24203e-08
219131	1.00294e-07
219231	1.59635e-07
219331	2.51712e-07
219431	3.93207e-07
219531	6.08562e-07
219631	9.33214e-07
219731	1.418e-06
219831	2.13511e-06
219931	3.18598e-06
220031	4.71171e-06
220131	6.90656e-06
220231	1.00353e-05
220331	1.4455e-05
220431	2.0643e-05
220531	2.92304e-05
220631	4.10436e-05
220731	5.71548e-05
220831	7.8941e-05
220931	0.000108153
221031	0.000146999
221131	0.00019823
221231	0.000265248
221331	0.000352215
221431	0.000464168
221531	0.00060715
221631	0.000788323
221731	0.00101609
221831	0.00130019
221931	0.00165177
222031	0.00208343
222131	0.00260916
222231	0.00324431
222331	0.00400535
222431	0.00490961
222531	0.00597485
222631	0.00721875
222731	0.00865817
222831	0.0103083
222931	0.0121819
223031	0.0142879
223131	0.0166305
223231	0.0192081
223331	0.022012
223431	0.0250257
223531	0.0282238
223631	0.031572
223731	0.0350269
223831	0.038536
223931	0.0420394
224031	0.0454703
224131	0.0487577
224231	0.0518283
224331	0.0546092
224431	0.0570312
224531	0.0590314
224631	0.0605564
224731	0.0615648
224831	0.0620296
224931	0.0619398
225031	0.0613013
225131	0.0601373
225231	0.0584872
225331	0.056406
225431	0.0539614
225531	0.0512317
225631	0.0483027
225731	0.045264
225831	0.0422059
225931	0.0392157
226031	0.0363748
226131	0.0337559
226231	0.0314205
226331	0.0294172
226431	0.0277803
226531	0.0265295
226631	0.0256691
226731	0.0251892
226831	0.0250663
226931	0.0252643
227031	0.025737
227131	0.0264294
227231	0.0272805
227331	0.0282257
227431	0.029199
227531	0.0301361
227631	0.0309762
227731	0.0316647
227831	0.032155
227931	0.0324097
228031	0.0324022
228131	0.0321172
228231	0.0315504
228331	0.0307085
228431	0.0296082
228531	0.028275
228631	0.0267412
228731	0.0250446
228831	0.023226
228931	0.0213277
229031	0.0193914
229131	0.0174566
229231	0.0155592
229331	0.0137305
229431	0.0119965
229531	0.0103774
229631	0.00888762
229731	0.00753605
229831	0.00632648
229931	0.00525823
230031	0.00432689
230131	0.0035251
230231	0.00284331
230331	0.00227057
230431	0.00179516
230531	0.00140517
230631	0.00108896
230731	0.000835509
230831	0.000634671
230931	0.000477313
231031	0.000355398
231131	0.000261989
231231	0.000191209
231331	0.000138163
231431	9.88398e-05
231531	7.0005e-05
231631	4.90889e-05
231731	3.40796e-05
231831	2.34241e-05
231931	1.594e-05
232031	1.07392e-05
232131	7.16324e-06
232231	4.73049e-06
232331	3.09286e-06
232431	2.00203e-06
232531	1.28303e-06
232631	8.14072e-07
232731	5.11381e-07
232831	3.18041e-07
232931	1.9583e-07
233031	1.19381e-07
233131	7.20522e-08
233231	4.30552e-08
233331	2.54734e-08
233431	1.49241e-08
233531	8.66211e-09
233631	4.98798e-09
233731	2.86317e-09
233831	1.66312e-09
233931	1.02175e-09
234031	7.36354e-10
234131	7.12664e-10
234231	9.37952e-10
234331	1.47577e-09
234431	2.48059e-09
234531	4.23485e-09
234631	7.21535e-09
234731	1.22012e-08
234831	2.04422e-08
234931	3.39164e-08
235031	5.57159e-08
235131	9.06181e-08
235231	1.45918e-07
235331	2.32629e-07
235431	3.67176e-07
235531	5.73775e-07
235631	8.877e-07
235731	1.35972e-06
235831	2.06199e-06
235931	3.09587e-06
236031	4.60189e-06
236131	6.77245e-06
236231	9.86763e-06
236331	1.42343e-05
236431	2.03291e-05
236531	2.87446e-05
236631	4.02394e-05
236731	5.57705e-05
236831	7.65268e-05
236931	0.000103963
237031	0.000139831
237131	0.000186202
237231	0.000245483
237331	0.000320418
237431	0.000414065
237531	0.000529758
237631	0.000671032
237731	0.000841523
237831	0.00104483
237931	0.00128435
238031	0.00156306
238131	0.00188334
238231	0.00224666
238331	0.00265339
238431	0.00310259
238531	0.00359173
238631	0.00411661
238731	0.00467125
238831	0.00524788
238931	0.00583703
239031	0.00642772
239131	0.00700775
239231	0.00756411
239331	0.00808341
239431	0.00855241
239531	0.0089586
239631	0.00929071
239731	0.00953929
239831	0.00969708
239931	0.00975944
240031	0.00972452
240131	0.00959338
240231	0.00936994
240331	0.00906078
240431	0.00867482
240531	0.0082229
240631	0.00771729
240731	0.00717111
240831	0.00659783
240931	0.00601067
241031	0.00542215
241131	0.00484368
241231	0.00428524
241331	0.00375515
241431	0.00325992
241531	0.00280431
241631	0.00239131
241731	0.00202231
241831	0.00169726
241931	0.00141494
242031	0.00117315
242131	0.000968946
242231	0.000798927
242331	0.000659386
242431	0.000546521
242531	0.000456575
242631	0.000385962
242731	0.000331349
242831	0.000289721
242931	0.000258412
243031	0.000235125
243131	0.000217926
243231	0.000205234
243331	0.000195797
243431	0.000188667
243531	0.000183162
243631	0.00017884
243731	0.000175455
243831	0.000172933
243931	0.000171325
244031	0.000170784
244131	0.000171526
244231	0.000173803
244331	0.000177869
244431	0.000183957
244531	0.000192256
244631	0.000202883
244731	0.000215874
244831	0.000231165
244931	0.00024859
245031	0.000267872
245131	0.000288632
245231	0.000310394
245331	0.000332602
245431	0.000354638
245531	0.000375847
245631	0.000395562
245731	0.000413131
245831	0.000427951
245931	0.00043949
246031	0.00044731
246131	0.000451093
246231	0.000450648
246331	0.000445925
246431	0.000437008
246531	0.000424117
246631	0.000407589
246731	0.000387865
246831	0.000365462
246931	0.000340955
247031	0.000314946
247131	0.00028804
247231	0.00026082
247331	0.000233829
247431	0.00020755
247531	0.000182394
247631	0.000158693
247731	0.0001367
247831	0.000116584
247931	9.84389e-05
248031	8.22914e-05
248131	6.81083e-05
248231	5.5809e-05
248331	4.52757e-05
248431	3.63651e-05
248531	2.89175e-05
248631	2.27664e-05
248731	1.77454e-05
248831	1.36941e-05
248931	1.04626e-05
249031	7.91411e-06
249131	5.92682e-06
249231	4.39439e-06
249331	3.22576e-06
249431	2.34436e-06
249531	1.68683e-06
249631	1.20165e-06
249731	8.47499e-07
249831	5.91778e-07
249931	4.09106e-07
250031	2.80008e-07
250131	1.89742e-07
250231	1.27297e-07
250331	8.45558e-08
250431	5.56115e-08
250531	3.62202e-08
250631	2.33723e-08
250731	1.49615e-08
250831	9.53522e-09
250931	6.11022e-09
251031	4.03924e-09
251131	2.91912e-09
251231	2.53173e-09
251331	2.81293e-09
251431	3.84699e-09
251531	5.88722e-09
251631	9.40671e-09
251731	1.51868e-08
251831	2.44552e-08
251931	3.90916e-08
252031	6.19244e-08
252131	9.71498e-08
252231	1.50914e-07
252331	2.3211e-07
252431	3.53443e-07
252531	5.32851e-07
252631	7.95335e-07
252731	1.17531e-06
252831	1.71953e-06
252931	2.49072e-06
253031	3.57188e-06
253131	5.07139e-06
253231	7.12875e-06
253331	9.92104e-06
253431	1.36697e-05
253531	1.86473e-05
253631	2.51844e-05
253731	3.36746e-05
253831	4.45791e-05
253931	5.84276e-05
254031	7.5816e-05
254131	9.74004e-05
254231	0.000123885
254331	0.000156003
254431	0.000194493
254531	0.000240067
254631	0.000293371
254731	0.000354944
254831	0.000425167
254931	0.000504215
255031	0.000592011
255131	0.000688177
255231	0.000792005
255331	0.000902429
255431	0.00101802
255531	0.00113698
255631	0.00125722
255731	0.00137633
255831	0.00149174
255931	0.00160074
256031	0.00170061
256131	0.00178873
256231	0.0018627
256331	0.00192043
256431	0.00196025
256531	0.00198098
256631	0.00198202
256731	0.00196332
256831	0.00192545
256931	0.00186952
257031	0.00179715
257131	0.00171039
257231	0.00161163
257331	0.00150346
257431	0.00138859
257531	0.00126974
257631	0.0011495
257731	0.0010303
257831	0.000914273
257931	0.000803238
258031	0.000698666
258131	0.000601661
258231	0.000512969
258331	0.000433
258431	0.000361861
258531	0.0002994
258631	0.000245256
258731	0.000198904
258831	0.000159708
258931	0.000126959
259031	9.99218e-05
259131	7.78598e-05
259231	6.00653e-05
259331	4.58765e-05
259431	3.46908e-05
259531	2.59714e-05
259631	1.92501e-05
259731	1.41263e-05
259831	1.02632e-05
259931	7.38228e-06
260031	5.25723e-06
260131	3.70664e-06
260231	2.58738e-06
260331	1.78813e-06
260431	1.22347e-06
260531	8.2879e-07
260631	5.55845e-07
260731	3.69079e-07
260831	2.42629e-07
260931	1.57914e-07
261031	1.01756e-07
261131	6.49162e-08
261231	4.10019e-08
261331	2.56397e-08
261431	1.58737e-08
261531	9.7297e-09
