163069	8.59908e-09
163169	1.4358e-08
163269	2.37494e-08
163369	3.89171e-08
163469	6.31786e-08
163569	1.01615e-07
163669	1.61925e-07
163769	2.5566e-07
163869	3.99963e-07
163969	6.20019e-07
164069	9.52446e-07
164169	1.44994e-06
164269	2.18758e-06
164369	3.2712e-06
164469	4.84855e-06
164569	7.12386e-06
164669	1.03766e-05
164769	1.49854e-05
164869	2.14587e-05
164969	3.04724e-05
165069	4.29173e-05
165169	5.99561e-05
165269	8.30941e-05
165369	0.000114263
165469	0.00015592
165569	0.00021117
165669	0.0002839
165769	0.000378942
165869	0.000502259
165969	0.000661152
166069	0.000864501
166169	0.00112302
166269	0.00144953
166369	0.00185929
166469	0.00237024
166569	0.00300335
166669	0.00378285
166769	0.00473644
166869	0.00589541
166969	0.00729461
167069	0.00897225
167169	0.0109695
167269	0.0133297
167369	0.0160974
167469	0.0193169
167569	0.0230304
167669	0.0272759
167769	0.0320847
167869	0.0374784
167969	0.043466
168069	0.050041
168169	0.0571782
168269	0.0648318
168369	0.0729332
168469	0.0813899
168569	0.090086
168669	0.098883
168769	0.107623
168869	0.116132
168969	0.124226
169069	0.131716
169169	0.138417
169269	0.144154
169369	0.14877
169469	0.152133
169569	0.154145
169669	0.154742
169769	0.153901
169869	0.15164
169969	0.148019
170069	0.143135
170169	0.13712
170269	0.130133
170369	0.122355
170469	0.113981
170569	0.105209
170669	0.0962347
170769	0.0872459
170869	0.0784126
170969	0.0698843
171069	0.0617859
171169	0.0542161
171269	0.047246
171369	0.0409204
171469	0.0352597
171569	0.0302618
171669	0.0259064
171769	0.0221576
171869	0.0189687
171969	0.016285
172069	0.0140475
172169	0.0121959
172269	0.0106714
172369	0.00941817
172469	0.00838514
172569	0.00752702
172669	0.00680475
172769	0.00618567
172869	0.00564338
172969	0.00515728
173069	0.00471201
173169	0.00429672
173269	0.00390432
173369	0.00353072
173469	0.00317409
173569	0.00283419
173669	0.00251181
173769	0.00220823
173869	0.00192493
173969	0.00166321
174069	0.00142405
174169	0.00120798
174269	0.00101504
174369	0.000844768
174469	0.000696283
174569	0.000568324
174669	0.00045935
174769	0.00036763
174869	0.000291329
174969	0.000228587
175069	0.000177587
175169	0.000136603
175269	0.000104042
175369	7.84653e-05
175469	5.86049e-05
175569	4.33627e-05
175669	3.18078e-05
175769	2.31668e-05
175869	1.68106e-05
175969	1.22406e-05
176069	9.07458e-06
176169	7.03457e-06
176269	5.93716e-06
176369	5.68714e-06
176469	6.27519e-06
176569	7.77995e-06
176669	1.0375e-05
176769	1.43406e-05
176869	2.00806e-05
176969	2.81444e-05
177069	3.92526e-05
177169	5.43265e-05
177269	7.452e-05
177369	0.000101251
177469	0.000136233
177569	0.000181495
177669	0.000239399
177769	0.000312641
177869	0.000404232
177969	0.000517458
178069	0.000655809
178169	0.00082288
178269	0.00102224
178369	0.00125727
178469	0.00153094
178569	0.00184563
178669	0.00220288
178769	0.00260311
178869	0.00304545
178969	0.00352751
179069	0.00404521
179169	0.00459274
179269	0.00516249
179369	0.00574518
179469	0.00633002
179569	0.006905
179669	0.00745725
179769	0.00797355
179869	0.00844075
179969	0.00884643
180069	0.00917935
180169	0.00943002
180269	0.00959115
180369	0.00965796
180469	0.00962847
180569	0.00950357
180669	0.00928694
180769	0.00898495
180869	0.00860629
180969	0.00816156
181069	0.0076628
181169	0.00712294
181269	0.00655522
181369	0.00597273
181469	0.00538785
181569	0.00481188
181669	0.00425473
181769	0.00372465
181869	0.00322817
181969	0.00277003
182069	0.00235326
182169	0.0019793
182269	0.0016482
182369	0.00135883
182469	0.00110912
182569	0.000896292
182669	0.000717095
182769	0.000568016
182869	0.000445453
182969	0.00034586
183069	0.000265862
183169	0.000202334
183269	0.000152454
183369	0.000113727
183469	8.3994e-05
183569	6.14171e-05
183669	4.44618e-05
183769	3.1867e-05
183869	2.26128e-05
183969	1.58863e-05
184069	1.10497e-05
184169	7.60907e-06
184269	5.18766e-06
184369	3.50162e-06
184469	2.34004e-06
184569	1.54823e-06
184669	1.01415e-06
184769	6.577e-07
184869	4.2229e-07
184969	2.68442e-07
185069	1.68945e-07
185169	1.05269e-07
185269	6.49398e-08
185369	3.96624e-08
185469	2.3983e-08
185569	1.43577e-08
185669	8.50989e-09
185769	4.99367e-09
185869	2.90117e-09
185969	1.66872e-09
186069	9.50277e-10
186169	5.35765e-10
186269	2.99058e-10
186369	1.6527e-10
186469	9.04251e-11
186569	4.89825e-11
186669	2.62694e-11
186769	1.39482e-11
186869	7.33231e-12
186969	3.81611e-12
187069	1.96634e-12
187169	1.00312e-12
187269	5.06647e-13
187369	2.53346e-13
187469	1.25424e-13
187569	6.14757e-14
187669	2.98321e-14
187769	1.43324e-14
187869	6.81733e-15
187969	3.21045e-15
188069	1.49683e-15
188169	6.90938e-16
188269	3.15763e-16
188369	1.4287e-16
188469	6.40007e-17
188569	2.83867e-17
188669	1.24704e-17
188769	5.43679e-18
188869	2.37951e-18
188969	1.11272e-18
189069	7.13658e-19
189169	8.95992e-19
189269	1.8199e-18
189369	4.22399e-18
189469	9.98047e-18
189569	2.34637e-17
189669	5.46664e-17
189769	1.26132e-16
189869	2.88181e-16
189969	6.51971e-16
190069	1.46056e-15
190169	3.23993e-15
190269	7.11678e-15
190369	1.54797e-14
190469	3.33408e-14
190569	7.1109e-14
190669	1.5018e-13
190769	3.1408e-13
190869	6.50447e-13
190969	1.33392e-12
191069	2.70892e-12
191169	5.44769e-12
191269	1.08488e-11
191369	2.13949e-11
191469	4.17829e-11
191569	8.0807e-11
191669	1.54762e-10
191769	2.93529e-10
191869	5.51326e-10
191969	1.02552e-09
192069	1.88911e-09
192169	3.4463e-09
192269	6.22641e-09
192369	1.11407e-08
192469	1.97417e-08
192569	3.4646e-08
192669	6.0218e-08
192769	1.03659e-07
192869	1.76726e-07
192969	2.98409e-07
193069	4.9905e-07
193169	8.26614e-07
193269	1.35611e-06
193369	2.20354e-06
193469	3.54644e-06
193569	5.65341e-06
193669	8.92651e-06
193769	1.39609e-05
193869	2.16276e-05
193969	3.31875e-05
194069	5.0445e-05
194169	7.59531e-05
194269	0.000113282
194369	0.00016737
194469	0.00024496
194569	0.000355159
194669	0.000510115
194769	0.000725836
194869	0.00102316
194969	0.00142884
195069	0.00197686
195169	0.00270971
195269	0.00367988
195369	0.00495129
195469	0.00660061
195569	0.00871846
195669	0.0114103
195769	0.0147966
195869	0.0190128
195969	0.0242081
196069	0.0305432
196169	0.0381874
196269	0.0473139
196369	0.058094
196469	0.0706906
196569	0.0852497
196669	0.101892
196769	0.120702
196869	0.14172
196969	0.164935
197069	0.190271
197169	0.217586
197269	0.246663
197369	0.277216
197469	0.308883
197569	0.341236
197669	0.373792
197769	0.40602
197869	0.437358
197969	0.467232
198069	0.495074
198169	0.520343
198269	0.542541
198369	0.561236
198469	0.576072
198569	0.586789
198669	0.593225
198769	0.595322
198869	0.593128
198969	0.586793
199069	0.576556
199169	0.562741
199269	0.545736
199369	0.525979
199469	0.503943
199569	0.480115
199669	0.454985
199769	0.429026
199869	0.402683
199969	0.376362
200069	0.350421
200169	0.325167
200269	0.30085
200369	0.277664
200469	0.255746
200569	0.235183
200669	0.216015
200769	0.198241
200869	0.181825
200969	0.166707
201069	0.152804
201169	0.140025
201269	0.128271
201369	0.117444
201469	0.107452
201569	0.098212
201669	0.0896543
201769	0.0817215
201869	0.0743708
201969	0.0675731
202069	0.0613109
202169	0.055577
202269	0.0503711
202369	0.0456973
202469	0.0415611
202569	0.0379663
202669	0.0349128
202769	0.0323943
202869	0.0303963
202969	0.0288957
203069	0.0278598
203169	0.0272469
203269	0.0270062
203369	0.02708
203469	0.0274045
203569	0.0279119
203669	0.0285329
203769	0.0291989
203869	0.0298438
203969	0.0304069
204069	0.0308347
204169	0.031082
204269	0.0311142
204369	0.0309073
204469	0.0304486
204569	0.0297364
204669	0.0287795
204769	0.0275958
204869	0.0262115
204969	0.0246586
205069	0.0229736
205169	0.0211954
205269	0.0193634
205369	0.0175158
205469	0.0156882
205569	0.0139124
205669	0.0122155
205769	0.0106192
205869	0.00913989
205969	0.00778854
206069	0.00657105
206169	0.00548877
206269	0.00453917
206369	0.00371653
206469	0.00301271
206569	0.00241788
206669	0.0019212
206769	0.00151135
206869	0.00117711
206969	0.000907668
207069	0.000692937
207169	0.000523743
207269	0.000391922
207369	0.000290361
207469	0.000212977
207569	0.000154663
207669	0.000111198
207769	7.91522e-05
207869	5.57811e-05
207969	3.89196e-05
208069	2.68848e-05
208169	1.83866e-05
208269	1.24496e-05
208369	8.34572e-06
208469	5.53899e-06
208569	3.6396e-06
208669	2.36774e-06
208769	1.52501e-06
208869	9.72449e-07
208969	6.1393e-07
209069	3.83732e-07
209169	2.37462e-07
209269	1.45485e-07
209369	8.82481e-08
209469	5.29984e-08
209569	3.15153e-08
209669	1.85603e-08
209769	1.08335e-08
209869	6.28216e-09
209969	3.64637e-09
210069	2.16734e-09
210169	1.40306e-09
210269	1.11605e-09
210369	1.21032e-09
210469	1.7036e-09
210569	2.72835e-09
210669	4.56061e-09
210769	7.68127e-09
210869	1.28802e-08
210969	2.14205e-08
211069	3.52881e-08
211169	5.75648e-08
211269	9.29748e-08
211369	1.48675e-07
211469	2.3538e-07
211569	3.68944e-07
211669	5.72542e-07
211769	8.79653e-07
211869	1.33805e-06
211969	2.01507e-06
212069	3.00446e-06
212169	4.43505e-06
212269	6.48168e-06
212369	9.37852e-06
212469	1.3435e-05
212569	1.90545e-05
212669	2.67557e-05
212769	3.71956e-05
212869	5.11944e-05
212969	6.97608e-05
213069	9.41147e-05
213169	0.000125707
213269	0.000166234
213369	0.000217639
213469	0.000282106
213569	0.000362029
213669	0.000459972
213769	0.000578597
213869	0.000720574
213969	0.000888461
214069	0.00108456
214169	0.00131078
214269	0.00156841
214369	0.001858
214469	0.00217917
214569	0.00253042
214669	0.00290905
214769	0.00331106
214869	0.00373113
214969	0.00416265
215069	0.00459788
215169	0.00502807
215269	0.0054438
215369	0.00583526
215469	0.00619264
215569	0.00650651
215669	0.00676827
215769	0.0069705
215869	0.00710734
215969	0.00717477
216069	0.00717076
216169	0.00709545
216269	0.00695107
216369	0.00674187
216469	0.0064739
216569	0.00615473
216669	0.00579307
216769	0.00539841
216869	0.00498058
216969	0.00454937
217069	0.00411414
217169	0.00368353
217269	0.00326517
217369	0.00286553
217469	0.00248979
217569	0.00214178
217669	0.00182409
217769	0.00153806
217869	0.00128398
217969	0.00106121
218069	0.000868357
218169	0.000703483
218269	0.000564244
218369	0.00044806
218469	0.00035226
218569	0.000274187
218669	0.000211295
218769	0.000161208
218869	0.00012177
218969	9.10654e-05
219069	6.74253e-05
219169	4.94253e-05
219269	3.58701e-05
219369	2.57735e-05
219469	1.83345e-05
219569	1.29129e-05
219669	9.00401e-06
219769	6.21591e-06
219869	4.24845e-06
219969	2.87484e-06
220069	1.92599e-06
220169	1.27747e-06
220269	8.38887e-07
220369	5.45399e-07
220469	3.51061e-07
220569	2.23721e-07
220669	1.41153e-07
220769	8.81716e-08
220869	5.45287e-08
220969	3.33871e-08
221069	2.0239e-08
221169	1.21466e-08
221269	7.21739e-09
221369	4.24582e-09
221469	2.47287e-09
221569	1.42592e-09
221669	8.14045e-10
221769	4.60107e-10
221869	2.57469e-10
221969	1.42643e-10
222069	7.82402e-11
222169	4.24881e-11
222269	2.28435e-11
222369	1.21595e-11
222469	6.40802e-12
222569	3.34341e-12
222669	1.72708e-12
222769	8.8327e-13
222869	4.4723e-13
222969	2.24195e-13
223069	1.1127e-13
223169	5.46745e-14
223269	2.65981e-14
223369	1.28107e-14
223469	6.10876e-15
223569	2.88396e-15
223669	1.34798e-15
223769	6.23784e-16
223869	2.85787e-16
223969	1.2963e-16
224069	5.82142e-17
224169	2.58826e-17
224269	1.13932e-17
224369	4.9652e-18
224469	2.14233e-18
224569	9.15155e-19
224669	3.87043e-19
224769	1.62062e-19
224869	6.71829e-20
224969	2.75736e-20
225069	1.12043e-20
225169	4.5075e-21
225269	1.79532e-21
225369	7.07956e-22
225469	2.76393e-22
225569	1.06833e-22
225669	4.08827e-23
225769	1.54893e-23
225869	5.81006e-24
225969	2.15768e-24
226069	7.93323e-25
226169	2.88782e-25
226269	1.04075e-25
226369	3.71348e-26
226469	1.31182e-26
226569	4.58797e-27
226669	1.58864e-27
226769	5.44614e-28
226869	1.84845e-28
226969	6.21134e-29
227069	2.06642e-29
227169	6.80627e-30
227269	2.21951e-30
227369	7.16575e-31
227469	2.29047e-31
227569	7.24841e-32
227669	2.27101e-32
227769	7.04452e-33
227869	2.16342e-33
227969	6.57792e-34
228069	1.98013e-34
228169	5.90139e-35
228269	1.7413e-35
228369	5.08684e-36
228469	1.47123e-36
228569	4.21279e-37
228669	1.19431e-37
228769	3.35212e-38
228869	9.31495e-39
228969	2.5627e-39
229069	6.98028e-40
229169	1.88237e-40
229269	5.02566e-41
229369	1.32843e-41
229469	3.4765e-42
229569	9.00746e-43
229669	2.31057e-43
229769	5.86805e-44
229869	1.47545e-44
229969	3.67293e-45
230069	9.05228e-46
230169	2.20882e-46
230269	5.33605e-47
230369	1.27625e-47
230469	3.02211e-48
230569	7.08501e-49
230669	1.64448e-49
230769	3.77896e-50
230869	8.59754e-51
230969	1.93657e-51
231069	4.31866e-52
231169	9.53503e-53
231269	2.08426e-53
231369	4.51065e-54
231469	9.66458e-55
231569	2.05014e-55
231669	4.30568e-56
231769	8.95277e-57
231869	1.84302e-57
231969	3.75629e-58
232069	7.57958e-59
232169	1.51422e-59
232269	2.99495e-60
232369	5.86471e-61
232469	1.137e-61
232569	2.18239e-62
232669	4.14727e-63
232769	7.80275e-64
232869	1.45342e-64
232969	2.68034e-65
233069	4.89381e-66
233169	8.84629e-67
233269	1.58319e-67
233369	2.80518e-68
233469	4.92091e-69
233569	8.54649e-70
233669	1.46956e-70
233769	2.50175e-71
233869	4.21655e-72
233969	7.03602e-73
234069	1.1624e-73
234169	1.90125e-74
234269	3.0788e-75
234369	4.93605e-76
234469	7.83493e-77
234569	1.23126e-77
234669	1.91566e-78
234769	2.95083e-79
234869	4.50017e-80
234969	6.79469e-81
235069	1.01571e-81
235169	1.50322e-82
235269	2.2026e-83
235369	3.19524e-84
235469	4.58913e-85
235569	6.5255e-86
235669	9.18658e-87
235769	1.28042e-87
235869	1.76688e-88
235969	2.41389e-89
236069	3.26502e-90
236169	4.37232e-91
236269	5.79688e-92
236369	7.60912e-93
236469	9.88851e-94
236569	1.27229e-94
236669	1.62067e-95
236769	2.04392e-96
236869	2.55205e-97
236969	3.15479e-98
237069	3.86109e-99
237169	4.6785e-100
237269	5.61254e-101
237369	6.66607e-102
237469	7.83858e-103
237569	9.12561e-104
237669	1.05182e-104
237769	1.20028e-105
237869	1.35605e-106
237969	1.51681e-107
238069	1.67973e-108
238169	1.84165e-109
238269	1.99908e-110
238369	2.14838e-111
238469	2.28586e-112
238569	2.40793e-113
238669	2.51128e-114
238769	2.59302e-115
238869	2.65076e-116
238969	2.68284e-117
239069	2.68828e-118
239169	2.66693e-119
239269	2.61943e-120
239369	2.54717e-121
239469	2.45226e-122
239569	2.33739e-123
239669	2.20574e-124
239769	2.06079e-125
239869	1.90621e-126
239969	1.74568e-127
240069	1.58276e-128
240169	1.42077e-129
240269	1.26266e-130
240369	1.11099e-131
240469	9.67807e-133
240569	8.3469e-134
240669	7.12719e-135
240769	6.02516e-136
240869	5.04284e-137
240969	4.17869e-138
241069	3.42816e-139
241169	2.78445e-140
241269	2.23911e-141
241369	1.78266e-142
241469	1.40513e-143
241569	1.09654e-144
241669	8.47203e-146
241769	6.4805e-147
241869	4.90779e-148
241969	3.67977e-149
242069	2.73157e-150
242169	2.00753e-151
242269	1.46072e-152
242369	1.05228e-153
242469	7.505e-155
242569	5.29942e-156
242669	3.70478e-157
242769	2.56421e-158
242869	1.75712e-159
242969	1.19209e-160
243069	8.007e-162
243169	5.32463e-163
243269	3.50563e-164
243369	2.28507e-165
243469	1.47465e-166
243569	9.42189e-168
243669	5.95995e-169
243769	3.73254e-170
243869	2.31432e-171
243969	1.42069e-172
244069	8.63441e-174
244169	5.19544e-175
244269	3.09506e-176
244369	1.82547e-177
244469	1.06595e-178
244569	6.16245e-180
244669	3.52719e-181
244769	1.99876e-182
244869	1.12137e-183
244969	6.22869e-185
245069	3.42532e-186
245169	1.86492e-187
245269	1.00526e-188
245369	5.3648e-190
245469	2.83456e-191
245569	1.48277e-192
245669	7.67927e-194
245769	3.93752e-195
245869	1.99886e-196
245969	1.00462e-197
246069	4.9989e-199
246169	2.46267e-200
246269	1.20114e-201
246369	5.80015e-203
246469	2.77295e-204
246569	1.3125e-205
246669	6.15059e-207
246769	2.85358e-208
246869	1.31075e-209
246969	5.96086e-211
247069	2.68382e-212
247169	1.19634e-213
247269	5.27976e-215
247369	2.30691e-216
247469	9.97936e-218
247569	4.27398e-219
247669	1.81226e-220
247769	7.60788e-222
247869	3.16202e-223
247969	1.30117e-224
248069	5.39348e-226
248169	2.52219e-226
248269	5.69065e-225
248369	1.38849e-223
248469	3.35462e-222
248569	8.0242e-221
248669	1.90028e-219
248769	4.45543e-218
248869	1.03424e-216
248969	2.37688e-215
249069	5.40817e-214
249169	1.21829e-212
249269	2.71712e-211
249369	5.99963e-210
249469	1.31159e-208
249569	2.83874e-207
249669	6.08292e-206
249769	1.29049e-204
249869	2.71054e-203
249969	5.63654e-202
250069	1.16045e-200
250169	2.36537e-199
250269	4.77339e-198
250369	9.53702e-197
250469	1.88649e-195
250569	3.6945e-194
250669	7.16328e-193
250769	1.37507e-191
250869	2.61335e-190
250969	4.91728e-189
251069	9.1603e-188
251169	1.68947e-186
251269	3.08497e-185
251369	5.57708e-184
251469	9.98206e-183
251569	1.76885e-181
251669	3.10326e-180
251769	5.39017e-179
251869	9.26923e-178
251969	1.57813e-176
252069	2.6601e-175
252169	4.43926e-174
252269	7.33466e-173
252369	1.19979e-171
252469	1.94308e-170
252569	3.11552e-169
252669	4.94571e-168
252769	7.77292e-167
252869	1.20947e-165
252969	1.86322e-164
253069	2.84178e-163
253169	4.29115e-162
253269	6.41526e-161
253369	9.49536e-160
253469	1.39144e-158
253569	2.01873e-157
253669	2.89965e-156
253769	4.12355e-155
253869	5.80569e-154
253969	8.0927e-153
254069	1.11684e-151
254169	1.52596e-150
254269	2.06421e-149
254369	2.76454e-148
254469	3.66562e-147
254569	4.81204e-146
254669	6.25415e-145
254769	8.04756e-144
254869	1.02522e-142
254969	1.29309e-141
255069	1.61471e-140
255169	1.99627e-139
255269	2.44343e-138
255369	2.961e-137
255469	3.5525e-136
255569	4.21975e-135
255669	4.96245e-134
255769	5.7778e-133
255869	6.66018e-132
255969	7.60093e-131
256069	8.58825e-130
256169	9.60725e-129
256269	1.06402e-127
256369	1.1667e-126
256469	1.26656e-125
256569	1.36128e-124
256669	1.44854e-123
256769	1.52604e-122
256869	1.5917e-121
256969	1.64366e-120
257069	1.68043e-119
257169	1.70093e-118
257269	1.70454e-117
257369	1.69117e-116
257469	1.66121e-115
257569	1.61554e-114
257669	1.55549e-113
257769	1.48278e-112
257869	1.3994e-111
257969	1.30756e-110
258069	1.2096e-109
258169	1.10784e-108
258269	1.00455e-107
258369	9.0182e-107
258469	8.01543e-106
258569	7.05328e-105
258669	6.14486e-104
258769	5.30018e-103
258869	4.52612e-102
258969	3.82665e-101
259069	3.20308e-100
259169	2.65445e-99
259269	2.1779e-98
259369	1.76912e-97
259469	1.42277e-96
259569	1.13284e-95
259669	8.93022e-95
259769	6.96965e-94
259869	5.38539e-93
259969	4.11983e-92
260069	3.12032e-91
260169	2.33979e-90
260269	1.73704e-89
260369	1.27674e-88
260469	9.29073e-88
260569	6.69353e-87
260669	4.77439e-86
260769	3.37161e-85
260869	2.35729e-84
260969	1.63172e-83
261069	1.11825e-82
261169	7.58726e-82
261269	5.0967e-81
261369	3.38962e-80
261469	2.23187e-79
261569	1.45494e-78
261669	9.39028e-78
261769	6.00024e-77
261869	3.7959e-76
261969	2.37749e-75
262069	1.47428e-74
262169	9.05104e-74
262269	5.50141e-73
262369	3.31059e-72
262469	1.9724e-71
262569	1.16343e-70
262669	6.7943e-70
262769	3.92831e-69
262869	2.24865e-68
262969	1.27438e-67
263069	7.15038e-67
263169	3.97208e-66
263269	2.18456e-65
263369	1.1895e-64
263469	6.41248e-64
263569	3.4225e-63
263669	1.80849e-62
263769	9.46123e-62
263869	4.90045e-61
263969	2.51293e-60
264069	1.2758e-59
264169	6.41272e-59
264269	3.19123e-58
264369	1.57229e-57
264469	7.66942e-57
264569	3.70382e-56
264669	1.7709e-55
264769	8.38293e-55
264869	3.92875e-54
264969	1.82293e-53
265069	8.37419e-53
265169	3.80866e-52
265269	1.71498e-51
265369	7.64545e-51
265469	3.37446e-50
265569	1.47456e-49
265669	6.37936e-49
265769	2.73243e-48
265869	1.15872e-47
265969	4.8648e-47
266069	2.02212e-46
266169	8.32163e-46
266269	3.39051e-45
266369	1.36767e-44
266469	5.462e-44
266569	2.15963e-43
266669	8.45407e-43
266769	3.27649e-42
266869	1.25721e-41
266969	4.77601e-41
267069	1.7963e-40
267169	6.68882e-40
267269	2.46591e-39
267369	9.00041e-39
267469	3.2524e-38
267569	1.1636e-37
267669	4.12154e-37
267769	1.44535e-36
267869	5.01814e-36
267969	1.72493e-35
268069	5.87023e-35
268169	1.97786e-34
268269	6.59773e-34
268369	2.17897e-33
268469	7.12464e-33
268569	2.30639e-32
268669	7.39195e-32
268769	2.34554e-31
268869	7.36858e-31
268969	2.29183e-30
269069	7.05727e-30
269169	2.15154e-29
269269	6.49408e-29
269369	1.94063e-28
269469	5.74152e-28
269569	1.68177e-27
269669	4.87713e-27
269769	1.40029e-26
269869	3.98043e-26
269969	1.12021e-25
270069	3.12122e-25
270169	8.61006e-25
270269	2.35151e-24
270369	6.35832e-24
270469	1.70214e-23
270569	4.51136e-23
270669	1.18379e-22
270769	3.07539e-22
270869	7.91009e-22
270969	2.01428e-21
271069	5.07828e-21
271169	1.26756e-20
271269	3.13242e-20
271369	7.66385e-20
271469	1.8564e-19
271569	4.45197e-19
271669	1.05704e-18
271769	2.48477e-18
271869	5.78281e-18
271969	1.33244e-17
272069	3.03959e-17
272169	6.86497e-17
272269	1.53504e-16
272369	3.39826e-16
272469	7.44821e-16
272569	1.61623e-15
272669	3.47226e-15
272769	7.38548e-15
272869	1.55525e-14
272969	3.24251e-14
273069	6.69297e-14
273169	1.36777e-13
273269	2.76735e-13
273369	5.54335e-13
273469	1.09935e-12
273569	2.15854e-12
273669	4.19604e-12
273769	8.07563e-12
273869	1.53876e-11
273969	2.90282e-11
274069	5.42161e-11
274169	1.00252e-10
274269	1.83533e-10
274369	3.32655e-10
274469	5.96938e-10
274569	1.06053e-09
274669	1.8654e-09
274769	3.24847e-09
274869	5.60071e-09
274969	9.56015e-09
275069	1.61563e-08
275169	2.7032e-08
275269	4.47786e-08
275369	7.34378e-08
275469	1.19241e-07
275569	1.91686e-07
275669	3.05078e-07
275769	4.80715e-07
275869	7.49933e-07
275969	1.15828e-06
276069	1.77118e-06
276169	2.68145e-06
276269	4.01913e-06
276369	5.9642e-06
276469	8.76252e-06
276569	1.27457e-05
276669	1.8355e-05
276769	2.61699e-05
276869	3.69409e-05
276969	5.16262e-05
277069	7.14314e-05
277169	9.78511e-05
277269	0.000132709
277369	0.000178193
277469	0.000236885
277569	0.000311775
277669	0.000406259
277769	0.000524109
277869	0.000669419
277969	0.000846507
278069	0.00105979
278169	0.00131361
278269	0.00161202
278369	0.00195854
278469	0.00235587
278569	0.0028056
278669	0.00330794
278769	0.00386142
278869	0.00446266
278969	0.00510619
279069	0.00578439
279169	0.00648746
279269	0.0072036
279369	0.0079192
279469	0.00861926
279569	0.00928786
279669	0.00990874
279769	0.0104659
279869	0.0109445
279969	0.011331
280069	0.0116145
280169	0.0117866
280269	0.0118422
280369	0.0117797
280469	0.011601
280569	0.0113113
280669	0.010919
280769	0.0104355
280869	0.00987421
280969	0.00925012
281069	0.00857927
281169	0.0078779
281269	0.00716193
281369	0.00644629
281469	0.0057445
281569	0.0050683
281669	0.0044274
281769	0.00382939
281869	0.00327971
281969	0.00278179
282069	0.00233723
282169	0.00194609
282269	0.00160721
282369	0.00131852
282469	0.00107745
282569	0.000881258
282669	0.000727436
282769	0.000614015
282869	0.000539932
282969	0.000505345
283069	0.000511956
283169	0.000563314
283269	0.000665103
283369	0.000825417
283469	0.001055
283569	0.00136742
283669	0.00177921
283769	0.00230985
283869	0.00298167
283969	0.00381952
284069	0.0048503
284169	0.00610217
284269	0.00760361
284369	0.00938209
284469	0.0114626
284569	0.013866
284669	0.0166069
284769	0.0196921
284869	0.0231182
284969	0.0268706
285069	0.0309214
285169	0.0352288
285269	0.0397369
285369	0.0443759
285469	0.0490634
285569	0.0537063
285669	0.0582036
285769	0.0624499
285869	0.0663392
285969	0.0697696
286069	0.0726473
286169	0.074891
286269	0.0764357
286369	0.0772361
286469	0.0772684
286569	0.0765315
286669	0.0750473
286769	0.0728598
286869	0.0700321
286969	0.0666444
287069	0.0627895
287169	0.058569
287269	0.0540885
287369	0.0494538
287469	0.0447664
287569	0.04012
287669	0.0355981
287769	0.0312715
287869	0.0271975
287969	0.0234189
288069	0.0199646
288169	0.0168505
288269	0.0140806
288369	0.0116489
288469	0.00954129
288569	0.00773725
288669	0.00621188
288769	0.00493761
288869	0.00388568
288969	0.00302743
289069	0.00233528
289169	0.00178345
289269	0.00134846
289369	0.00100943
289469	0.000748115
289569	0.000548932
289669	0.000398772
289769	0.000286807
289869	0.000204226
289969	0.000143975
290069	0.00010049
290169	6.9441e-05
290269	4.75078e-05
290369	3.21789e-05
290469	2.15792e-05
290569	1.4327e-05
290669	9.41744e-06
290769	6.12869e-06
290869	3.94874e-06
290969	2.51888e-06
291069	1.59079e-06
291169	9.94664e-07
291269	6.15738e-07
291369	3.77375e-07
291469	2.28985e-07
291569	1.37562e-07
291669	8.18175e-08
291769	4.81783e-08
291869	2.80875e-08
291969	1.62118e-08
292069	9.26422e-09
292169	5.24134e-09
292269	2.93584e-09
292369	1.6281e-09
292469	8.93891e-10
292569	4.85899e-10
292669	2.61496e-10
292769	1.39329e-10
292869	7.34976e-11
292969	3.83851e-11
293069	1.98477e-11
293169	1.01605e-11
293269	5.14961e-12
293369	2.584e-12
293469	1.28371e-12
293569	6.31393e-13
293669	3.0746e-13
293769	1.4823e-13
293869	7.07519e-14
293969	3.34348e-14
294069	1.56429e-14
294169	7.24587e-15
294269	3.32294e-15
294369	1.50873e-15
294469	6.78198e-16
294569	3.01828e-16
294669	1.3299e-16
294769	5.80155e-17
294869	2.50588e-17
294969	1.07211e-17
295069	4.55407e-18
295169	1.94692e-18
295269	9.01662e-19
295369	5.9836e-19
295469	7.91891e-19
295569	1.62574e-18
295669	3.73077e-18
295769	8.67159e-18
295869	2.00336e-17
295969	4.58529e-17
296069	1.03915e-16
296169	2.33162e-16
296269	5.17957e-16
296369	1.13917e-15
296469	2.4805e-15
296569	5.34745e-15
296669	1.14133e-14
296769	2.41176e-14
296869	5.0456e-14
296969	1.04508e-13
297069	2.1431e-13
297169	4.35104e-13
297269	8.74581e-13
297369	1.74046e-12
297469	3.42915e-12
297569	6.68906e-12
297669	1.29182e-11
297769	2.46998e-11
297869	4.67566e-11
297969	8.76294e-11
298069	1.62597e-10
298169	2.98699e-10
298269	5.43266e-10
298369	9.78244e-10
298469	1.74397e-09
298569	3.07814e-09
298669	5.37891e-09
298769	9.30589e-09
298869	1.59396e-08
298969	2.70306e-08
299069	4.53826e-08
299169	7.54365e-08
299269	1.24145e-07
299369	2.02272e-07
299469	3.26286e-07
299569	5.21096e-07
299669	8.23938e-07
299769	1.28982e-06
299869	1.99903e-06
299969	3.06737e-06
300069	4.65985e-06
300169	7.00864e-06
300269	1.04365e-05
300369	1.53861e-05
300469	2.24575e-05
300569	3.24528e-05
300669	4.64301e-05
300769	6.57664e-05
300869	9.22285e-05
300969	0.000128051
301069	0.000176019
301169	0.000239548
301269	0.000322761
301369	0.000430554
301469	0.000568633
301569	0.00074352
301669	0.000962521
301769	0.00123363
301869	0.00156537
301969	0.00196656
302069	0.00244598
302169	0.003012
302269	0.00367211
302369	0.00443234
302469	0.00529672
302569	0.00626669
302669	0.00734052
302769	0.00851279
302869	0.00977405
302969	0.0111105
303069	0.012504
303169	0.0139323
303269	0.0153693
303369	0.0167858
303469	0.0181505
303569	0.0194307
303669	0.0205944
303769	0.0216105
303869	0.0224511
303969	0.0230923
304069	0.0235155
304169	0.0237082
304269	0.0236646
304369	0.0233861
304469	0.0228809
304569	0.0221639
304669	0.0212557
304769	0.0201819
304869	0.0189717
304969	0.0176566
305069	0.0162691
305169	0.0148415
305269	0.0134045
305369	0.0119861
305469	0.0106112
305569	0.00930055
305669	0.00807065
305769	0.00693371
305869	0.00589766
305969	0.00496651
306069	0.00414075
306169	0.00341794
306269	0.00279323
306369	0.00225999
306469	0.00181035
306569	0.00143574
306669	0.00112732
306769	0.000876344
306869	0.000674465
306969	0.000513926
307069	0.000387703
307169	0.000289571
307269	0.000214126
307369	0.000156761
307469	0.000113623
307569	8.1536e-05
307669	5.79283e-05
307769	4.07464e-05
307869	2.83755e-05
307969	1.95639e-05
308069	1.33544e-05
308169	9.0251e-06
308269	6.03859e-06
308369	4.00015e-06
308469	2.62346e-06
308569	1.70345e-06
308669	1.09507e-06
308769	6.96962e-07
308869	4.39172e-07
308969	2.73979e-07
309069	1.69222e-07
309169	1.0348e-07
309269	6.26484e-08
309369	3.75513e-08
309469	2.22847e-08
309569	1.3094e-08
309669	7.61886e-09
309769	4.39199e-09
309869	2.51216e-09
309969	1.43266e-09
310069	8.26898e-10
310169	5.04243e-10
310269	3.58596e-10
310369	3.38288e-10
310469	4.30196e-10
310569	6.54024e-10
310669	1.06481e-09
310769	1.76353e-09
310869	2.91697e-09
310969	4.78994e-09
311069	7.79389e-09
311169	1.25589e-08
311269	2.00374e-08
311369	3.16519e-08
311469	4.95015e-08
311569	7.6647e-08
311669	1.17498e-07
311769	1.78328e-07
311869	2.67959e-07
311969	3.98634e-07
312069	5.87134e-07
312169	8.56164e-07
312269	1.23604e-06
312369	1.76672e-06
312469	2.5001e-06
312569	3.50272e-06
312669	4.85859e-06
312769	6.67225e-06
312869	9.07176e-06
312969	1.22115e-05
313069	1.62742e-05
313169	2.14729e-05
313269	2.80503e-05
313369	3.62779e-05
313469	4.64519e-05
313569	5.88874e-05
313669	7.3909e-05
313769	9.18396e-05
313869	0.000112985
313969	0.000137615
314069	0.000165947
314169	0.000198121
314269	0.000234179
314369	0.000274046
314469	0.000317508
314569	0.000364203
314669	0.000413609
314769	0.000465043
314869	0.00051767
314969	0.000570519
315069	0.000622507
315169	0.000672474
315269	0.000719224
315369	0.000761569
315469	0.000798384
315569	0.00082865
315669	0.000851506
315769	0.000866286
315869	0.000872554
315969	0.000870121
316069	0.000859062
316169	0.000839704
316269	0.000812616
316369	0.000778576
316469	0.00073854
316569	0.000693592
316669	0.000644898
316769	0.000593657
316869	0.000541049
316969	0.000488197
317069	0.000436124
317169	0.000385729
317269	0.000337763
317369	0.000292819
317469	0.000251329
317569	0.000213571
317669	0.00017968
317769	0.000149663
317869	0.00012342
317969	0.000100766
318069	8.14519e-05
318169	6.51845e-05
318269	5.16469e-05
318369	4.05136e-05
318469	3.14641e-05
318569	2.41928e-05
318669	1.84168e-05
318769	1.38803e-05
318869	1.03572e-05
318969	7.65141e-06
319069	5.59626e-06
319169	4.05239e-06
319269	2.90524e-06
319369	2.0621e-06
319469	1.44909e-06
319569	1.00818e-06
319669	6.9444e-07
319769	4.73577e-07
319869	3.19745e-07
319969	2.13734e-07
320069	1.41449e-07
320169	9.26796e-08
320269	6.01209e-08
320369	3.86121e-08
320469	2.45515e-08
320569	1.54558e-08
320669	9.63297e-09
320769	5.94411e-09
320869	3.63137e-09
320969	2.1964e-09
321069	1.31525e-09
321169	7.79763e-10
321269	4.57693e-10
321369	2.65976e-10
321469	1.53027e-10
321569	8.71669e-11
321669	4.91577e-11
321769	2.74466e-11
321869	1.5172e-11
321969	8.30335e-12
322069	4.49905e-12
322169	2.4135e-12
322269	1.28182e-12
322369	6.74012e-13
322469	3.50885e-13
322569	1.8085e-13
322669	9.22846e-14
322769	4.66232e-14
322869	2.33211e-14
322969	1.15515e-14
323069	5.67e-15
323169	2.76711e-15
323269	1.36324e-15
323369	7.22899e-16
323469	5.03814e-16
323569	5.90308e-16
323669	1.03815e-15
323769	2.10763e-15
323869	4.40262e-15
323969	9.18343e-15
324069	1.90002e-14
324169	3.89352e-14
324269	7.89988e-14
324369	1.58695e-13
324469	3.1562e-13
324569	6.21475e-13
324669	1.21154e-12
324769	2.33837e-12
324869	4.4683e-12
324969	8.45337e-12
325069	1.58334e-11
325169	2.93613e-11
325269	5.39056e-11
325369	9.79827e-11
325469	1.76328e-10
325569	3.1416e-10
325669	5.54164e-10
325769	9.67791e-10
325869	1.67333e-09
325969	2.86444e-09
326069	4.85462e-09
326169	8.14567e-09
326269	1.35318e-08
326369	2.22557e-08
326469	3.62397e-08
326569	5.84231e-08
326669	9.32485e-08
326769	1.47352e-07
326869	2.3053e-07
326969	3.57072e-07
327069	5.47572e-07
327169	8.31349e-07
327269	1.24963e-06
327369	1.85969e-06
327469	2.74002e-06
327569	3.99691e-06
327669	5.77234e-06
327769	8.25347e-06
327869	1.16836e-05
327969	1.63748e-05
328069	2.27213e-05
328169	3.12138e-05
328269	4.24537e-05
328369	5.71667e-05
328469	7.62127e-05
328569	0.000100593
328669	0.000131452
328769	0.000170068
328869	0.000217838
328969	0.000276251
329069	0.000346841
329169	0.000431136
329269	0.000530584
329369	0.000646475
329469	0.000779842
329569	0.000931362
329669	0.00110125
329769	0.00128918
329869	0.00149416
329969	0.00171449
330069	0.00194775
330169	0.00219072
330269	0.00243949
330369	0.00268947
330469	0.00293557
330569	0.0031723
330669	0.00339401
330769	0.00359509
330869	0.00377019
330969	0.00391448
331069	0.00402385
331169	0.00409512
331269	0.00412618
331369	0.00411611
331469	0.0040652
331569	0.00397498
331669	0.00384809
331769	0.00368818
331869	0.00349974
331969	0.00328789
332069	0.00305813
332169	0.00281612
332269	0.00256745
332369	0.00231746
332469	0.00207099
332569	0.00183232
332669	0.00160503
332769	0.00139194
332869	0.00119513
332969	0.00101594
333069	0.000855017
333169	0.000712427
333269	0.00058771
333369	0.000480002
333469	0.000388132
333569	0.000310723
333669	0.000246278
333769	0.000193256
333869	0.000150141
333969	0.000115484
334069	8.79427e-05
334169	6.63034e-05
334269	4.94913e-05
334369	3.65746e-05
334469	2.67601e-05
334569	1.93844e-05
334669	1.39019e-05
334769	9.87079e-06
334869	6.93885e-06
334969	4.82926e-06
335069	3.32759e-06
335169	2.27006e-06
335269	1.53321e-06
335369	1.02523e-06
335469	6.78734e-07
335569	4.44872e-07
335669	2.88687e-07
335769	1.85471e-07
335869	1.17973e-07
335969	7.42926e-08
336069	4.63197e-08
336169	2.85919e-08
336269	1.74734e-08
