272850	5.59316e-08
272950	9.23894e-08
273050	1.51136e-07
273150	2.44849e-07
273250	3.92842e-07
273350	6.2421e-07
273450	9.82295e-07
273550	1.53093e-06
273650	2.36306e-06
273750	3.61248e-06
273850	5.46956e-06
273950	8.20198e-06
274050	1.21818e-05
274150	1.79197e-05
274250	2.61086e-05
274350	3.7677e-05
274450	5.3853e-05
274550	7.62414e-05
274650	0.000106911
274750	0.000148494
274850	0.000204294
274950	0.000278398
275050	0.000375788
275150	0.000502448
275250	0.000665446
275350	0.000872998
275450	0.00113447
275550	0.00146036
275650	0.00186214
275750	0.0023521
275850	0.002943
275950	0.00364769
276050	0.00447861
276150	0.00544712
276250	0.00656281
276350	0.00783274
276450	0.0092606
276550	0.0108459
276650	0.0125834
276750	0.0144621
276850	0.0164652
276950	0.0185697
277050	0.0207466
277150	0.0229609
277250	0.0251728
277350	0.0273384
277450	0.0294112
277550	0.0313437
277650	0.033089
277750	0.034603
277850	0.035846
277950	0.0367846
278050	0.0373933
278150	0.0376557
278250	0.0375651
278350	0.0371256
278450	0.0363513
278550	0.0352664
278650	0.0339038
278750	0.0323042
278850	0.0305142
278950	0.0285848
279050	0.0265694
279150	0.0245219
279250	0.0224951
279350	0.020539
279450	0.0186997
279550	0.0170177
279650	0.0155277
279750	0.0142578
279850	0.0132289
279950	0.012455
280050	0.0119426
280150	0.0116916
280250	0.0116948
280350	0.0119388
280450	0.0124041
280550	0.0130657
280650	0.0138936
280750	0.0148538
280850	0.0159086
280950	0.0170182
281050	0.0181412
281150	0.0192361
281250	0.0202625
281350	0.0211823
281450	0.0219612
281550	0.0225696
281650	0.0229838
281750	0.0231868
281850	0.0231687
281950	0.0229273
282050	0.0224676
282150	0.0218014
282250	0.0209471
282350	0.0199279
282450	0.0187713
282550	0.0175077
282650	0.0161688
282750	0.0147863
282850	0.0133913
282950	0.0120124
283050	0.0106757
283150	0.00940388
283250	0.00821578
283350	0.00712665
283450	0.00614819
283550	0.00528887
283650	0.00455448
283750	0.00394868
283850	0.00347362
283950	0.00313054
284050	0.00292024
284150	0.00284359
284250	0.00290171
284350	0.00309617
284450	0.00342887
284550	0.00390186
284650	0.00451693
284750	0.00527506
284850	0.00617583
284950	0.0072167
285050	0.00839234
285150	0.0096939
285250	0.0111085
285350	0.012619
285450	0.0142034
285550	0.0158355
285650	0.0174848
285750	0.0191174
285850	0.0206968
285950	0.0221854
286050	0.0235455
286150	0.024741
286250	0.025739
286350	0.026511
286450	0.0270348
286550	0.0272946
286650	0.0272828
286750	0.0269998
286850	0.0264538
286950	0.025661
287050	0.0246442
287150	0.0234323
287250	0.0220583
287350	0.0205582
287450	0.0189695
287550	0.0173294
287650	0.0156736
287750	0.0140349
287850	0.0124426
287950	0.0109211
288050	0.00949028
288150	0.00816487
288250	0.00695467
288350	0.0058649
288450	0.00489668
288550	0.00404763
288650	0.0033125
288750	0.00268391
288850	0.00215297
288950	0.00170988
289050	0.00134446
289150	0.00104662
289250	0.000806654
289350	0.00061552
289450	0.000465001
289550	0.000347795
289650	0.000257543
289750	0.000188813
289850	0.000137048
289950	9.84849e-05
290050	7.00687e-05
290150	4.93555e-05
290250	3.44194e-05
290350	2.37645e-05
290450	1.62447e-05
290550	1.09939e-05
290650	7.36627e-06
290750	4.88654e-06
290850	3.20931e-06
290950	2.0868e-06
291050	1.3434e-06
291150	8.56222e-07
291250	5.40288e-07
291350	3.37537e-07
291450	2.08773e-07
291550	1.27845e-07
291650	7.75089e-08
291750	4.65239e-08
291850	2.76476e-08
291950	1.62666e-08
292050	9.47526e-09
292150	5.46441e-09
292250	3.11999e-09
292350	1.76368e-09
292450	9.87059e-10
292550	5.4692e-10
292650	3.00028e-10
292750	1.62951e-10
292850	8.7621e-11
292950	4.66463e-11
293050	2.45857e-11
293150	1.28294e-11
293250	6.62805e-12
293350	3.39018e-12
293450	1.71679e-12
293550	8.60733e-13
293650	4.27245e-13
293750	2.09963e-13
293850	1.02156e-13
293950	4.92089e-14
294050	2.34682e-14
294150	1.10809e-14
294250	5.17993e-15
294350	2.39735e-15
294450	1.09849e-15
294550	4.98332e-16
294650	2.23819e-16
294750	9.95254e-17
294850	4.38158e-17
294950	1.90986e-17
295050	8.24398e-18
295150	3.5283e-18
295250	1.50807e-18
295350	6.70732e-19
295450	3.75129e-19
295550	3.91871e-19
295650	7.36616e-19
295750	1.68371e-18
295850	3.97115e-18
295950	9.33971e-18
296050	2.17737e-17
296150	5.02662e-17
296250	1.14893e-16
296350	2.59996e-16
296450	5.82506e-16
296550	1.29208e-15
296650	2.83751e-15
296750	6.16937e-15
296850	1.32801e-14
296950	2.83022e-14
297050	5.97166e-14
297150	1.24746e-13
297250	2.57998e-13
297350	5.28278e-13
297450	1.07094e-12
297550	2.14945e-12
297650	4.27114e-12
297750	8.40269e-12
297850	1.63663e-11
297950	3.15601e-11
298050	6.02538e-11
298150	1.1389e-10
298250	2.13131e-10
298350	3.94879e-10
298450	7.24332e-10
298550	1.31543e-09
298650	2.36514e-09
298750	4.21019e-09
298850	7.41999e-09
298950	1.29468e-08
299050	2.23655e-08
299150	3.82518e-08
299250	6.47713e-08
299350	1.08585e-07
299450	1.80225e-07
299550	2.96153e-07
299650	4.81809e-07
299750	7.76051e-07
299850	1.23755e-06
299950	1.95386e-06
300050	3.05407e-06
300150	4.72632e-06
300250	7.24142e-06
300350	1.09845e-05
300450	1.64967e-05
300550	2.45284e-05
300650	3.61076e-05
300750	5.2624e-05
300850	7.59325e-05
300950	0.000108475
301050	0.000153421
301150	0.000214832
301250	0.000297832
301350	0.000408789
301450	0.000555501
301550	0.000747356
301650	0.000995468
301750	0.00131276
301850	0.00171395
301950	0.00221548
302050	0.00283528
302150	0.00359237
302250	0.00450633
302350	0.00559658
302450	0.00688143
302550	0.00837706
302650	0.0100963
302750	0.0120473
302850	0.0142322
302950	0.0166462
303050	0.0192758
303150	0.0220988
303250	0.0250831
303350	0.0281871
303450	0.0313601
303550	0.0345431
303650	0.0376705
303750	0.0406724
303850	0.0434765
303950	0.0460115
304050	0.0482098
304150	0.0500105
304250	0.0513623
304350	0.0522258
304450	0.0525753
304550	0.0524006
304650	0.0517068
304750	0.0505145
304850	0.0488586
304950	0.0467869
305050	0.0443571
305150	0.0416351
305250	0.0386913
305350	0.0355979
305450	0.0324259
305550	0.0292427
305650	0.0261095
305750	0.0230801
305850	0.0201992
305950	0.017502
306050	0.015014
306150	0.0127516
306250	0.0107223
306350	0.00892626
306450	0.00735712
306550	0.00600348
306650	0.00485015
306750	0.0038794
306850	0.00307207
306950	0.00240855
307050	0.00186954
307150	0.00143672
307250	0.00109312
307350	0.000823417
307450	0.000614085
307550	0.000453414
307650	0.00033145
307750	0.000239882
307850	0.000171884
307950	0.000121935
308050	8.56407e-05
308150	5.95509e-05
308250	4.09972e-05
308350	2.79432e-05
308450	1.88563e-05
308550	1.25977e-05
308650	8.33269e-06
308750	5.45677e-06
308850	3.53788e-06
308950	2.27095e-06
309050	1.44321e-06
309150	9.08048e-07
309250	5.65646e-07
309350	3.48849e-07
309450	2.13004e-07
309550	1.28764e-07
309650	7.70653e-08
309750	4.56646e-08
309850	2.67891e-08
309950	1.55594e-08
310050	8.94717e-09
310150	5.09372e-09
310250	2.87105e-09
310350	1.60216e-09
310450	8.85167e-10
310550	4.84176e-10
310650	2.62203e-10
310750	1.40582e-10
310850	7.46239e-11
310950	3.92178e-11
311050	2.04055e-11
311150	1.05115e-11
311250	5.36097e-12
311350	2.70693e-12
311450	1.35322e-12
311550	6.69756e-13
311650	3.28187e-13
311750	1.59215e-13
311850	7.64722e-14
311950	3.63647e-14
312050	1.71204e-14
312150	7.98001e-15
312250	3.68257e-15
312350	1.6825e-15
312450	7.61057e-16
312550	3.40828e-16
312650	1.51116e-16
312750	6.63353e-17
312850	2.88293e-17
312950	1.24046e-17
313050	5.28427e-18
313150	2.22867e-18
313250	9.30602e-19
313350	3.84715e-19
313450	1.5746e-19
313550	6.38059e-20
313650	2.55981e-20
313750	1.01674e-20
313850	3.99826e-21
313950	1.55664e-21
314050	6.00016e-22
314150	2.28978e-22
314250	8.65133e-23
314350	3.23615e-23
314450	1.19848e-23
314550	4.39431e-24
314650	1.59517e-24
314750	5.733e-25
314850	2.03992e-25
314950	7.18622e-26
315050	2.50637e-26
315150	8.65462e-27
315250	2.95874e-27
315350	1.00144e-27
315450	3.3558e-28
315550	1.11334e-28
315650	3.65691e-29
315750	1.18921e-29
315850	3.82878e-30
315950	1.22045e-30
316050	3.85154e-31
316150	1.20339e-31
316250	3.72252e-32
316350	1.14005e-32
316450	3.45674e-33
316550	1.03769e-33
316650	3.08408e-34
316750	9.07488e-35
316850	2.64371e-35
316950	7.62504e-36
317050	2.17735e-36
317150	6.15562e-37
317250	1.72295e-37
317350	4.77451e-38
317450	1.30992e-38
317550	3.55807e-39
317650	9.56849e-40
317750	2.54759e-40
317850	6.71539e-41
317950	1.75255e-41
318050	4.52822e-42
318150	1.15836e-42
318250	2.93368e-43
318350	7.35598e-44
318450	1.8261e-44
318550	4.48815e-45
318650	1.09211e-45
318750	2.63101e-46
318850	6.27532e-47
318950	1.48186e-47
319050	3.46444e-48
319150	8.01895e-49
319250	1.83763e-49
319350	4.16924e-50
319450	9.3651e-51
319550	2.08269e-51
319650	4.58559e-52
319750	9.99589e-53
319850	2.15727e-53
319950	4.60942e-54
320050	9.75088e-55
320150	2.0422e-55
320250	4.23458e-56
320350	8.6932e-57
320450	1.76687e-57
320550	3.5554e-58
320650	7.08319e-59
320750	1.39709e-59
320850	2.72822e-60
320950	5.27462e-61
321050	1.00962e-61
321150	1.91331e-62
321250	3.58978e-63
321350	6.66818e-64
321450	1.22632e-64
321550	2.23284e-65
321650	4.02502e-66
321750	7.1835e-67
321850	1.26929e-67
321950	2.22046e-68
322050	3.84575e-69
322150	6.59443e-70
322250	1.11952e-70
322350	1.88166e-71
322450	3.13118e-72
322550	5.1586e-73
322650	8.41421e-74
322750	1.35879e-74
322850	2.17244e-75
322950	3.43874e-76
323050	5.38901e-77
323150	8.36133e-78
323250	1.2844e-78
323350	1.95335e-79
323450	2.94115e-80
323550	4.38442e-81
323650	6.47089e-82
323750	9.45524e-83
323850	1.36785e-83
323950	1.95912e-84
324050	2.77806e-85
324150	3.90013e-86
324250	5.42092e-87
324350	7.45974e-88
324450	1.01632e-88
324550	1.37087e-89
324650	1.83071e-90
324750	2.42047e-91
324850	3.16837e-92
324950	4.1061e-93
325050	5.26841e-94
325150	6.69248e-95
325250	8.4169e-96
325350	1.04803e-96
325450	1.29197e-97
325550	1.57684e-98
325650	1.90538e-99
325750	2.27946e-100
325850	2.69984e-101
325950	3.16594e-102
326050	3.67556e-103
326150	4.22476e-104
326250	4.80769e-105
326350	5.41663e-106
326450	6.04197e-107
326550	6.67244e-108
326650	7.29539e-109
326750	7.89712e-110
326850	8.46343e-111
326950	8.9801e-112
327050	9.4335e-113
327150	9.81118e-114
327250	1.01025e-114
327350	1.02989e-115
327450	1.03947e-116
327550	1.03869e-117
327650	1.02759e-118
327750	1.0065e-119
327850	9.76023e-121
327950	9.37063e-122
328050	8.91488e-123
328150	9.23354e-124
328250	9.79854e-124
328350	9.46139e-123
328450	9.81336e-122
328550	1.00847e-120
328650	1.02605e-119
328750	1.03354e-118
328850	1.03074e-117
328950	1.01771e-116
329050	9.9485e-116
329150	9.62827e-115
329250	9.22562e-114
329350	8.75186e-113
329450	8.21982e-112
329550	7.6433e-111
329650	7.03651e-110
329750	6.41343e-109
329850	5.78736e-108
329950	5.17045e-107
330050	4.57333e-106
330150	4.00493e-105
330250	3.47227e-104
330350	2.98051e-103
330450	2.53293e-102
330550	2.13115e-101
330650	1.77526e-100
330750	1.46409e-99
330850	1.19544e-98
330950	9.66381e-98
331050	7.73437e-97
331150	6.12856e-96
331250	4.80784e-95
331350	3.7342e-94
331450	2.87147e-93
331550	2.18608e-92
331650	1.64773e-91
331750	1.2296e-90
331850	9.08446e-90
331950	6.64495e-89
332050	4.81217e-88
332150	3.45023e-87
332250	2.44913e-86
332350	1.72121e-85
332450	1.1976e-84
332550	8.24991e-84
332650	5.62656e-83
332750	3.79922e-82
332850	2.53982e-81
332950	1.68101e-80
333050	1.10152e-79
333150	7.14621e-79
333250	4.59003e-78
333350	2.91885e-77
333450	1.83767e-76
333550	1.14546e-75
333650	7.06885e-75
333750	4.31894e-74
333850	2.61254e-73
333950	1.56461e-72
334050	9.277e-72
334150	5.44587e-71
334250	3.16508e-70
334350	1.82121e-69
334450	1.03751e-68
334550	5.85176e-68
334650	3.26766e-67
334750	1.80653e-66
334850	9.8881e-66
334950	5.35845e-65
335050	2.8749e-64
335150	1.5271e-63
335250	8.03098e-63
335350	4.18148e-62
335450	2.15551e-61
335550	1.10009e-60
335650	5.55863e-60
335750	2.78078e-59
335850	1.37729e-58
335950	6.7537e-58
336050	3.27884e-57
336150	1.576e-56
336250	7.49991e-56
336350	3.53358e-55
336450	1.64829e-54
336550	7.61229e-54
336650	3.48063e-53
336750	1.57566e-52
336850	7.062e-52
336950	3.13369e-51
337050	1.37672e-50
337150	5.98826e-50
337250	2.5788e-49
337350	1.09951e-48
337450	4.64135e-48
337550	1.93979e-47
337650	8.02658e-47
337750	3.2883e-46
337850	1.33377e-45
337950	5.35618e-45
338050	2.1296e-44
338150	8.38321e-44
338250	3.26732e-43
338350	1.26079e-42
338450	4.81688e-42
338550	1.82205e-41
338650	6.82385e-41
338750	2.5303e-40
338850	9.28947e-40
338950	3.37665e-39
339050	1.21524e-38
339150	4.33026e-38
339250	1.52774e-37
339350	5.33665e-37
339450	1.84575e-36
339550	6.32068e-36
339650	2.14311e-35
339750	7.19476e-35
339850	2.39157e-34
339950	7.87129e-34
340050	2.56512e-33
340150	8.27701e-33
340250	2.64451e-32
340350	8.36615e-32
340450	2.62071e-31
340550	8.12887e-31
340650	2.49668e-30
340750	7.59313e-30
340850	2.2867e-29
340950	6.81922e-29
341050	2.01373e-28
341150	5.88864e-28
341250	1.70523e-27
341350	4.89002e-27
341450	1.38869e-26
341550	3.9055e-26
341650	1.08775e-25
341750	3.00038e-25
341850	8.19639e-25
341950	2.21758e-24
342050	5.94232e-24
342150	1.57712e-23
342250	4.14585e-23
342350	1.07949e-22
342450	2.78412e-22
342550	7.11276e-22
342650	1.80003e-21
342750	4.51263e-21
342850	1.12073e-20
342950	2.75745e-20
343050	6.72154e-20
343150	1.6233e-19
343250	3.8843e-19
343350	9.20937e-19
343450	2.16355e-18
343550	5.03666e-18
343650	1.16191e-17
343750	2.6563e-17
343850	6.0183e-17
343950	1.35139e-16
344050	3.00755e-16
344150	6.63425e-16
344250	1.45055e-15
344350	3.14377e-15
344450	6.75405e-15
344550	1.43842e-14
344650	3.0369e-14
344750	6.3564e-14
344850	1.31898e-13
344950	2.71347e-13
345050	5.53447e-13
345150	1.11918e-12
345250	2.24391e-12
345350	4.46059e-12
345450	8.79153e-12
345550	1.718e-11
345650	3.32863e-11
345750	6.39424e-11
345850	1.21784e-10
345950	2.29965e-10
346050	4.30521e-10
346150	7.99064e-10
346250	1.47032e-09
346350	2.68208e-09
346450	4.85009e-09
346550	8.69423e-09
346650	1.5449e-08
346750	2.7211e-08
346850	4.75058e-08
346950	8.2203e-08
347050	1.40979e-07
347150	2.39622e-07
347250	4.03635e-07
347350	6.73791e-07
347450	1.1146e-06
347550	1.82706e-06
347650	2.96764e-06
347750	4.77617e-06
347850	7.61628e-06
347950	1.20334e-05
348050	1.88365e-05
348150	2.92125e-05
348250	4.48829e-05
348350	6.83169e-05
348450	0.000103015
348550	0.000153882
348650	0.000227712
348750	0.000333802
348850	0.000484721
348950	0.000697254
349050	0.000993542
349150	0.00140242
349250	0.00196095
349350	0.00271617
349450	0.00372697
349550	0.00506606
349650	0.00682198
349750	0.009101
349850	0.0120288
349950	0.0157517
350050	0.0204373
350150	0.0262748
350250	0.0334733
350350	0.0422606
350450	0.052879
350550	0.0655815
350650	0.0806257
350750	0.0982668
350850	0.11875
350950	0.142301
351050	0.16912
351150	0.199367
351250	0.23316
351350	0.270563
351450	0.311581
351550	0.356154
351650	0.404156
351750	0.455388
351850	0.509583
351950	0.566402
352050	0.625443
352150	0.686237
352250	0.748258
352350	0.810928
352450	0.873626
352550	0.935696
352650	0.996457
352750	1.05522
352850	1.11131
352950	1.16406
353050	1.21288
353150	1.25722
353250	1.29664
353350	1.33081
353450	1.35954
353550	1.38277
353650	1.4006
353750	1.41329
353850	1.42124
353950	1.42494
354050	1.42501
354150	1.42209
354250	1.41685
354350	1.40989
354450	1.40177
354550	1.39288
354650	1.38348
354750	1.37364
354850	1.36323
354950	1.35197
355050	1.3394
355150	1.32494
355250	1.30793
355350	1.28769
355450	1.26357
355550	1.23502
355650	1.2016
355750	1.16308
355850	1.11943
355950	1.07085
356050	1.01775
356150	0.960778
356250	0.900749
356350	0.838634
356450	0.775509
356550	0.712503
356650	0.650749
356750	0.591336
356850	0.535267
356950	0.483418
357050	0.436512
357150	0.395096
357250	0.359532
357350	0.329994
357450	0.306469
357550	0.288771
357650	0.276555
357750	0.269339
357850	0.266525
357950	0.267426
358050	0.271292
358150	0.277336
358250	0.284764
358350	0.292797
358450	0.300698
358550	0.307792
358650	0.313488
358750	0.317293
358850	0.318823
358950	0.317813
359050	0.314116
359150	0.307703
359250	0.298654
359350	0.287151
359450	0.273456
359550	0.257901
359650	0.240863
359750	0.222748
359850	0.203969
359950	0.184931
360050	0.166011
360150	0.147551
360250	0.129844
360350	0.113127
360450	0.0975838
360550	0.0833397
360650	0.0704674
360750	0.0589909
360850	0.0488925
360950	0.0401199
361050	0.0325941
361150	0.0262168
361250	0.020878
361350	0.0164618
361450	0.0128517
361550	0.00993538
361650	0.00760729
361750	0.00577121
361850	0.00434149
361950	0.00324367
362050	0.00241455
362150	0.00180186
362250	0.00136364
362350	0.00106755
362450	0.00089011
362550	0.000816003
362650	0.000837504
362750	0.000954035
362850	0.00117187
362950	0.00150398
363050	0.00196993
363150	0.00259589
363250	0.00341453
363350	0.00446492
363450	0.0057921
363550	0.00744648
363650	0.00948284
363750	0.0119588
363850	0.014933
363950	0.0184624
364050	0.0225996
364150	0.0273889
364250	0.0328632
364350	0.0390393
364450	0.0459149
364550	0.053464
364650	0.061635
364750	0.0703477
364850	0.0794932
364950	0.0889338
365050	0.0985056
365150	0.108022
365250	0.117279
365350	0.126062
365450	0.134155
365550	0.141347
365650	0.147443
365750	0.152271
365850	0.155692
365950	0.157606
366050	0.157957
366150	0.156733
366250	0.153971
366350	0.149753
366450	0.144201
366550	0.137473
366650	0.129755
366750	0.121252
366850	0.112178
366950	0.102751
367050	0.0931799
367150	0.0836593
367250	0.0743641
367350	0.065444
367450	0.0570208
367550	0.0491873
367650	0.0420079
367750	0.0355194
367850	0.0297342
367950	0.0246437
368050	0.0202214
368150	0.0164276
368250	0.0132128
368350	0.0105213
368450	0.00829477
368550	0.00647433
368650	0.00500314
368750	0.00382779
368850	0.00289941
368950	0.00217435
369050	0.00161438
369150	0.00118669
369250	0.000863633
369350	0.000622266
369450	0.000443896
369550	0.000313503
369650	0.00021921
369750	0.000151753
369850	0.000104009
369950	7.05763e-05
370050	4.74139e-05
370150	3.15362e-05
370250	2.07668e-05
370350	1.3539e-05
370450	8.73903e-06
370550	5.58464e-06
370650	3.53333e-06
370750	2.21325e-06
370850	1.37257e-06
370950	8.4274e-07
371050	5.12284e-07
371150	3.08308e-07
371250	1.83703e-07
371350	1.08369e-07
371450	6.32923e-08
371550	3.65977e-08
371650	2.09514e-08
371750	1.18749e-08
371850	6.66351e-09
371950	3.70198e-09
372050	2.03621e-09
372150	1.10883e-09
372250	5.97818e-10
372350	3.19101e-10
372450	1.68634e-10
372550	8.82302e-11
372650	4.57033e-11
372750	2.34388e-11
372850	1.19009e-11
372950	5.98246e-12
373050	2.97741e-12
373150	1.46708e-12
373250	7.15693e-13
373350	3.45666e-13
373450	1.65289e-13
373550	7.82504e-14
373650	3.66764e-14
373750	1.70194e-14
373850	7.81915e-15
373950	3.55657e-15
374050	1.60162e-15
374150	7.1408e-16
374250	3.15203e-16
374350	1.37749e-16
374450	5.96001e-17
374550	2.55306e-17
374650	1.08276e-17
374750	4.54633e-18
374850	1.88993e-18
374950	7.77837e-19
375050	3.16948e-19
375150	1.27863e-19
375250	5.10691e-20
375350	2.01943e-20
375450	7.906e-21
375550	3.06437e-21
375650	1.17594e-21
375750	4.46768e-22
375850	1.6805e-22
375950	6.25823e-23
376050	2.30739e-23
376150	8.42264e-24
376250	3.04392e-24
376350	1.08912e-24
376450	3.85809e-25
376550	1.35309e-25
376650	4.69829e-26
376750	1.61514e-26
376850	5.49713e-27
376950	1.85233e-27
377050	6.17959e-28
377150	2.04107e-28
377250	6.6744e-29
377350	2.16085e-29
377450	6.92617e-30
377550	2.19795e-30
377650	6.9056e-31
377750	2.14804e-31
377850	6.61514e-32
377950	2.01694e-32
378050	6.08841e-33
378150	1.81958e-33
378250	5.38391e-34
378350	1.57717e-34
378450	4.57424e-35
378550	1.31346e-35
378650	3.73396e-36
378750	1.05094e-36
378850	2.92851e-37
378950	8.07927e-38
379050	2.20675e-38
379150	5.9675e-39
379250	1.59767e-39
379350	4.23488e-40
379450	1.11135e-40
379550	2.88747e-41
379650	7.4275e-42
379750	1.8916e-42
379850	4.77039e-43
379950	1.19482e-43
380050	3.11761e-44
380150	1.43552e-44
380250	3.06839e-44
380350	1.16299e-43
380450	4.59495e-43
380550	1.80312e-42
380650	7.00662e-42
380750	2.69559e-41
380850	1.02673e-40
380950	3.87185e-40
381050	1.44556e-39
381150	5.3433e-39
381250	1.95543e-38
381350	7.08484e-38
381450	2.54141e-37
381550	9.02564e-37
381650	3.17349e-36
381750	1.10473e-35
381850	3.8074e-35
381950	1.29915e-34
382050	4.38881e-34
382150	1.46788e-33
382250	4.86064e-33
382350	1.5935e-32
382450	5.17213e-32
382550	1.66204e-31
382650	5.28777e-31
382750	1.66556e-30
382850	5.19403e-30
382950	1.60363e-29
383050	4.90189e-29
383150	1.48347e-28
383250	4.4448e-28
383350	1.3185e-27
383450	3.87229e-27
383550	1.12593e-26
383650	3.24125e-26
383750	9.23785e-26
383850	2.60667e-25
383950	7.28211e-25
384050	2.01413e-24
384150	5.51534e-24
384250	1.49526e-23
384350	4.01343e-23
384450	1.06653e-22
384550	2.806e-22
384650	7.30901e-22
384750	1.88489e-21
384850	4.81252e-21
384950	1.21651e-20
385050	3.04449e-20
385150	7.54347e-20
385250	1.85048e-19
385350	4.49423e-19
385450	1.08065e-18
385550	2.57258e-18
385650	6.06331e-18
385750	1.41485e-17
385850	3.26862e-17
385950	7.47615e-17
386050	1.69297e-16
386150	3.79556e-16
386250	8.4248e-16
386350	1.8514e-15
386450	4.02809e-15
386550	8.6767e-15
386650	1.85041e-14
386750	3.90694e-14
386850	8.16701e-14
386950	1.69023e-13
387050	3.46328e-13
387150	7.02563e-13
387250	1.41104e-12
387350	2.80577e-12
387450	5.52358e-12
387550	1.07658e-11
387650	2.07744e-11
387750	3.96889e-11
387850	7.507e-11
387950	1.40579e-10
388050	2.60635e-10
388150	4.7841e-10
388250	8.69412e-10
388350	1.56426e-09
388450	2.78642e-09
388550	4.9141e-09
388650	8.5802e-09
388750	1.48323e-08
388850	2.53849e-08
388950	4.30131e-08
389050	7.21576e-08
389150	1.19845e-07
389250	1.97068e-07
389350	3.20826e-07
389450	5.17106e-07
389550	8.25176e-07
389650	1.30368e-06
389750	2.03916e-06
389850	3.15784e-06
389950	4.84156e-06
390050	7.34916e-06
390150	1.10445e-05
390250	1.64329e-05
390350	2.42068e-05
390450	3.53035e-05
390550	5.09748e-05
390650	7.28702e-05
390750	0.000103134
390850	0.000144514
390950	0.000200482
391050	0.000275359
391150	0.000374437
391250	0.000504099
391350	0.000671908
391450	0.000886668
391550	0.00115843
391650	0.00149842
391750	0.00191892
391850	0.00243297
391950	0.00305402
392050	0.00379547
392150	0.00466999
392250	0.00568884
392350	0.00686101
392450	0.00819238
392550	0.00968475
392650	0.0113351
392750	0.0131346
392850	0.0150684
392950	0.0171149
393050	0.0192459
393150	0.0214269
393250	0.0236177
393350	0.0257734
393450	0.0278461
393550	0.0297861
393650	0.0315442
393750	0.0330737
393850	0.0343324
393950	0.0352843
394050	0.0359018
394150	0.0361666
394250	0.0360708
394350	0.0356173
394450	0.0348196
394550	0.0337011
394650	0.0322939
394750	0.0306376
394850	0.028777
394950	0.0267605
395050	0.0246376
395150	0.0224575
395250	0.0202666
395350	0.0181074
395450	0.0160173
395550	0.0140275
395650	0.0121626
395750	0.0104408
395850	0.00887347
395950	0.00746641
396050	0.00621996
396150	0.00513004
396250	0.004189
396350	0.00338655
396450	0.00271057
396550	0.00214794
396650	0.00168515
396750	0.00130892
396850	0.00100658
396950	0.000766365
397050	0.000577673
397150	0.000431107
397250	0.000318526
397350	0.000233004
397450	0.000168747
397550	0.000120995
397650	8.58929e-05
397750	6.03674e-05
397850	4.20054e-05
397950	2.89378e-05
398050	1.9737e-05
398150	1.33277e-05
398250	8.91018e-06
398350	5.89759e-06
398450	3.86473e-06
398550	2.50739e-06
398650	1.61057e-06
398750	1.02423e-06
398850	6.44866e-07
398950	4.01976e-07
399050	2.48077e-07
399150	1.51576e-07
399250	9.16923e-08
399350	5.4915e-08
399450	3.25617e-08
399550	1.91152e-08
399650	1.11099e-08
399750	6.39287e-09
399850	3.64199e-09
399950	2.05419e-09
400050	1.14709e-09
400150	6.3418e-10
400250	3.47124e-10
400350	1.88111e-10
400450	1.00925e-10
400550	5.36096e-11
400650	2.81931e-11
400750	1.46791e-11
400850	7.56684e-12
400950	3.86177e-12
401050	1.95126e-12
401150	9.76112e-13
401250	4.8344e-13
401350	2.37051e-13
401450	1.1508e-13
401550	5.53111e-14
401650	2.63198e-14
401750	1.23997e-14
401850	5.78356e-15
401950	2.67077e-15
402050	1.22106e-15
402150	5.52703e-16
402250	2.47688e-16
402350	1.09894e-16
402450	4.82728e-17
402550	2.09936e-17
402650	9.03916e-18
402750	3.85324e-18
402850	1.62623e-18
402950	6.79507e-19
403050	2.81102e-19
403150	1.1513e-19
403250	4.66846e-20
403350	1.87419e-20
403450	7.44924e-21
403550	2.93134e-21
403650	1.14203e-21
403750	4.40502e-22
403850	1.68218e-22
403950	6.35999e-23
404050	2.38066e-23
404150	8.82254e-24
404250	3.23704e-24
404350	1.17587e-24
404450	4.2289e-25
404550	1.50575e-25
404650	5.30805e-26
404750	1.85257e-26
404850	6.40134e-27
404950	2.1899e-27
405050	7.41711e-28
405150	2.48715e-28
405250	8.2571e-29
405350	2.714e-29
405450	8.83177e-30
405550	2.8454e-30
405650	9.07605e-31
405750	2.8662e-31
405850	8.96136e-32
405950	2.77394e-32
406050	8.50117e-33
406150	2.57939e-33
406250	7.74841e-34
406350	2.30444e-34
406450	6.78538e-35
406550	1.97806e-35
406650	5.70905e-36
406750	1.63134e-36
406850	4.61511e-37
406950	1.29264e-37
407050	3.5845e-38
407150	9.84095e-39
407250	2.67487e-39
407350	7.19823e-40
407450	1.91781e-40
407550	5.05874e-41
407650	1.3211e-41
407750	3.41576e-42
407850	8.74371e-43
407950	2.21596e-43
408050	5.56011e-44
408150	1.38122e-44
408250	3.39703e-45
408350	8.27166e-46
408450	1.99408e-46
408550	4.75938e-47
408650	1.12464e-47
408750	2.6311e-48
408850	6.09418e-49
408950	1.3975e-49
409050	3.17281e-50
409150	7.13171e-51
409250	1.58709e-51
409350	3.49675e-52
409450	7.62756e-53
409550	1.64727e-53
409650	3.52208e-54
409750	7.45575e-55
409850	1.56257e-55
409950	3.24225e-56
410050	6.66055e-57
410150	1.35466e-57
410250	2.72777e-58
410350	5.43804e-59
410450	1.07333e-59
410550	2.09741e-60
410650	4.05778e-61
410750	7.77232e-62
410850	1.47391e-62
410950	2.76724e-63
411050	5.14377e-64
411150	9.46613e-65
411250	1.72473e-65
411350	3.11118e-66
411450	5.55633e-67
411550	9.82442e-68
411650	1.71982e-68
411750	2.98069e-69
411850	5.11454e-70
411950	8.68869e-71
412050	1.46136e-71
412150	2.43344e-72
412250	4.01179e-73
412350	6.54808e-74
412450	1.05815e-74
412550	1.69292e-75
412650	2.68153e-76
412750	4.20521e-77
412850	6.52902e-78
412950	1.00361e-78
413050	1.52736e-79
413150	2.3013e-80
413250	3.43291e-81
413350	5.07001e-82
413450	7.4133e-83
413550	1.07318e-83
413650	1.53812e-84
413750	2.18255e-85
413850	3.06616e-86
413950	4.26465e-87
414050	5.87258e-88
414150	8.0063e-89
414250	1.08067e-89
414350	1.44414e-90
414450	1.91065e-91
414550	2.50272e-92
414650	3.24564e-93
414750	4.16721e-94
414850	5.29722e-95
414950	6.66664e-96
415050	8.30659e-97
415150	1.0247e-97
415250	1.25149e-98
415350	1.51326e-99
415450	1.81158e-100
415550	2.14713e-101
415650	2.51952e-102
415750	2.92707e-103
415850	3.36671e-104
415950	3.83385e-105
416050	4.32237e-106
416150	4.82465e-107
416250	5.33171e-108
416350	5.83343e-109
416450	6.31887e-110
416550	6.77659e-111
416650	7.19515e-112
416750	7.56356e-113
416850	7.87171e-114
416950	8.11091e-115
417050	8.27421e-116
417150	8.35682e-117
417250	8.35627e-118
417350	8.27257e-119
417450	8.10823e-120
417550	7.86808e-121
417650	7.55907e-122
417750	7.18993e-123
417850	6.77077e-124
417950	6.31261e-125
418050	5.82689e-126
418150	5.32503e-127
418250	4.81796e-128
418350	4.31581e-129
418450	3.82753e-130
418550	3.36071e-131
418650	2.92147e-132
418750	2.51437e-133
418850	2.14246e-134
418950	1.8074e-135
419050	1.50957e-136
419150	1.24827e-137
419250	1.02193e-138
419350	8.28304e-140
419450	6.64686e-141
419550	5.2808e-142
419650	4.15375e-143
419750	3.23473e-144
419850	2.49398e-145
419950	1.90373e-146
420050	1.43871e-147
420150	1.07646e-148
420250	7.97412e-150
420350	5.84821e-151
420450	4.24639e-152
420550	3.05263e-153
420650	2.17263e-154
420750	1.53092e-155
420850	1.06802e-156
420950	7.37668e-158
421050	5.04429e-159
421150	3.41505e-160
421250	2.28902e-161
421350	1.51901e-162
421450	9.97996e-164
421550	6.49162e-165
421650	4.18057e-166
421750	2.66547e-167
421850	1.68256e-168
421950	1.05153e-169
422050	6.50628e-171
422150	3.98566e-172
422250	2.41726e-173
422350	1.45146e-174
422450	8.62866e-176
422550	5.07853e-177
422650	2.95931e-178
422750	1.70726e-179
422850	9.75139e-181
422950	5.51429e-182
423050	3.08724e-183
423150	1.71123e-184
423250	9.3908e-186
423350	5.10216e-187
423450	2.7445e-188
423550	1.4616e-189
423650	7.7064e-191
423750	4.02283e-192
423850	2.07907e-193
423950	1.06381e-194
424050	5.38907e-196
424150	2.70285e-197
424250	1.34211e-198
424350	6.59795e-200
424450	3.21136e-201
424550	1.54748e-202
424650	7.38275e-204
424750	3.48714e-205
424850	1.63071e-206
424950	7.5499e-208
425050	3.46069e-209
425150	1.57051e-210
425250	7.0563e-212
425350	3.13884e-213
425450	1.38236e-214
425550	6.02735e-216
425650	2.6019e-217
425750	1.11202e-218
425850	4.70532e-220
425950	1.97117e-221
426050	8.17555e-223
426150	3.35711e-224
426250	1.36481e-225
426350	5.49333e-227
426450	2.18905e-228
426550	8.63642e-230
426650	3.3734e-231
426750	1.30455e-232
426850	4.99469e-234
426950	1.89328e-235
427050	7.10521e-237
427150	2.63995e-238
427250	9.71121e-240
427350	3.53677e-241
427450	1.27526e-242
427550	4.55246e-244
427650	1.60898e-245
427750	5.63006e-247
427850	1.95044e-248
427950	6.68973e-250
428050	2.27165e-251
428150	7.63717e-253
428250	2.54202e-254
428350	8.37692e-256
428450	2.73304e-257
428550	8.82804e-259
428650	2.82319e-260
428750	8.93866e-262
428850	2.80196e-263
428950	8.69579e-265
429050	2.67186e-266
429150	8.12782e-268
429250	2.44789e-269
429350	7.29906e-271
429450	2.15476e-272
429550	6.29779e-274
429650	1.82236e-275
429750	5.2208e-277
429850	1.4808e-278
429950	4.15829e-280
430050	1.15608e-281
430150	3.18215e-283
430250	8.6718e-285
430350	2.33967e-286
430450	6.24968e-288
430550	1.65279e-289
430650	4.32747e-291
430750	1.12178e-292
430850	2.87898e-294
430950	7.3152e-296
431050	1.84023e-297
431150	4.58325e-299
431250	1.13014e-300
431350	2.75898e-302
431450	6.6684e-304
431550	1.5957e-305
431650	3.78041e-307
431750	8.86714e-309
431850	2.05913e-310
431950	4.73416e-312
432050	1.0776e-313
432150	2.42846e-315
432250	5.41827e-317
432350	1.19687e-318
432450	2.61756e-320
432550	5.68175e-322
432650	9.88131e-324
432750	0
432850	0
432950	0
433050	0
433150	0
433250	0
433350	0
433450	0
433550	0
433650	0
433750	0
433850	0
433950	0
434050	0
434150	0
434250	0
434350	0
434450	0
434550	0
434650	0
434750	0
434850	0
434950	0
435050	0
435150	0
435250	0
435350	0
435450	0
435550	0
435650	0
435750	0
435850	0
435950	0
436050	0
436150	0
436250	0
436350	0
436450	0
436550	0
436650	0
436750	0
436850	0
436950	0
437050	0
437150	0
437250	0
437350	0
437450	0
437550	0
437650	0
437750	0
437850	0
437950	0
438050	0
438150	0
438250	0
438350	0
438450	0
438550	0
438650	0
438750	0
438850	0
438950	0
439050	0
439150	0
439250	0
439350	0
439450	0
439550	0
439650	0
439750	0
439850	0
439950	0
440050	0
440150	0
440250	0
440350	0
440450	0
440550	0
440650	0
440750	0
440850	0
440950	0
441050	0
441150	0
441250	0
441350	0
441450	0
441550	0
441650	0
441750	0
441850	0
441950	0
442050	0
442150	0
442250	0
442350	0
442450	0
442550	0
442650	0
442750	0
442850	0
442950	0
443050	0
443150	0
443250	0
443350	0
443450	0
443550	0
443650	0
443750	0
443850	0
443950	0
444050	0
444150	0
444250	0
444350	0
444450	0
444550	0
444650	0
444750	0
444850	0
444950	0
445050	0
445150	0
445250	0
445350	0
445450	0
445550	0
445650	0
445750	0
445850	0
445950	0
446050	0
446150	0
446250	0
446350	0
446450	0
446550	0
446650	0
446750	0
446850	0
446950	0
447050	0
447150	0
447250	0
447350	0
447450	0
447550	0
447650	0
447750	0
447850	0
447950	0
448050	0
448150	0
448250	0
448350	0
448450	0
448550	0
448650	0
448750	0
448850	0
448950	0
449050	0
449150	0
449250	0
449350	0
449450	0
449550	0
449650	0
449750	0
449850	0
449950	0
450050	0
450150	0
450250	0
450350	0
450450	0
450550	0
450650	0
450750	0
450850	0
450950	0
451050	0
451150	0
451250	0
451350	0
451450	0
451550	0
451650	0
451750	0
451850	0
451950	0
452050	0
452150	0
452250	0
452350	0
452450	0
452550	0
452650	0
452750	0
452850	0
452950	0
453050	0
453150	0
453250	0
453350	0
453450	0
453550	0
453650	0
453750	0
453850	0
453950	0
454050	0
454150	0
454250	0
454350	0
454450	0
454550	0
454650	0
454750	0
454850	0
454950	0
455050	0
455150	0
455250	0
455350	0
455450	0
455550	0
455650	0
455750	0
455850	0
455950	0
456050	0
456150	0
456250	0
456350	0
456450	0
456550	0
456650	0
456750	0
456850	0
456950	0
457050	0
457150	0
457250	0
457350	0
457450	0
457550	0
457650	0
457750	0
457850	0
457950	0
458050	0
458150	0
458250	0
458350	0
458450	0
458550	0
458650	0
458750	0
458850	0
458950	0
459050	0
459150	0
459250	0
459350	0
459450	0
459550	0
459650	0
459750	0
459850	0
459950	0
460050	0
460150	0
460250	0
460350	0
460450	0
460550	0
460650	0
460750	0
460850	0
460950	0
461050	0
461150	0
461250	0
461350	0
461450	0
461550	0
461650	0
461750	0
461850	0
461950	0
462050	0
462150	0
462250	0
462350	0
462450	0
462550	0
462650	0
462750	0
462850	0
462950	0
463050	0
463150	0
463250	0
463350	0
463450	0
463550	0
463650	0
463750	0
463850	0
463950	0
464050	0
464150	0
464250	0
464350	0
464450	0
464550	0
464650	0
464750	0
464850	0
464950	0
465050	0
465150	0
465250	0
465350	0
465450	0
465550	0
465650	0
465750	0
465850	0
465950	0
466050	0
466150	0
466250	0
466350	0
466450	0
466550	0
466650	0
466750	0
466850	0
466950	0
467050	0
467150	0
467250	0
467350	0
467450	0
467550	0
467650	0
467750	0
467850	0
467950	0
468050	0
468150	0
468250	0
468350	0
468450	0
468550	0
468650	0
468750	0
468850	0
468950	0
469050	0
469150	0
469250	0
469350	0
469450	0
469550	0
469650	0
469750	0
469850	0
469950	0
470050	0
470150	0
470250	0
470350	0
470450	0
470550	0
470650	0
470750	0
470850	0
470950	0
471050	0
471150	0
471250	0
471350	0
471450	0
471550	0
471650	0
471750	0
471850	0
471950	0
472050	0
472150	0
472250	0
472350	0
472450	0
472550	0
472650	0
472750	0
472850	0
472950	0
473050	0
473150	0
473250	0
473350	0
473450	0
473550	0
473650	0
473750	0
473850	0
473950	0
474050	0
474150	0
474250	0
474350	0
474450	0
474550	0
474650	0
474750	0
474850	0
474950	0
475050	0
475150	0
475250	0
475350	0
475450	0
475550	0
475650	0
475750	0
475850	0
475950	0
476050	0
476150	0
476250	0
476350	0
476450	0
476550	0
476650	0
476750	0
476850	0
476950	0
477050	0
477150	0
477250	0
477350	0
477450	0
477550	0
477650	0
477750	0
477850	0
477950	0
478050	0
478150	0
478250	0
478350	0
478450	0
478550	0
478650	0
478750	0
478850	0
478950	0
479050	0
479150	0
479250	0
479350	0
479450	0
479550	0
479650	0
479750	0
479850	0
479950	0
480050	0
480150	0
480250	0
480350	0
480450	0
480550	0
480650	0
480750	0
480850	0
480950	0
481050	0
481150	0
481250	0
481350	0
481450	0
481550	0
481650	0
481750	0
481850	0
481950	0
482050	0
482150	0
482250	0
482350	0
482450	0
482550	0
482650	0
482750	0
482850	0
482950	0
483050	0
483150	0
483250	0
483350	0
483450	0
483550	0
483650	0
483750	0
483850	0
483950	0
484050	0
484150	0
484250	0
484350	0
484450	0
484550	0
484650	0
484750	0
484850	0
484950	0
485050	0
485150	0
485250	0
485350	0
485450	0
485550	0
485650	0
485750	0
485850	0
485950	0
486050	0
486150	0
486250	0
486350	0
486450	0
486550	0
486650	0
486750	0
486850	0
486950	0
487050	0
487150	0
487250	0
487350	0
487450	0
487550	0
487650	0
487750	0
487850	0
487950	0
488050	0
488150	0
488250	0
488350	0
488450	0
488550	0
488650	0
488750	0
488850	0
488950	0
489050	0
489150	0
489250	0
489350	0
489450	0
489550	0
489650	0
489750	0
489850	0
489950	0
490050	0
490150	0
490250	0
490350	0
490450	0
490550	0
490650	0
490750	0
490850	0
490950	0
491050	0
491150	0
491250	0
491350	0
491450	0
491550	0
491650	0
491750	0
491850	0
491950	0
492050	0
492150	0
492250	0
492350	0
492450	0
492550	0
492650	0
492750	0
492850	0
492950	0
493050	0
493150	0
493250	0
493350	0
493450	0
493550	0
493650	0
493750	0
493850	0
493950	0
494050	0
494150	0
494250	0
494350	0
494450	0
494550	0
494650	0
494750	0
494850	0
494950	0
495050	0
495150	0
495250	0
495350	0
495450	0
495550	0
495650	0
495750	0
495850	0
495950	0
496050	0
496150	0
496250	0
496350	0
496450	0
496550	0
496650	0
496750	0
496850	0
496950	0
497050	0
497150	0
497250	0
497350	0
497450	0
497550	0
497650	0
497750	0
497850	0
497950	0
498050	0
498150	0
498250	0
498350	0
498450	0
498550	0
498650	0
498750	0
498850	0
498950	0
499050	0
499150	0
499250	0
499350	0
499450	0
499550	0
499650	0
499750	0
499850	0
499950	0
500050	0
500150	0
500250	0
500350	0
500450	0
500550	0
500650	0
500750	0
500850	0
500950	0
501050	0
501150	0
501250	0
501350	0
501450	0
501550	0
501650	0
501750	0
501850	0
501950	0
502050	0
502150	0
502250	0
502350	0
502450	0
502550	0
502650	0
502750	0
502850	0
502950	0
503050	0
503150	0
503250	0
503350	0
503450	0
503550	0
503650	0
503750	0
503850	0
503950	0
504050	0
504150	0
504250	0
504350	0
504450	0
504550	0
504650	0
504750	0
504850	0
504950	0
505050	0
505150	0
505250	0
505350	0
505450	0
505550	0
505650	0
505750	0
505850	0
505950	0
506050	0
506150	0
506250	0
506350	0
506450	0
506550	0
506650	0
506750	0
506850	0
506950	0
507050	0
507150	0
507250	0
507350	0
507450	0
507550	0
507650	0
507750	0
507850	0
507950	0
508050	0
508150	0
508250	0
508350	0
508450	0
508550	0
508650	0
508750	0
508850	0
508950	0
509050	0
509150	0
509250	0
509350	0
509450	0
509550	0
509650	0
509750	0
509850	0
509950	0
510050	0
510150	0
510250	0
510350	0
510450	0
510550	0
510650	0
510750	0
510850	0
510950	0
511050	0
511150	0
511250	0
511350	0
511450	0
511550	0
511650	0
511750	0
511850	0
511950	0
512050	0
512150	0
512250	0
512350	0
512450	0
512550	0
512650	0
512750	0
512850	0
512950	0
513050	0
513150	0
513250	0
513350	0
513450	0
513550	0
513650	0
513750	0
513850	0
513950	0
514050	0
514150	0
514250	0
514350	0
514450	0
514550	0
514650	0
514750	0
514850	0
514950	0
515050	0
515150	0
515250	0
515350	0
515450	0
515550	0
515650	0
515750	0
515850	0
515950	0
516050	0
516150	0
516250	0
516350	0
516450	0
516550	0
516650	0
516750	0
516850	0
516950	0
517050	0
517150	0
517250	0
517350	0
517450	0
517550	0
517650	0
517750	0
517850	0
517950	0
518050	0
518150	0
518250	0
518350	0
518450	0
518550	0
518650	0
518750	0
518850	0
518950	0
519050	0
519150	0
519250	0
519350	0
519450	0
519550	0
519650	0
519750	0
519850	0
519950	0
520050	0
520150	0
520250	0
520350	0
520450	0
520550	0
520650	0
520750	0
520850	0
520950	0
521050	0
521150	0
521250	0
521350	0
521450	0
521550	0
521650	0
521750	0
521850	0
521950	0
522050	0
522150	0
522250	0
522350	0
522450	0
522550	0
522650	0
522750	0
522850	0
522950	0
523050	0
523150	0
523250	0
523350	0
523450	0
523550	0
523650	0
523750	0
523850	0
523950	0
524050	0
524150	0
524250	0
524350	0
524450	0
524550	0
524650	0
524750	0
524850	0
524950	0
525050	0
525150	0
525250	0
525350	0
525450	0
525550	0
525650	0
525750	0
525850	0
525950	0
526050	0
526150	0
526250	0
526350	0
526450	0
526550	0
526650	0
526750	0
526850	0
526950	0
527050	0
527150	0
527250	0
527350	0
527450	0
527550	0
527650	0
527750	0
527850	0
527950	0
528050	0
528150	0
528250	0
528350	0
528450	0
528550	0
528650	0
528750	0
528850	0
528950	0
529050	0
529150	0
529250	0
529350	0
529450	0
529550	0
529650	0
529750	0
529850	0
529950	0
530050	0
530150	0
530250	0
530350	0
530450	0
530550	0
530650	0
530750	0
530850	0
530950	0
531050	0
531150	0
531250	0
531350	0
531450	0
531550	0
531650	0
531750	0
531850	0
531950	0
532050	0
532150	0
532250	0
532350	0
532450	0
532550	0
532650	0
532750	0
532850	0
532950	0
533050	0
533150	0
533250	0
533350	0
533450	0
533550	0
533650	0
533750	0
533850	0
533950	0
534050	0
534150	0
534250	0
534350	0
534450	0
534550	0
534650	0
534750	0
534850	0
534950	0
535050	0
535150	0
535250	0
535350	0
535450	0
535550	0
535650	0
535750	0
535850	0
535950	0
536050	0
536150	0
536250	0
536350	0
536450	0
536550	0
536650	0
536750	0
536850	0
536950	0
537050	0
537150	0
537250	0
537350	0
537450	0
537550	0
537650	0
537750	0
537850	0
537950	0
538050	0
538150	0
538250	0
538350	0
538450	0
538550	0
538650	0
538750	0
538850	0
538950	0
539050	0
539150	0
539250	0
539350	0
539450	0
539550	0
539650	0
539750	0
539850	0
539950	0
540050	0
540150	0
540250	0
540350	0
540450	0
540550	0
540650	0
540750	0
540850	0
540950	0
541050	0
541150	0
541250	0
541350	0
541450	0
541550	0
541650	0
541750	0
541850	0
541950	0
542050	0
542150	0
542250	0
542350	0
542450	0
542550	0
542650	0
542750	0
542850	0
542950	0
543050	0
543150	0
543250	0
543350	0
543450	0
543550	0
543650	0
543750	0
543850	0
543950	0
544050	0
544150	0
544250	0
544350	0
544450	0
544550	0
544650	0
544750	0
544850	0
544950	0
545050	0
545150	0
545250	0
545350	0
545450	0
545550	0
545650	0
545750	0
545850	0
545950	0
546050	0
546150	0
546250	0
546350	0
546450	0
546550	0
546650	0
546750	0
546850	0
546950	0
547050	0
547150	0
547250	0
547350	0
547450	0
547550	0
547650	0
547750	0
547850	0
547950	0
548050	0
548150	0
548250	0
548350	0
548450	0
548550	0
548650	0
548750	0
548850	0
548950	0
549050	0
549150	0
549250	0
549350	0
549450	0
549550	0
549650	0
549750	0
549850	0
549950	0
550050	0
550150	0
550250	0
550350	0
550450	0
550550	0
550650	0
550750	0
550850	0
550950	0
551050	0
551150	0
551250	0
551350	0
551450	0
551550	0
551650	0
551750	0
551850	0
551950	0
552050	0
552150	0
552250	0
552350	0
552450	0
552550	0
552650	0
552750	0
552850	0
552950	0
553050	0
553150	0
553250	0
553350	0
553450	0
553550	0
553650	0
553750	0
553850	0
553950	0
554050	0
554150	0
554250	0
554350	0
554450	0
554550	0
554650	0
554750	0
554850	0
554950	0
555050	0
555150	0
555250	0
555350	0
555450	0
555550	0
555650	0
555750	0
555850	0
555950	0
556050	0
556150	0
556250	0
556350	0
556450	0
556550	0
556650	0
556750	0
556850	0
556950	0
557050	0
557150	0
557250	0
557350	0
557450	0
557550	0
557650	0
557750	0
557850	0
557950	0
558050	0
558150	0
558250	0
558350	0
558450	0
558550	0
558650	0
558750	0
558850	0
558950	0
559050	0
559150	0
559250	0
559350	0
559450	0
559550	0
559650	0
559750	0
559850	0
559950	0
560050	0
560150	0
560250	0
560350	0
560450	0
560550	0
560650	0
560750	0
560850	0
560950	0
561050	0
561150	0
561250	0
561350	0
561450	0
561550	0
561650	0
561750	0
561850	0
561950	0
562050	0
562150	0
562250	0
562350	0
562450	0
562550	0
562650	0
562750	0
562850	0
562950	0
563050	0
563150	0
563250	0
563350	0
563450	0
563550	0
563650	0
563750	0
563850	0
563950	0
564050	0
564150	0
564250	0
564350	0
564450	0
564550	0
564650	0
564750	0
564850	0
564950	0
565050	0
565150	0
565250	0
565350	0
565450	0
565550	0
565650	0
565750	0
565850	0
565950	0
566050	0
566150	0
566250	0
566350	0
566450	0
566550	0
566650	0
566750	0
566850	0
566950	0
567050	0
567150	0
567250	0
567350	0
567450	0
567550	0
567650	0
567750	0
567850	0
567950	0
568050	0
568150	0
568250	0
568350	0
568450	0
568550	0
568650	0
568750	0
568850	0
568950	0
569050	0
569150	0
569250	0
569350	0
569450	0
569550	0
569650	0
569750	0
569850	0
569950	0
570050	0
570150	0
570250	0
570350	0
570450	0
570550	0
570650	0
570750	0
570850	0
570950	0
571050	0
571150	0
571250	0
571350	0
571450	0
571550	0
571650	0
571750	0
571850	0
571950	0
572050	0
572150	0
572250	0
572350	0
572450	0
572550	0
572650	0
572750	0
572850	0
572950	0
573050	0
573150	0
573250	0
573350	0
573450	0
573550	0
573650	0
573750	0
573850	0
573950	0
574050	0
574150	0
574250	0
574350	0
574450	0
574550	0
574650	0
574750	0
574850	0
574950	0
575050	0
575150	0
575250	0
575350	0
575450	0
575550	0
575650	0
575750	0
575850	0
575950	0
576050	0
576150	0
576250	0
576350	0
576450	0
576550	0
576650	0
576750	0
576850	0
576950	0
577050	0
577150	0
577250	0
577350	0
577450	0
577550	0
577650	0
577750	0
577850	0
577950	0
578050	0
578150	0
578250	0
578350	0
578450	0
578550	0
578650	0
578750	0
578850	0
578950	0
579050	0
579150	0
579250	0
579350	0
579450	0
579550	0
579650	0
579750	0
579850	0
579950	0
580050	0
580150	0
580250	0
580350	0
580450	0
580550	0
580650	0
580750	0
580850	0
580950	0
581050	0
581150	0
581250	0
581350	0
581450	0
581550	0
581650	0
581750	0
581850	0
581950	0
582050	0
582150	0
582250	0
582350	0
582450	0
582550	0
582650	0
582750	0
582850	0
582950	0
583050	0
583150	0
583250	0
583350	0
583450	0
583550	0
583650	0
583750	0
583850	0
583950	0
584050	0
584150	0
584250	0
584350	0
584450	0
584550	0
584650	0
584750	0
584850	0
584950	0
585050	0
585150	0
585250	0
585350	0
585450	0
585550	0
585650	0
585750	0
585850	0
585950	0
586050	0
586150	0
586250	0
586350	0
586450	0
586550	0
586650	0
586750	0
586850	0
586950	0
587050	0
587150	0
587250	0
587350	0
587450	0
587550	0
587650	0
587750	0
587850	0
587950	0
588050	0
588150	0
588250	0
588350	0
588450	0
588550	0
588650	0
588750	0
588850	0
588950	0
589050	0
589150	0
589250	0
589350	0
589450	0
589550	0
589650	0
589750	0
589850	0
589950	0
590050	0
590150	0
590250	0
590350	0
590450	0
590550	0
590650	0
590750	0
590850	0
590950	1.4822e-323
591050	7.5098e-322
591150	3.47773e-320
591250	1.59555e-318
591350	7.24738e-317
591450	3.25919e-315
591550	1.45109e-313
591650	6.39643e-312
591750	2.7915e-310
591850	1.20613e-308
591950	5.1595e-307
592050	2.18514e-305
592150	9.16235e-304
592250	3.80357e-302
592350	1.56327e-300
592450	6.36111e-299
592550	2.56265e-297
592650	1.02212e-295
592750	4.0362e-294
592850	1.57797e-292
592950	6.10779e-291
593050	2.34059e-289
593150	8.88022e-288
593250	3.33564e-286
593350	1.24049e-284
593450	4.56732e-283
593550	1.6649e-281
593650	6.00858e-280
593750	2.14691e-278
593850	7.5947e-277
593950	2.6599e-275
594050	9.22312e-274
594150	3.16626e-272
594250	1.07615e-270
594350	3.62123e-269
594450	1.20641e-267
594550	3.97918e-266
594650	1.29941e-264
594750	4.20106e-263
594850	1.34471e-261
594950	4.26141e-260
595050	1.33701e-258
595150	4.15312e-257
595250	1.27724e-255
595350	3.88889e-254
595450	1.17229e-252
595550	3.49868e-251
595650	1.03378e-249
595750	3.0242e-248
595850	8.7589e-247
595950	2.51157e-245
596050	7.13015e-244
596150	2.00405e-242
596250	5.57668e-241
596350	1.53639e-239
596450	4.19065e-238
596550	1.13167e-236
596650	3.02563e-235
596750	8.0088e-234
596850	2.09883e-232
596950	5.44558e-231
597050	1.39884e-229
597150	3.55753e-228
597250	8.95748e-227
597350	2.23296e-225
597450	5.51103e-224
597550	1.34661e-222
597650	3.25767e-221
597750	7.80244e-220
597850	1.85016e-218
597950	4.34358e-217
598050	1.00958e-215
598150	2.32323e-214
598250	5.29299e-213
598350	1.1939e-211
598450	2.66618e-210
598550	5.89479e-209
598650	1.29034e-207
598750	2.79639e-206
598850	5.99997e-205
598950	1.27455e-203
599050	2.68053e-202
599150	5.5814e-201
599250	1.15059e-199
599350	2.34832e-198
599450	4.74516e-197
599550	9.49294e-196
599650	1.88022e-194
599750	3.68699e-193
599850	7.15803e-192
599950	1.37585e-190
600050	2.61822e-189
600150	4.93286e-188
600250	9.20129e-187
600350	1.69924e-185
600450	3.10684e-184
600550	5.62392e-183
600650	1.0079e-181
600750	1.78834e-180
600850	3.14154e-179
600950	5.46376e-178
601050	9.40801e-177
601150	1.60384e-175
601250	2.70695e-174
601350	4.52332e-173
601450	7.48327e-172
601550	1.2257e-170
601650	1.98761e-169
601750	3.19107e-168
601850	5.07222e-167
601950	7.98211e-166
602050	1.24364e-164
602150	1.91835e-163
602250	2.92966e-162
602350	4.42961e-161
602450	6.63086e-160
602550	9.82724e-159
602650	1.44195e-157
602750	2.09472e-156
602850	3.01272e-155
602950	4.28992e-154
603050	6.04778e-153
603150	8.44111e-152
603250	1.16644e-150
603350	1.5958e-149
603450	2.16149e-148
603550	2.89859e-147
603650	3.84836e-146
603750	5.0585e-145
603850	6.58302e-144
603950	8.48175e-143
604050	1.08194e-141
604150	1.3664e-140
604250	1.70848e-139
604350	2.11494e-138
604450	2.59205e-137
604550	3.14519e-136
604650	3.77839e-135
604750	4.4939e-134
604850	5.29172e-133
604950	6.16919e-132
605050	7.12059e-131
605150	8.13694e-130
605250	9.20584e-129
605350	1.03115e-127
605450	1.14351e-126
605550	1.25549e-125
605650	1.36472e-124
605750	1.46869e-123
605850	1.56486e-122
605950	1.65073e-121
606050	1.72399e-120
606150	1.78258e-119
606250	1.82483e-118
606350	1.84949e-117
606450	1.85584e-116
606550	1.84367e-115
606650	1.81336e-114
606750	1.7658e-113
606850	1.70238e-112
606950	1.62491e-111
607050	1.53553e-110
607150	1.43663e-109
607250	1.33072e-108
607350	1.22036e-107
607450	1.10801e-106
607550	9.96001e-106
607650	8.86403e-105
607750	7.81016e-104
607850	6.81311e-103
607950	5.88421e-102
608050	5.03139e-101
608150	4.25936e-100
608250	3.56992e-99
608350	2.9623e-98
608450	2.43364e-97
608550	1.97944e-96
608650	1.59398e-95
608750	1.27082e-94
608850	1.00309e-93
608950	7.83885e-93
609050	6.06489e-92
609150	4.64569e-91
609250	3.52318e-90
609350	2.64531e-89
609450	1.96641e-88
609550	1.4472e-87
609650	1.05449e-86
609750	7.60698e-86
609850	5.43299e-85
609950	3.84169e-84
610050	2.68945e-83
610150	1.86407e-82
610250	1.27913e-81
610350	8.69017e-81
610450	5.84517e-80
610550	3.89245e-79
610650	2.56629e-78
610750	1.67512e-77
610850	1.08254e-76
610950	6.92625e-76
611050	4.38742e-75
611150	2.75155e-74
611250	1.70845e-73
611350	1.05023e-72
611450	6.39183e-72
611550	3.85143e-71
611650	2.29761e-70
611750	1.35702e-69
611850	7.93513e-69
611950	4.59387e-68
612050	2.63306e-67
612150	1.49417e-66
612250	8.39452e-66
612350	4.66927e-65
612450	2.57134e-64
612550	1.40193e-63
612650	7.56747e-63
612750	4.04419e-62
612850	2.13978e-61
612950	1.1209e-60
613050	5.81324e-60
613150	2.98488e-59
613250	1.51738e-58
613350	7.63691e-58
613450	3.80538e-57
613550	1.87731e-56
613650	9.16919e-56
613750	4.43387e-55
613850	2.12271e-54
613950	1.00614e-53
614050	4.72151e-53
614150	2.19362e-52
614250	1.00902e-51
614350	4.59507e-51
614450	2.07178e-50
614550	9.24807e-50
614650	4.08711e-49
614750	1.78829e-48
614850	7.74673e-48
614950	3.32242e-47
615050	1.41075e-46
615150	5.93061e-46
615250	2.46835e-45
615350	1.01712e-44
615450	4.14948e-44
615550	1.67599e-43
615650	6.70206e-43
615750	2.65339e-42
615850	1.04004e-41
615950	4.03606e-41
616050	1.55068e-40
616150	5.89852e-40
616250	2.22137e-39
616350	8.28241e-39
616450	3.05738e-38
616550	1.11737e-37
616650	4.04301e-37
616750	1.44833e-36
616850	5.13676e-36
616950	1.80371e-35
617050	6.27049e-35
617150	2.15821e-34
617250	7.35431e-34
617350	2.48112e-33
617450	8.28725e-33
617550	2.7405e-32
617650	8.97237e-32
617750	2.90832e-31
617850	9.33324e-31
617950	2.96538e-30
618050	9.32794e-30
618150	2.90501e-29
618250	8.9571e-29
618350	2.73429e-28
618450	8.26375e-28
618550	2.47268e-27
618650	7.32513e-27
618750	2.14842e-26
618850	6.23852e-26
618950	1.7935e-25
619050	5.10477e-25
619150	1.4385e-24
619250	4.01327e-24
619350	1.10853e-23
619450	3.03144e-23
619550	8.2075e-23
619650	2.20003e-22
619750	5.83854e-22
619850	1.53404e-21
619950	3.99048e-21
620050	1.02771e-20
620150	2.62045e-20
620250	6.61509e-20
620350	1.65331e-19
620450	4.09098e-19
620550	1.00221e-18
620650	2.43079e-18
620750	5.83705e-18
620850	1.3877e-17
620950	3.2663e-17
621050	7.61155e-17
621150	1.75609e-16
621250	4.01123e-16
621350	9.07122e-16
621450	2.031e-15
621550	4.50208e-15
621650	9.88035e-15
621750	2.14678e-14
621850	4.61808e-14
621950	9.8354e-14
622050	2.07386e-13
622150	4.32936e-13
622250	8.94799e-13
622350	1.83098e-12
622450	3.70937e-12
622550	7.43999e-12
622650	1.47741e-11
622750	2.90462e-11
622850	5.6537e-11
622950	1.08952e-10
623050	2.0787e-10
623150	3.92651e-10
623250	7.34309e-10
623350	1.35959e-09
623450	2.49227e-09
623550	4.52311e-09
623650	8.12714e-09
623750	1.44576e-08
623850	2.5463e-08
623950	4.43998e-08
624050	7.66495e-08
624150	1.31007e-07
624250	2.21686e-07
624350	3.71396e-07
624450	6.16019e-07
624550	1.0116e-06
624650	1.64467e-06
624750	2.64732e-06
624850	4.21883e-06
624950	6.65631e-06
625050	1.03976e-05
625150	1.60801e-05
625250	2.46208e-05
625350	3.73226e-05
625450	5.60144e-05
625550	8.32308e-05
625650	0.000122441
625750	0.00017833
625850	0.000257146
625950	0.000367106
626050	0.000518874
626150	0.000726086
626250	0.00100594
626350	0.00137979
626450	0.00187375
626550	0.00251922
626650	0.00335334
626750	0.00441923
626850	0.00576597
626950	0.00744828
627050	0.00952568
627150	0.0120613
627250	0.0151198
627350	0.0187654
627450	0.0230583
627550	0.0280513
627650	0.0337859
627750	0.0402879
627850	0.0475632
627950	0.0555936
628050	0.0643333
628150	0.0737061
628250	0.0836043
628350	0.093888
628450	0.104388
628550	0.114907
628650	0.125227
628750	0.135117
628850	0.144336
628950	0.152651
629050	0.159838
629150	0.165699
629250	0.170065
629350	0.172809
629450	0.173851
629550	0.173158
629650	0.170752
629750	0.166705
629850	0.161133
629950	0.154198
630050	0.146094
630150	0.137038
630250	0.127264
630350	0.117012
630450	0.106515
630550	0.0959946
630650	0.0856527
630750	0.0756645
630850	0.066176
630950	0.0573015
631050	0.0491234
631150	0.0416934
631250	0.0350352
631350	0.0291473
631450	0.0240076
631550	0.0195774
631650	0.015806
631750	0.012634
631850	0.00999819
631950	0.00783353
632050	0.00607645
632150	0.0046666
632250	0.00354819
632350	0.00267098
632450	0.00199064
632550	0.00146883
632650	0.00107302
632750	0.000776065
632850	0.000555709
632950	0.000393962
633050	0.000276514
633150	0.000192149
633250	0.000132195
633350	9.00431e-05
633450	6.07214e-05
633550	4.05407e-05
633650	2.67976e-05
633750	1.75372e-05
633850	1.13626e-05
633950	7.28881e-06
634050	4.62904e-06
634150	2.91059e-06
634250	1.81188e-06
634350	1.1167e-06
634450	6.81392e-07
634550	4.11639e-07
634650	2.46203e-07
634750	1.4579e-07
634850	8.54706e-08
634950	4.96094e-08
635050	2.85081e-08
635150	1.62192e-08
635250	9.13586e-09
635350	5.09478e-09
635450	2.81292e-09
635550	1.53762e-09
635650	8.32137e-10
635750	4.4586e-10
635850	2.36516e-10
635950	1.24216e-10
636050	6.45882e-11
636150	3.32495e-11
636250	1.69463e-11
636350	8.55107e-12
636450	4.27193e-12
636550	2.11293e-12
636650	1.03467e-12
636750	5.01622e-13
636850	2.40773e-13
636950	1.14419e-13
637050	5.38322e-14
637150	2.50752e-14
637250	1.15639e-14
637350	5.27985e-15
637450	2.38669e-15
637550	1.06814e-15
637650	4.73276e-16
637750	2.07616e-16
637850	9.017e-17
637950	3.87723e-17
638050	1.65058e-17
638150	6.95682e-18
638250	2.90296e-18
638350	1.1993e-18
638450	4.90538e-19
638550	1.98644e-19
638650	7.96403e-20
638750	3.16118e-20
638850	1.24229e-20
638950	4.83338e-21
639050	1.86182e-21
639150	7.10038e-22
639250	2.68091e-22
639350	1.00217e-22
639450	3.70899e-23
639550	1.35903e-23
639650	4.93011e-24
639750	1.77069e-24
639850	6.29631e-25
639950	2.2166e-25
640050	7.72581e-26
640150	2.66599e-26
640250	9.10814e-27
640350	3.08076e-27
640450	1.03168e-27
640550	3.42048e-28
640650	1.12276e-28
640750	3.64874e-29
640850	1.17397e-29
640950	3.73962e-30
641050	1.17938e-30
641150	3.68248e-31
641250	1.13837e-31
641350	3.48403e-32
641450	1.05569e-32
641550	3.16702e-33
641650	9.40635e-34
641750	2.76598e-34
641850	8.05254e-35
641950	2.32099e-35
642050	6.62327e-36
642150	1.87123e-36
642250	5.23408e-37
642350	1.44947e-37
642450	3.97408e-38
642550	1.07875e-38
642650	2.89909e-39
642750	7.71364e-40
642850	2.03196e-40
642950	5.29939e-41
643050	1.36834e-41
643150	3.49801e-42
643250	8.85328e-43
643350	2.21842e-43
643450	5.50354e-44
643550	1.35175e-44
643650	3.28706e-45
643750	7.91363e-46
643850	1.88626e-46
643950	4.45127e-47
644050	1.03998e-47
644150	2.40558e-48
644250	5.50901e-49
644350	1.24906e-49
644450	2.80383e-50
644550	6.23127e-51
644650	1.37107e-51
644750	2.98674e-52
644850	6.4416e-53
644950	1.37546e-53
645050	2.90775e-54
645150	6.08589e-55
645250	1.2611e-55
645350	2.5872e-56
645450	5.25494e-57
645550	1.05673e-57
645650	2.10385e-58
645750	4.14692e-59
645850	8.09267e-60
645950	1.56356e-60
646050	2.99086e-61
646150	5.66414e-62
646250	1.06201e-62
646350	1.97143e-63
646450	3.62317e-64
646550	6.59258e-65
646650	1.18762e-65
646750	2.11816e-66
646850	3.7402e-67
646950	6.53867e-68
647050	1.13172e-68
647150	1.93932e-69
647250	3.29014e-70
647350	5.52633e-71
647450	9.19001e-72
647550	1.51305e-72
647650	2.4663e-73
647750	3.98013e-74
647850	6.35923e-75
647950	1.00593e-75
648050	1.5754e-76
648150	2.4427e-77
648250	3.74978e-78
648350	5.699e-79
648450	8.57528e-80
648550	1.27748e-80
648650	1.88417e-81
648750	2.75132e-82
648850	3.97758e-83
648950	5.69317e-84
649050	8.06764e-85
649150	1.13187e-85
649250	1.57218e-86
649350	2.16205e-87
649450	2.94365e-88
649550	3.96793e-89
649650	5.2954e-90
649750	6.99665e-91
649850	9.15249e-92
649950	1.18535e-92
650050	1.51987e-93
650150	1.92942e-94
650250	2.42496e-95
650350	3.01744e-96
650450	3.71732e-97
650550	4.53396e-98
650650	5.47499e-99
650750	6.54554e-100
650850	7.74756e-101
650950	9.07906e-102
651050	1.05335e-102
651150	1.20994e-103
651250	1.37598e-104
651350	1.54923e-105
651450	1.72695e-106
651550	1.90589e-107
651650	2.08244e-108
651750	2.25271e-109
651850	2.41266e-110
651950	2.55825e-111
652050	2.68563e-112
652150	2.79131e-113
652250	2.87227e-114
652350	2.92618e-115
652450	2.95143e-116
652550	2.94729e-117
652650	2.91386e-118
652750	2.85215e-119
652850	2.76396e-120
652950	2.65186e-121
653050	2.51898e-122
653150	2.36895e-123
653250	2.20569e-124
653350	2.03325e-125
653450	1.85564e-126
653550	1.67669e-127
653650	1.49993e-128
653750	1.32845e-129
653850	1.16486e-130
653950	1.01126e-131
654050	8.69176e-133
654150	7.39622e-134
654250	6.23116e-135
654350	5.19739e-136
654450	4.29199e-137
654550	3.50905e-138
654650	2.84038e-139
654750	2.27625e-140
654850	1.80602e-141
654950	1.41867e-142
655050	1.10331e-143
655150	8.49512e-145
655250	6.47588e-146
655350	4.88749e-147
655450	3.65199e-148
655550	2.70166e-149
655650	1.97874e-150
655750	1.43484e-151
655850	1.03009e-152
655950	7.32158e-154
656050	5.15218e-155
656150	3.5895e-156
656250	2.47591e-157
656350	1.6908e-158
656450	1.14316e-159
656550	7.65205e-161
656650	5.07115e-162
656750	3.3273e-163
656850	2.1614e-164
656950	1.39006e-165
657050	8.85097e-167
657150	5.57962e-168
657250	3.48237e-169
657350	2.15181e-170
657450	1.3164e-171
657550	7.97316e-173
657650	4.78112e-174
657750	2.83848e-175
657850	1.66839e-176
657950	9.70887e-178
658050	5.59366e-179
658150	3.19066e-180
658250	1.80186e-181
658350	1.00744e-182
658450	5.57668e-184
658550	3.05625e-185
658650	1.65828e-186
658750	8.90809e-188
658850	4.73771e-189
658950	2.49465e-190
659050	1.30049e-191
659150	6.71215e-193
659250	3.42984e-194
659350	1.73517e-195
659450	8.69098e-197
659550	4.30975e-198
659650	2.11589e-199
659750	1.02846e-200
659850	4.9493e-202
659950	2.35806e-203
660050	1.1123e-204
660150	5.19456e-206
660250	2.40177e-207
660350	1.09944e-208
660450	4.98273e-210
660550	2.23574e-211
660650	9.93189e-213
660750	4.36817e-214
660850	1.90206e-215
660950	8.19986e-217
661050	3.49982e-218
661150	1.47891e-219
661250	6.1872e-221
661350	2.56274e-222
661450	1.05092e-223
661550	4.26674e-225
661650	1.71505e-226
661750	6.8252e-228
661850	2.68912e-229
661950	1.04897e-230
662050	4.0511e-232
662150	1.54896e-233
662250	5.86358e-235
662350	2.19757e-236
662450	8.1542e-238
662550	2.99555e-239
662650	1.0895e-240
662750	3.92317e-242
662850	1.39863e-243
662950	4.93657e-245
663050	1.72507e-246
663150	5.96819e-248
663250	2.04426e-249
663350	6.93248e-251
663450	2.331e-252
663550	1.81868e-253
663650	3.12275e-252
663750	9.22376e-251
663850	2.69954e-249
663950	7.82219e-248
664050	2.24401e-246
664150	6.37349e-245
664250	1.7922e-243
664350	4.98947e-242
664450	1.37524e-240
664550	3.75284e-239
664650	1.01391e-237
664750	2.71203e-236
664850	7.18202e-235
664950	1.88302e-233
665050	4.8879e-232
665150	1.25616e-230
665250	3.19615e-229
665350	8.05127e-228
665450	2.00798e-226
665550	4.95805e-225
665650	1.21205e-223
665750	2.9335e-222
665850	7.02925e-221
665950	1.66759e-219
666050	3.91675e-218
666150	9.10794e-217
666250	2.09687e-215
666350	4.77947e-214
666450	1.07856e-212
666550	2.40973e-211
666650	5.33024e-210
666750	1.1673e-208
666850	2.53091e-207
666950	5.43285e-206
667050	1.15461e-204
667150	2.42941e-203
667250	5.06083e-202
667350	1.04376e-200
667450	2.13126e-199
667550	4.30853e-198
667650	8.62342e-197
667750	1.70878e-195
667850	3.35236e-194
667950	6.51136e-193
668050	1.25213e-191
668150	2.38389e-190
668250	4.49343e-189
668350	8.38546e-188
668450	1.54929e-186
668550	2.83398e-185
668650	5.13237e-184
668750	9.20228e-183
668850	1.63354e-181
668950	2.87092e-180
669050	4.9954e-179
669150	8.6055e-178
669250	1.46771e-176
669350	2.47833e-175
669450	4.1432e-174
669550	6.85757e-173
669650	1.12373e-171
669750	1.8231e-170
669850	2.92829e-169
669950	4.65668e-168
670050	7.33156e-167
670150	1.14281e-165
670250	1.76362e-164
670350	2.69461e-163
670450	4.07609e-162
670550	6.10448e-161
670650	9.05129e-160
670750	1.32871e-158
670850	1.9311e-157
670950	2.77867e-156
671050	3.95847e-155
671150	5.58309e-154
671250	7.79612e-153
671350	1.0778e-151
671450	1.47522e-150
671550	1.99909e-149
671650	2.68204e-148
671750	3.56249e-147
671850	4.6849e-146
671950	6.09964e-145
672050	7.86257e-144
672150	1.00342e-142
672250	1.26782e-141
672350	1.58594e-140
672450	1.96416e-139
672550	2.40836e-138
672650	2.92365e-137
672750	3.51386e-136
672850	4.18121e-135
672950	4.92579e-134
673050	5.74522e-133
673150	6.63429e-132
673250	7.58472e-131
673350	8.58503e-130
673450	9.62058e-129
673550	1.06738e-127
673650	1.17244e-126
673750	1.27503e-125
673850	1.3728e-124
673950	1.46337e-123
674050	1.54438e-122
674150	1.61366e-121
674250	1.66928e-120
674350	1.70963e-119
674450	1.73353e-118
674550	1.74028e-117
674650	1.72966e-116
674750	1.70201e-115
674850	1.65814e-114
674950	1.59932e-113
675050	1.52724e-112
675150	1.4439e-111
675250	1.35152e-110
675350	1.25247e-109
675450	1.14912e-108
675550	1.04382e-107
675650	9.38725e-107
675750	8.35815e-106
675850	7.36781e-105
675950	6.43019e-104
676050	5.55606e-103
676150	4.75299e-102
676250	4.02553e-101
676350	3.37549e-100
676450	2.80226e-99
676550	2.30322e-98
676650	1.87422e-97
676750	1.50995e-96
676850	1.20438e-95
676950	9.51082e-95
677050	7.43586e-94
677150	5.75574e-93
677250	4.41092e-92
677350	3.34667e-91
677450	2.51394e-90
677550	1.86962e-89
677650	1.3766e-88
677750	1.00351e-87
677850	7.24254e-87
677950	5.17508e-86
678050	3.66101e-85
678150	2.56414e-84
678250	1.77803e-83
678350	1.22066e-82
678450	8.29672e-82
678550	5.5831e-81
678650	3.71965e-80
678750	2.45349e-79
678850	1.60223e-78
678950	1.03591e-77
679050	6.63096e-77
679150	4.20231e-76
679250	2.63667e-75
679350	1.63788e-74
679450	1.00731e-73
679550	6.13344e-73
679650	3.69743e-72
679750	2.20676e-71
679850	1.30396e-70
679950	7.62839e-70
680050	4.41832e-69
680150	2.53361e-68
680250	1.4384e-67
680350	8.0849e-67
680450	4.49912e-66
680550	2.47878e-65
680650	1.35209e-64
680750	7.30178e-64
680850	3.904e-63
680950	2.06656e-62
681050	1.08304e-61
681150	5.61948e-61
681250	2.88673e-60
681350	1.46816e-59
681450	7.39258e-59
681550	3.68533e-58
681650	1.81892e-57
681750	8.88811e-57
681850	4.29993e-56
681950	2.05954e-55
682050	9.76643e-55
682150	4.58521e-54
682250	2.13127e-53
682350	9.8079e-53
682450	4.46859e-52
682550	2.01568e-51
682650	9.00181e-51
682750	3.98011e-50
682850	1.74228e-49
682950	7.55087e-49
683050	3.23991e-48
683150	1.37634e-47
683250	5.78866e-47
683350	2.41038e-46
683450	9.93688e-46
683550	4.05576e-45
683650	1.63889e-44
683750	6.55672e-44
683850	2.59705e-43
683950	1.01843e-42
684050	3.954e-42
684150	1.51985e-41
684250	5.78391e-41
684350	2.17921e-40
684450	8.12897e-40
684550	3.00212e-39
684650	1.09768e-38
684750	3.97359e-38
684850	1.42412e-37
684950	5.05321e-37
685050	1.77519e-36
685150	6.17419e-36
685250	2.12604e-35
685350	7.24803e-35
685450	2.44639e-34
685550	8.17502e-34
685650	2.70464e-33
685750	8.85902e-33
685850	2.8729e-32
685950	9.22382e-32
686050	2.93197e-31
686150	9.22708e-31
686250	2.87493e-30
686350	8.86841e-30
686450	2.70846e-29
686550	8.18947e-29
686650	2.45158e-28
686750	7.26597e-28
686850	2.13206e-27
686950	6.19384e-27
687050	1.78147e-26
687150	5.07288e-26
687250	1.43017e-25
687350	3.99188e-25
687450	1.10312e-24
687550	3.01806e-24
687650	8.17503e-24
687750	2.19234e-23
687850	5.8208e-23
687950	1.53008e-22
688050	3.98202e-22
688150	1.02601e-21
688250	2.6173e-21
688350	6.61019e-21
688450	1.65284e-20
688550	4.09172e-20
688650	1.00285e-19
688750	2.43347e-19
688850	5.84618e-19
688950	1.39051e-18
689050	3.27442e-18
689150	7.63399e-18
689250	1.76208e-17
689350	4.02677e-17
689450	9.11054e-17
689550	2.04075e-16
689650	4.52576e-16
689750	9.9369e-16
689850	2.16007e-15
689950	4.64879e-15
690050	9.90537e-15
690150	2.08958e-14
690250	4.36418e-14
690350	9.0241e-14
690450	1.84741e-13
690550	3.74437e-13
690650	7.51365e-13
690750	1.49273e-12
690850	2.93608e-12
690950	5.71757e-12
691050	1.10233e-11
691150	2.10412e-11
691250	3.97636e-11
691350	7.43973e-11
691450	1.37812e-10
691550	2.52739e-10
691650	4.58898e-10
691750	8.24928e-10
691850	1.46816e-09
691950	2.58695e-09
692050	4.51294e-09
692150	7.7945e-09
692250	1.33283e-08
692350	2.2564e-08
692450	3.78195e-08
692550	6.27585e-08
692650	1.03107e-07
692750	1.67709e-07
692850	2.70076e-07
692950	4.30596e-07
693050	6.79692e-07
693150	1.06221e-06
693250	1.64349e-06
693350	2.51756e-06
693450	3.81813e-06
693550	5.73295e-06
693650	8.52241e-06
693750	1.25431e-05
693850	1.82769e-05
693950	2.63668e-05
694050	3.76591e-05
694150	5.32525e-05
694250	7.45533e-05
694350	0.000103336
694450	0.000141805
694550	0.000192659
694650	0.000259146
694750	0.000345109
694850	0.000455014
694950	0.000593952
695050	0.000767599
695150	0.000982142
695250	0.00124415
695350	0.00156036
695450	0.00193748
695550	0.0023818
695650	0.00289889
695750	0.00349312
695850	0.00416728
695950	0.00492209
696050	0.00575577
696150	0.00666368
696250	0.00763804
696350	0.00866776
696450	0.00973842
696550	0.0108325
696650	0.0119295
696750	0.013007
696850	0.0140406
696950	0.0150056
697050	0.0158774
697150	0.0166326
697250	0.0172503
697350	0.017713
697450	0.0180072
697550	0.018124
697650	0.0180602
697750	0.0178174
697850	0.0174031
697950	0.0168292
698050	0.0161123
698150	0.0152725
698250	0.0143324
698350	0.0133163
698450	0.0122492
698550	0.0111555
698650	0.0100583
698750	0.00897882
698850	0.00793543
698950	0.00694351
699050	0.00601512
699150	0.00515901
699250	0.00438073
699350	0.00368284
699450	0.00306532
699550	0.00252596
699650	0.00206079
699750	0.00166456
699850	0.00133113
699950	0.0010539
700050	0.000826106
700150	0.000641104
700250	0.000492582
700350	0.000374702
700450	0.000282195
700550	0.000210412
700650	0.000155328
700750	0.000113523
700850	8.21442e-05
700950	5.88472e-05
701050	4.17381e-05
701150	2.93087e-05
701250	2.03759e-05
701350	1.40247e-05
701450	9.55716e-06
701550	6.44793e-06
701650	4.30694e-06
701750	2.84823e-06
701850	1.86482e-06
701950	1.20881e-06
702050	7.75773e-07
702150	4.92911e-07
702250	3.1007e-07
702350	1.93111e-07
702450	1.19073e-07
702550	7.26902e-08
