1.24086e+06	3.49694e-08
1.24096e+06	5.73672e-08
1.24106e+06	9.31744e-08
1.24116e+06	1.49826e-07
1.24126e+06	2.38525e-07
1.24136e+06	3.75956e-07
1.24146e+06	5.86676e-07
1.24156e+06	9.06393e-07
1.24166e+06	1.38641e-06
1.24176e+06	2.09954e-06
1.24186e+06	3.14784e-06
1.24196e+06	4.67261e-06
1.24206e+06	6.86693e-06
1.24216e+06	9.99133e-06
1.24226e+06	1.43926e-05
1.24236e+06	2.05265e-05
1.24246e+06	2.89832e-05
1.24256e+06	4.05168e-05
1.24266e+06	5.60765e-05
1.24276e+06	7.68394e-05
1.24286e+06	0.000104242
1.24296e+06	0.000140011
1.24306e+06	0.000186181
1.24316e+06	0.000245113
1.24326e+06	0.000319487
1.24336e+06	0.000412286
1.24346e+06	0.000526745
1.24356e+06	0.000666285
1.24366e+06	0.000834404
1.24376e+06	0.00103455
1.24386e+06	0.00126993
1.24396e+06	0.00154336
1.24406e+06	0.001857
1.24416e+06	0.00221214
1.24426e+06	0.00260899
1.24436e+06	0.0030464
1.24446e+06	0.00352176
1.24456e+06	0.00403079
1.24466e+06	0.00456748
1.24476e+06	0.00512414
1.24486e+06	0.00569143
1.24496e+06	0.00625864
1.24506e+06	0.00681388
1.24516e+06	0.00734458
1.24526e+06	0.00783783
1.24536e+06	0.00828099
1.24546e+06	0.00866214
1.24556e+06	0.00897069
1.24566e+06	0.00919778
1.24576e+06	0.00933679
1.24586e+06	0.00938359
1.24596e+06	0.00933679
1.24606e+06	0.00919778
1.24616e+06	0.00897069
1.24626e+06	0.00866214
1.24636e+06	0.00828099
1.24646e+06	0.00783783
1.24656e+06	0.00734458
1.24666e+06	0.00681388
1.24676e+06	0.00625864
1.24686e+06	0.00569143
1.24696e+06	0.00512414
1.24706e+06	0.00456748
1.24716e+06	0.00403079
1.24726e+06	0.00352176
1.24736e+06	0.0030464
1.24746e+06	0.00260899
1.24756e+06	0.00221214
1.24766e+06	0.001857
1.24776e+06	0.00154336
1.24786e+06	0.00126993
1.24796e+06	0.00103455
1.24806e+06	0.000834404
1.24816e+06	0.000666285
1.24826e+06	0.000526745
1.24836e+06	0.000412286
1.24846e+06	0.000319487
1.24856e+06	0.000245113
1.24866e+06	0.000186181
1.24876e+06	0.000140011
1.24886e+06	0.000104242
1.24896e+06	7.68394e-05
1.24906e+06	5.60765e-05
1.24916e+06	4.05168e-05
1.24926e+06	2.89832e-05
1.24936e+06	2.05265e-05
1.24946e+06	1.43926e-05
1.24956e+06	9.99133e-06
1.24966e+06	6.86693e-06
1.24976e+06	4.67261e-06
1.24986e+06	3.14784e-06
1.24996e+06	2.09954e-06
1.25006e+06	1.38641e-06
1.25016e+06	9.06393e-07
1.25026e+06	5.86676e-07
1.25036e+06	3.75956e-07
1.25046e+06	2.38525e-07
1.25056e+06	1.49826e-07
1.25066e+06	9.31744e-08
1.25076e+06	5.73672e-08
1.25086e+06	3.49694e-08
1.25096e+06	2.11042e-08
1.25106e+06	1.26098e-08
1.25116e+06	7.45938e-09
1.25126e+06	4.36874e-09
1.25136e+06	2.53318e-09
1.25146e+06	1.45424e-09
1.25156e+06	8.26559e-10
1.25166e+06	4.65166e-10
1.25176e+06	2.59269e-10
1.25186e+06	1.4326e-10
1.25196e+06	7.8767e-11
1.25206e+06	4.36936e-11
1.25216e+06	2.5657e-11
1.25226e+06	1.81947e-11
1.25236e+06	1.877e-11
1.25246e+06	2.80686e-11
1.25256e+06	5.04541e-11
1.25266e+06	9.5807e-11
1.25276e+06	1.83435e-10
1.25286e+06	3.49412e-10
1.25296e+06	6.59793e-10
1.25306e+06	1.2339e-09
1.25316e+06	2.2848e-09
1.25326e+06	4.18873e-09
1.25336e+06	7.60285e-09
1.25346e+06	1.36624e-08
1.25356e+06	2.43073e-08
1.25366e+06	4.28158e-08
1.25376e+06	7.46667e-08
1.25386e+06	1.28916e-07
1.25396e+06	2.20366e-07
1.25406e+06	3.7294e-07
1.25416e+06	6.24872e-07
1.25426e+06	1.03657e-06
1.25436e+06	1.70241e-06
1.25446e+06	2.76814e-06
1.25456e+06	4.45623e-06
1.25466e+06	7.10239e-06
1.25476e+06	1.12072e-05
1.25486e+06	1.75085e-05
1.25496e+06	2.70805e-05
1.25506e+06	4.14689e-05
1.25516e+06	6.28701e-05
1.25526e+06	9.43677e-05
1.25536e+06	0.000140236
1.25546e+06	0.000206325
1.25556e+06	0.000300541
1.25566e+06	0.000433422
1.25576e+06	0.000618835
1.25586e+06	0.000874775
1.25596e+06	0.00122426
1.25606e+06	0.00169633
1.25616e+06	0.00232704
1.25626e+06	0.00316048
1.25636e+06	0.00424971
1.25646e+06	0.00565749
1.25656e+06	0.00745666
1.25666e+06	0.00973021
1.25676e+06	0.0125706
1.25686e+06	0.0160786
1.25696e+06	0.020361
1.25706e+06	0.0255273
1.25716e+06	0.031686
1.25726e+06	0.0389393
1.25736e+06	0.0473767
1.25746e+06	0.0570689
1.25756e+06	0.0680598
1.25766e+06	0.0803599
1.25776e+06	0.0939388
1.25786e+06	0.10872
1.25796e+06	0.124574
1.25806e+06	0.14132
1.25816e+06	0.158722
1.25826e+06	0.176493
1.25836e+06	0.194302
1.25846e+06	0.211778
1.25856e+06	0.22853
1.25866e+06	0.244153
1.25876e+06	0.258249
1.25886e+06	0.27044
1.25896e+06	0.280389
1.25906e+06	0.287812
1.25916e+06	0.292491
1.25926e+06	0.294289
1.25936e+06	0.293152
1.25946e+06	0.289113
1.25956e+06	0.282293
1.25966e+06	0.272892
1.25976e+06	0.261178
1.25986e+06	0.24748
1.25996e+06	0.232167
1.26006e+06	0.215635
1.26016e+06	0.198287
1.26026e+06	0.18052
1.26036e+06	0.16271
1.26046e+06	0.145198
1.26056e+06	0.128281
1.26066e+06	0.112208
1.26076e+06	0.097172
1.26086e+06	0.0833135
1.26096e+06	0.0707207
1.26106e+06	0.059434
1.26116e+06	0.0494516
1.26126e+06	0.0407364
1.26136e+06	0.0332233
1.26146e+06	0.0268262
1.26156e+06	0.0214453
1.26166e+06	0.0169732
1.26176e+06	0.0133
1.26186e+06	0.010318
1.26196e+06	0.00792497
1.26206e+06	0.00602638
1.26216e+06	0.00453704
1.26226e+06	0.00338178
1.26236e+06	0.0024956
1.26246e+06	0.00182332
1.26256e+06	0.00131888
1.26266e+06	0.000944513
1.26276e+06	0.000669679
1.26286e+06	0.000470091
1.26296e+06	0.000326704
1.26306e+06	0.000224793
1.26316e+06	0.000153133
1.26326e+06	0.000103279
1.26336e+06	6.89627e-05
1.26346e+06	4.55903e-05
1.26356e+06	2.98392e-05
1.26366e+06	1.93357e-05
1.26376e+06	1.24048e-05
1.26386e+06	7.87912e-06
1.26396e+06	4.95485e-06
1.26406e+06	3.08502e-06
1.26416e+06	1.90195e-06
1.26426e+06	1.16135e-06
1.26436e+06	7.02871e-07
1.26446e+06	4.22573e-07
1.26456e+06	2.54017e-07
1.26466e+06	1.55495e-07
1.26476e+06	1.01591e-07
1.26486e+06	7.77538e-08
1.26496e+06	7.70305e-08
1.26506e+06	9.83514e-08
1.26516e+06	1.46051e-07
1.26526e+06	2.30478e-07
1.26536e+06	3.6971e-07
1.26546e+06	5.92573e-07
1.26556e+06	9.43276e-07
1.26566e+06	1.48817e-06
1.26576e+06	2.32528e-06
1.26586e+06	3.59756e-06
1.26596e+06	5.51081e-06
1.26606e+06	8.35768e-06
1.26616e+06	1.25492e-05
1.26626e+06	1.86553e-05
1.26636e+06	2.74566e-05
1.26646e+06	4.00083e-05
1.26656e+06	5.77177e-05
1.26666e+06	8.24378e-05
1.26676e+06	0.000116574
1.26686e+06	0.000163205
1.26696e+06	0.000226216
1.26706e+06	0.000310436
1.26716e+06	0.000421773
1.26726e+06	0.000567341
1.26736e+06	0.00075556
1.26746e+06	0.000996216
1.26756e+06	0.00130047
1.26766e+06	0.00168076
1.26776e+06	0.00215068
1.26786e+06	0.00272464
1.26796e+06	0.00341751
1.26806e+06	0.00424404
1.26816e+06	0.00521822
1.26826e+06	0.00635245
1.26836e+06	0.0076567
1.26846e+06	0.00913759
1.26856e+06	0.0107974
1.26866e+06	0.0126333
1.26876e+06	0.0146364
1.26886e+06	0.0167917
1.26896e+06	0.0190775
1.26906e+06	0.0214654
1.26916e+06	0.0239215
1.26926e+06	0.0264067
1.26936e+06	0.0288788
1.26946e+06	0.0312936
1.26956e+06	0.0336077
1.26966e+06	0.0357806
1.26976e+06	0.0377772
1.26986e+06	0.0395703
1.26996e+06	0.0411425
1.27006e+06	0.0424883
1.27016e+06	0.0436149
1.27026e+06	0.0445431
1.27036e+06	0.0453063
1.27046e+06	0.0459499
1.27056e+06	0.046529
1.27066e+06	0.0471055
1.27076e+06	0.0477446
1.27086e+06	0.0485112
1.27096e+06	0.0494653
1.27106e+06	0.0506578
1.27116e+06	0.0521272
1.27126e+06	0.0538954
1.27136e+06	0.0559657
1.27146e+06	0.0583211
1.27156e+06	0.0609238
1.27166e+06	0.0637162
1.27176e+06	0.0666225
1.27186e+06	0.0695528
1.27196e+06	0.0724065
1.27206e+06	0.075078
1.27216e+06	0.0774619
1.27226e+06	0.0794592
1.27236e+06	0.080983
1.27246e+06	0.0819638
1.27256e+06	0.0823539
1.27266e+06	0.0821315
1.27276e+06	0.0813033
1.27286e+06	0.0799053
1.27296e+06	0.0780034
1.27306e+06	0.075692
1.27316e+06	0.0730919
1.27326e+06	0.0703469
1.27336e+06	0.0676197
1.27346e+06	0.0650876
1.27356e+06	0.0629369
1.27366e+06	0.061358
1.27376e+06	0.0605392
1.27386e+06	0.0606614
1.27396e+06	0.0618919
1.27406e+06	0.0643785
1.27416e+06	0.0682437
1.27426e+06	0.0735791
1.27436e+06	0.0804394
1.27446e+06	0.0888373
1.27456e+06	0.0987394
1.27466e+06	0.110062
1.27476e+06	0.12267
1.27486e+06	0.136374
1.27496e+06	0.150936
1.27506e+06	0.166068
1.27516e+06	0.181443
1.27526e+06	0.1967
1.27536e+06	0.211459
1.27546e+06	0.225329
1.27556e+06	0.237928
1.27566e+06	0.248892
1.27576e+06	0.257897
1.27586e+06	0.264666
1.27596e+06	0.268986
1.27606e+06	0.270717
1.27616e+06	0.269795
1.27626e+06	0.266238
1.27636e+06	0.260143
1.27646e+06	0.251683
1.27656e+06	0.241094
1.27666e+06	0.228669
1.27676e+06	0.214738
1.27686e+06	0.19966
1.27696e+06	0.183802
1.27706e+06	0.167526
1.27716e+06	0.151178
1.27726e+06	0.135072
1.27736e+06	0.119485
1.27746e+06	0.104647
1.27756e+06	0.090742
1.27766e+06	0.0779035
1.27776e+06	0.0662171
1.27786e+06	0.0557248
1.27796e+06	0.0464292
1.27806e+06	0.0382998
1.27816e+06	0.0312799
1.27826e+06	0.0252928
1.27836e+06	0.0202483
1.27846e+06	0.0160488
1.27856e+06	0.0125938
1.27866e+06	0.00978439
1.27876e+06	0.0075261
1.27886e+06	0.00573147
1.27896e+06	0.00432137
1.27906e+06	0.0032258
1.27916e+06	0.00238403
1.27926e+06	0.0017444
1.27936e+06	0.00126369
1.27946e+06	0.000906339
1.27956e+06	0.000643578
1.27966e+06	0.000452449
1.27976e+06	0.000314918
1.27986e+06	0.000217012
1.27996e+06	0.000148056
1.28006e+06	0.000100006
1.28016e+06	6.68787e-05
1.28026e+06	4.42798e-05
1.28036e+06	2.90256e-05
1.28046e+06	1.88371e-05
1.28056e+06	1.21033e-05
1.28066e+06	7.69933e-06
1.28076e+06	4.84907e-06
1.28086e+06	3.02359e-06
1.28096e+06	1.86657e-06
1.28106e+06	1.14083e-06
1.28116e+06	6.90336e-07
1.28126e+06	4.1358e-07
1.28136e+06	2.45317e-07
1.28146e+06	1.44077e-07
1.28156e+06	8.3799e-08
1.28166e+06	4.82981e-08
1.28176e+06	2.76378e-08
1.28186e+06	1.57962e-08
1.28196e+06	9.1817e-09
1.28206e+06	5.70351e-09
1.28216e+06	4.20572e-09
1.28226e+06	4.13563e-09
1.28236e+06	5.36907e-09
1.28246e+06	8.1463e-09
1.28256e+06	1.30963e-08
1.28266e+06	2.13452e-08
1.28276e+06	3.47191e-08
1.28286e+06	5.60671e-08
1.28296e+06	8.97449e-08
1.28306e+06	1.42317e-07
1.28316e+06	2.2356e-07
1.28326e+06	3.47866e-07
1.28336e+06	5.36194e-07
1.28346e+06	8.18726e-07
1.28356e+06	1.23846e-06
1.28366e+06	1.85598e-06
1.28376e+06	2.75571e-06
1.28386e+06	4.05408e-06
1.28396e+06	5.90981e-06
1.28406e+06	8.53704e-06
1.28416e+06	1.22215e-05
1.28426e+06	1.73406e-05
1.28436e+06	2.43871e-05
1.28446e+06	3.39983e-05
1.28456e+06	4.69893e-05
1.28466e+06	6.43926e-05
1.28476e+06	8.75033e-05
1.28486e+06	0.00011793
1.28496e+06	0.000157653
1.28506e+06	0.000209091
1.28516e+06	0.000275171
1.28526e+06	0.000359416
1.28536e+06	0.000466035
1.28546e+06	0.000600036
1.28556e+06	0.000767352
1.28566e+06	0.000974995
1.28576e+06	0.00123125
1.28586e+06	0.00154588
1.28596e+06	0.00193045
1.28606e+06	0.00239864
1.28616e+06	0.00296667
1.28626e+06	0.00365386
1.28636e+06	0.00448318
1.28646e+06	0.00548198
1.28656e+06	0.00668281
1.28666e+06	0.00812422
1.28676e+06	0.00985165
1.28686e+06	0.0119183
1.28696e+06	0.0143858
1.28706e+06	0.0173246
1.28716e+06	0.0208145
1.28726e+06	0.0249436
1.28736e+06	0.029808
1.28746e+06	0.0355094
1.28756e+06	0.0421526
1.28766e+06	0.0498419
1.28776e+06	0.0586758
1.28786e+06	0.0687416
1.28796e+06	0.0801084
1.28806e+06	0.0928201
1.28816e+06	0.106887
1.28826e+06	0.12228
1.28836e+06	0.138922
1.28846e+06	0.156684
1.28856e+06	0.175378
1.28866e+06	0.194763
1.28876e+06	0.214539
1.28886e+06	0.234358
1.28896e+06	0.253826
1.28906e+06	0.272523
1.28916e+06	0.29001
1.28926e+06	0.305847
1.28936e+06	0.319615
1.28946e+06	0.330929
1.28956e+06	0.339461
1.28966e+06	0.34495
1.28976e+06	0.347219
1.28986e+06	0.346184
1.28996e+06	0.341855
1.29006e+06	0.33434
1.29016e+06	0.32384
1.29026e+06	0.310635
1.29036e+06	0.295078
1.29046e+06	0.277573
1.29056e+06	0.25856
1.29066e+06	0.238495
1.29076e+06	0.217833
1.29086e+06	0.197011
1.29096e+06	0.176428
1.29106e+06	0.156443
1.29116e+06	0.137355
1.29126e+06	0.119408
1.29136e+06	0.102783
1.29146e+06	0.0875984
1.29156e+06	0.07392
1.29166e+06	0.0617609
1.29176e+06	0.0510916
1.29186e+06	0.0418473
1.29196e+06	0.0339364
1.29206e+06	0.0272484
1.29216e+06	0.0216618
1.29226e+06	0.0170499
1.29236e+06	0.0132869
1.29246e+06	0.0102518
1.29256e+06	0.00783151
1.29266e+06	0.00592329
1.29276e+06	0.00443558
1.29286e+06	0.00328856
1.29296e+06	0.00241396
1.29306e+06	0.00175438
1.29316e+06	0.00126236
1.29326e+06	0.000899307
1.29336e+06	0.000634307
1.29346e+06	0.000442952
1.29356e+06	0.000306252
1.29366e+06	0.000209635
1.29376e+06	0.000142074
1.29386e+06	9.53299e-05
1.29396e+06	6.33296e-05
1.29406e+06	4.16531e-05
1.29416e+06	2.71238e-05
1.29426e+06	1.7487e-05
1.29436e+06	1.1162e-05
1.29446e+06	7.05396e-06
1.29456e+06	4.41351e-06
1.29466e+06	2.73399e-06
1.29476e+06	1.67676e-06
1.29486e+06	1.01813e-06
1.29496e+06	6.12068e-07
1.29506e+06	3.64297e-07
1.29516e+06	2.1467e-07
1.29526e+06	1.25242e-07
1.29536e+06	7.23411e-08
1.29546e+06	4.13696e-08
1.29556e+06	2.34228e-08
1.29566e+06	1.31297e-08
1.29576e+06	7.28668e-09
1.29586e+06	4.00373e-09
1.29596e+06	2.178e-09
1.29606e+06	1.17304e-09
1.29616e+06	6.25496e-10
1.29626e+06	3.30214e-10
1.29636e+06	1.72594e-10
1.29646e+06	8.93131e-11
1.29656e+06	4.57576e-11
1.29666e+06	2.32097e-11
1.29676e+06	1.16556e-11
1.29686e+06	5.79506e-12
1.29696e+06	2.8526e-12
1.29706e+06	1.39021e-12
1.29716e+06	6.70778e-13
1.29726e+06	3.20432e-13
1.29736e+06	1.51548e-13
1.29746e+06	7.09617e-14
1.29756e+06	3.28969e-14
1.29766e+06	1.50989e-14
1.29776e+06	6.86107e-15
1.29786e+06	3.08672e-15
1.29796e+06	1.37486e-15
1.29806e+06	6.0629e-16
1.29816e+06	2.64703e-16
1.29826e+06	1.14418e-16
1.29836e+06	4.89655e-17
1.29846e+06	2.07464e-17
1.29856e+06	8.70265e-18
1.29866e+06	3.61425e-18
1.29876e+06	1.48608e-18
1.29886e+06	6.04959e-19
1.29896e+06	2.43818e-19
1.29906e+06	9.72889e-20
1.29916e+06	3.84343e-20
1.29926e+06	1.50325e-20
1.29936e+06	5.82105e-21
1.29946e+06	2.23166e-21
1.29956e+06	8.47059e-22
1.29966e+06	3.18314e-22
1.29976e+06	1.18428e-22
1.29986e+06	4.36227e-23
1.29996e+06	1.59084e-23
1.30006e+06	5.7438e-24
1.30016e+06	2.05319e-24
1.30026e+06	7.26632e-25
1.30036e+06	2.546e-25
1.30046e+06	8.83202e-26
1.30056e+06	3.03333e-26
1.30066e+06	1.03145e-26
1.30076e+06	3.47338e-27
1.30086e+06	1.16092e-27
1.30096e+06	3.93103e-28
1.30106e+06	1.59032e-28
1.30116e+06	1.43954e-28
1.30126e+06	3.22968e-28
1.30136e+06	9.22738e-28
1.30146e+06	2.69606e-27
1.30156e+06	7.82672e-27
1.30166e+06	2.25036e-26
1.30176e+06	6.4062e-26
1.30186e+06	1.80554e-25
1.30196e+06	5.03817e-25
1.30206e+06	1.39186e-24
1.30216e+06	3.80695e-24
1.30226e+06	1.0309e-23
1.30236e+06	2.76385e-23
1.30246e+06	7.33618e-23
1.30256e+06	1.9279e-22
1.30266e+06	5.01599e-22
1.30276e+06	1.29207e-21
1.30286e+06	3.29517e-21
1.30296e+06	8.32007e-21
1.30306e+06	2.07987e-20
1.30316e+06	5.14758e-20
1.30326e+06	1.26134e-19
1.30336e+06	3.05998e-19
1.30346e+06	7.34965e-19
1.30356e+06	1.74773e-18
1.30366e+06	4.11476e-18
1.30376e+06	9.59127e-18
1.30386e+06	2.21345e-17
1.30396e+06	5.05738e-17
1.30406e+06	1.14405e-16
1.30416e+06	2.56228e-16
1.30426e+06	5.68165e-16
1.30436e+06	1.24734e-15
1.30446e+06	2.71122e-15
1.30456e+06	5.83459e-15
1.30466e+06	1.24315e-14
1.30476e+06	2.62245e-14
1.30486e+06	5.47722e-14
1.30496e+06	1.13262e-13
1.30506e+06	2.31892e-13
1.30516e+06	4.70067e-13
1.30526e+06	9.43433e-13
1.30536e+06	1.87474e-12
1.30546e+06	3.68854e-12
1.30556e+06	7.18542e-12
1.30566e+06	1.38591e-11
1.30576e+06	2.64674e-11
1.30586e+06	5.00472e-11
1.30596e+06	9.37015e-11
1.30606e+06	1.73706e-10
1.30616e+06	3.18853e-10
1.30626e+06	5.79531e-10
1.30636e+06	1.04299e-09
1.30646e+06	1.8587e-09
1.30656e+06	3.27996e-09
1.30666e+06	5.73146e-09
1.30676e+06	9.91764e-09
1.30686e+06	1.69945e-08
1.30696e+06	2.88384e-08
1.30706e+06	4.84632e-08
1.30716e+06	8.0657e-08
1.30726e+06	1.32945e-07
1.30736e+06	2.1703e-07
1.30746e+06	3.50912e-07
1.30756e+06	5.61984e-07
1.30766e+06	8.91492e-07
1.30776e+06	1.40087e-06
1.30786e+06	2.18065e-06
1.30796e+06	3.36283e-06
1.30806e+06	5.13786e-06
1.30816e+06	7.77755e-06
1.30826e+06	1.16658e-05
1.30836e+06	1.73393e-05
1.30846e+06	2.55403e-05
1.30856e+06	3.72846e-05
1.30866e+06	5.39486e-05
1.30876e+06	7.7378e-05
1.30886e+06	0.000110022
1.30896e+06	0.0001551
1.30906e+06	0.000216796
1.30916e+06	0.0003005
1.30926e+06	0.000413081
1.30936e+06	0.000563207
1.30946e+06	0.000761704
1.30956e+06	0.00102196
1.30966e+06	0.00136036
1.30976e+06	0.00179673
1.30986e+06	0.00235484
1.30996e+06	0.00306284
1.31006e+06	0.00395366
1.31016e+06	0.00506544
1.31026e+06	0.00644165
1.31036e+06	0.00813124
1.31046e+06	0.0101885
1.31056e+06	0.0126724
1.31066e+06	0.0156461
1.31076e+06	0.0191756
1.31086e+06	0.0233279
1.31096e+06	0.0281688
1.31106e+06	0.0337606
1.31116e+06	0.0401581
1.31126e+06	0.0474058
1.31136e+06	0.0555331
1.31146e+06	0.0645507
1.31156e+06	0.074446
1.31166e+06	0.0851797
1.31176e+06	0.0966821
1.31186e+06	0.108851
1.31196e+06	0.12155
1.31206e+06	0.13461
1.31216e+06	0.14783
1.31226e+06	0.160981
1.31236e+06	0.173812
1.31246e+06	0.186057
1.31256e+06	0.197444
1.31266e+06	0.207705
1.31276e+06	0.216586
1.31286e+06	0.223858
1.31296e+06	0.229327
1.31306e+06	0.232841
1.31316e+06	0.234302
1.31326e+06	0.233665
1.31336e+06	0.230945
1.31346e+06	0.226213
1.31356e+06	0.219597
1.31366e+06	0.211275
1.31376e+06	0.201465
1.31386e+06	0.190422
1.31396e+06	0.178423
1.31406e+06	0.16576
1.31416e+06	0.152726
1.31426e+06	0.139612
1.31436e+06	0.126693
1.31446e+06	0.114228
1.31456e+06	0.102448
1.31466e+06	0.0915611
1.31476e+06	0.0817463
1.31486e+06	0.0731558
1.31496e+06	0.0659167
1.31506e+06	0.0601324
1.31516e+06	0.0558858
1.31526e+06	0.0532408
1.31536e+06	0.0522439
1.31546e+06	0.0529253
1.31556e+06	0.055298
1.31566e+06	0.0593567
1.31576e+06	0.0650749
1.31586e+06	0.0724019
1.31596e+06	0.0812584
1.31606e+06	0.0915336
1.31616e+06	0.103081
1.31626e+06	0.115715
1.31636e+06	0.129215
1.31646e+06	0.143318
1.31656e+06	0.15773
1.31666e+06	0.172128
1.31676e+06	0.186166
1.31686e+06	0.199492
1.31696e+06	0.211751
1.31706e+06	0.222607
1.31716e+06	0.231749
1.31726e+06	0.23891
1.31736e+06	0.243873
1.31746e+06	0.246487
1.31756e+06	0.246669
1.31766e+06	0.244408
1.31776e+06	0.23977
1.31786e+06	0.232887
1.31796e+06	0.223959
1.31806e+06	0.213235
1.31816e+06	0.201008
1.31826e+06	0.187601
1.31836e+06	0.173349
1.31846e+06	0.158588
1.31856e+06	0.143642
1.31866e+06	0.128811
1.31876e+06	0.114364
1.31886e+06	0.100527
1.31896e+06	0.0874862
1.31906e+06	0.0753799
1.31916e+06	0.064303
1.31926e+06	0.0543084
1.31936e+06	0.0454111
1.31946e+06	0.0375938
1.31956e+06	0.0308127
1.31966e+06	0.0250036
1.31976e+06	0.0200878
1.31986e+06	0.015978
1.31996e+06	0.0125826
1.32006e+06	0.00981016
1.32016e+06	0.00757251
1.32026e+06	0.00578712
1.32036e+06	0.00437867
1.32046e+06	0.00328005
1.32056e+06	0.00243263
1.32066e+06	0.0017862
1.32076e+06	0.0012985
1.32086e+06	0.000934566
1.32096e+06	0.000665942
1.32106e+06	0.000469808
1.32116e+06	0.000328142
1.32126e+06	0.000226914
1.32136e+06	0.000155352
1.32146e+06	0.000105301
1.32156e+06	7.06646e-05
1.32166e+06	4.69494e-05
1.32176e+06	3.08827e-05
1.32186e+06	2.01122e-05
1.32196e+06	1.29676e-05
1.32206e+06	8.27782e-06
1.32216e+06	5.23156e-06
1.32226e+06	3.27343e-06
1.32236e+06	2.02783e-06
1.32246e+06	1.24371e-06
1.32256e+06	7.55199e-07
1.32266e+06	4.54006e-07
1.32276e+06	2.70221e-07
1.32286e+06	1.59233e-07
1.32296e+06	9.2898e-08
1.32306e+06	5.36581e-08
1.32316e+06	3.06847e-08
1.32326e+06	1.73726e-08
1.32336e+06	9.7379e-09
1.32346e+06	5.40409e-09
1.32356e+06	2.96919e-09
1.32366e+06	1.61514e-09
1.32376e+06	8.69838e-10
1.32386e+06	4.63793e-10
1.32396e+06	2.44831e-10
1.32406e+06	1.27958e-10
1.32416e+06	6.62101e-11
1.32426e+06	3.39186e-11
1.32436e+06	1.72032e-11
1.32446e+06	8.6385e-12
1.32456e+06	4.29461e-12
1.32466e+06	2.11381e-12
1.32476e+06	1.03007e-12
1.32486e+06	4.96961e-13
1.32496e+06	2.37376e-13
1.32506e+06	1.12255e-13
1.32516e+06	5.25575e-14
1.32526e+06	2.43624e-14
1.32536e+06	1.11805e-14
1.32546e+06	5.07997e-15
1.32556e+06	2.28516e-15
1.32566e+06	1.01772e-15
1.32576e+06	4.48746e-16
1.32586e+06	1.95897e-16
1.32596e+06	8.46666e-17
1.32606e+06	3.62288e-17
1.32616e+06	1.5348e-17
1.32626e+06	6.43736e-18
1.32636e+06	2.67313e-18
1.32646e+06	1.09898e-18
1.32656e+06	4.47318e-19
1.32666e+06	1.8026e-19
1.32676e+06	7.19186e-20
1.32686e+06	2.84079e-20
1.32696e+06	1.11095e-20
1.32706e+06	4.30136e-21
1.32716e+06	1.64883e-21
1.32726e+06	6.2575e-22
1.32736e+06	2.35117e-22
1.32746e+06	8.7463e-23
1.32756e+06	3.22123e-23
1.32766e+06	1.17456e-23
1.32776e+06	4.24021e-24
1.32786e+06	1.5155e-24
1.32796e+06	5.36268e-25
1.32806e+06	1.87873e-25
1.32816e+06	6.51634e-26
1.32826e+06	2.23769e-26
1.32836e+06	7.60771e-27
1.32846e+06	2.56074e-27
1.32856e+06	8.53361e-28
1.32866e+06	2.81551e-28
1.32876e+06	9.19686e-29
1.32886e+06	2.97426e-29
1.32896e+06	9.52302e-30
1.32906e+06	3.01875e-30
1.32916e+06	9.4741e-31
1.32926e+06	2.94378e-31
1.32936e+06	9.05585e-32
1.32946e+06	2.7581e-32
1.32956e+06	8.31666e-33
1.32966e+06	2.48282e-33
1.32976e+06	7.33833e-34
1.32986e+06	2.14737e-34
1.32996e+06	6.22119e-35
1.33006e+06	1.78442e-35
1.33016e+06	5.06731e-36
1.33026e+06	1.42467e-36
1.33036e+06	3.96561e-37
1.33046e+06	1.09285e-37
1.33056e+06	2.98175e-38
1.33066e+06	8.05447e-39
1.33076e+06	2.15407e-39
1.33086e+06	5.70349e-40
1.33096e+06	1.49512e-40
1.33106e+06	3.88036e-41
1.33116e+06	9.97064e-42
1.33126e+06	2.53648e-42
1.33136e+06	6.38847e-43
1.33146e+06	1.59301e-43
1.33156e+06	3.93277e-44
1.33166e+06	9.61248e-45
1.33176e+06	2.3261e-45
1.33186e+06	5.57288e-46
1.33196e+06	1.32187e-46
1.33206e+06	3.10422e-47
1.33216e+06	7.21728e-48
1.33226e+06	1.66132e-48
1.33236e+06	3.78607e-49
1.33246e+06	8.54243e-50
1.33256e+06	1.90823e-50
1.33266e+06	4.22026e-51
1.33276e+06	9.24066e-52
1.33286e+06	2.0032e-52
1.33296e+06	4.29935e-53
1.33306e+06	9.13561e-54
1.33316e+06	1.9219e-54
1.33326e+06	4.00294e-55
1.33336e+06	8.25441e-56
1.33346e+06	1.68519e-56
1.33356e+06	3.4062e-57
1.33366e+06	6.81629e-58
1.33376e+06	1.35046e-58
1.33386e+06	2.64895e-59
1.33396e+06	5.14426e-60
1.33406e+06	9.89075e-61
1.33416e+06	1.88275e-61
1.33426e+06	3.54823e-62
1.33436e+06	6.62047e-63
1.33446e+06	1.22299e-63
1.33456e+06	2.23673e-64
1.33466e+06	4.05007e-65
1.33476e+06	7.26052e-66
1.33486e+06	1.28864e-66
1.33496e+06	2.26438e-67
1.33506e+06	3.93936e-68
1.33516e+06	6.78515e-69
1.33526e+06	1.15704e-69
1.33536e+06	1.95343e-70
1.33546e+06	3.26514e-71
1.33556e+06	5.40336e-72
1.33566e+06	8.85284e-73
1.33576e+06	1.43601e-73
1.33586e+06	2.30617e-74
1.33596e+06	3.66675e-75
1.33606e+06	5.77203e-76
1.33616e+06	8.99564e-77
1.33626e+06	1.38801e-77
1.33636e+06	2.12037e-78
1.33646e+06	3.20691e-79
1.33656e+06	4.80197e-80
1.33666e+06	7.11883e-81
1.33676e+06	1.04485e-81
1.33686e+06	1.5183e-82
1.33696e+06	2.18433e-83
1.33706e+06	3.11126e-84
1.33716e+06	4.38744e-85
1.33726e+06	6.12551e-86
1.33736e+06	8.46703e-87
1.33746e+06	1.15872e-87
1.33756e+06	1.56993e-88
1.33766e+06	2.10591e-89
1.33776e+06	2.79677e-90
1.33786e+06	3.67731e-91
1.33796e+06	4.78698e-92
1.33806e+06	6.16949e-93
1.33816e+06	7.87217e-94
1.33826e+06	9.94482e-95
1.33836e+06	1.24382e-95
1.33846e+06	1.54018e-96
1.33856e+06	1.88819e-97
1.33866e+06	2.2918e-98
1.33876e+06	2.754e-99
1.33886e+06	3.27648e-100
1.33896e+06	3.85931e-101
1.33906e+06	4.50058e-102
1.33916e+06	5.19618e-103
1.33926e+06	5.9396e-104
1.33936e+06	6.72182e-105
1.33946e+06	7.53136e-106
1.33956e+06	8.35444e-107
1.33966e+06	9.17526e-108
1.33976e+06	9.97646e-109
1.33986e+06	1.07397e-109
1.33996e+06	1.14463e-110
1.34006e+06	1.20779e-111
1.34016e+06	1.26177e-112
1.34026e+06	1.30504e-113
1.34036e+06	1.33636e-114
1.34046e+06	1.35482e-115
1.34056e+06	1.35986e-116
1.34066e+06	1.35134e-117
1.34076e+06	1.32952e-118
1.34086e+06	1.29503e-119
1.34096e+06	1.24889e-120
1.34106e+06	1.1924e-121
1.34116e+06	1.12714e-122
1.34126e+06	1.05486e-123
1.34136e+06	9.77382e-125
1.34146e+06	8.96587e-126
1.34156e+06	8.14287e-127
1.34166e+06	7.32183e-128
1.34176e+06	6.51806e-129
1.34186e+06	5.7448e-130
1.34196e+06	5.01289e-131
1.34206e+06	4.3307e-132
1.34216e+06	3.70412e-133
1.34226e+06	3.13668e-134
1.34236e+06	2.62973e-135
1.34246e+06	2.18278e-136
1.34256e+06	1.79376e-137
1.34266e+06	1.45941e-138
1.34276e+06	1.17557e-139
1.34286e+06	9.37507e-141
1.34296e+06	7.40216e-142
1.34306e+06	5.78628e-143
1.34316e+06	4.47813e-144
1.34326e+06	3.43125e-145
1.34336e+06	2.60294e-146
1.34346e+06	1.95494e-147
1.34356e+06	1.45365e-148
1.34366e+06	1.07014e-149
1.34376e+06	7.79979e-151
1.34386e+06	5.62833e-152
1.34396e+06	4.021e-153
1.34406e+06	2.84411e-154
1.34416e+06	1.99166e-155
1.34426e+06	1.38083e-156
1.34436e+06	9.47812e-158
1.34446e+06	6.44113e-159
1.34456e+06	4.3337e-160
1.34466e+06	2.88677e-161
1.34476e+06	1.90381e-162
1.34486e+06	1.24306e-163
1.34496e+06	8.03555e-165
1.34506e+06	5.14278e-166
1.34516e+06	3.25864e-167
1.34526e+06	2.04424e-168
1.34536e+06	1.26966e-169
1.34546e+06	7.80721e-171
1.34556e+06	4.75295e-172
1.34566e+06	2.86476e-173
1.34576e+06	1.7095e-174
1.34586e+06	1.00997e-175
1.34596e+06	5.90749e-177
1.34606e+06	3.42102e-178
1.34616e+06	1.96139e-179
1.34626e+06	1.11335e-180
1.34636e+06	6.25684e-182
1.34646e+06	3.48125e-183
1.34656e+06	1.91767e-184
1.34666e+06	1.04585e-185
1.34676e+06	5.64703e-187
1.34686e+06	3.01876e-188
1.34696e+06	1.5977e-189
1.34706e+06	8.37179e-191
1.34716e+06	4.34309e-192
1.34726e+06	2.23067e-193
1.34736e+06	1.1343e-194
1.34746e+06	5.71059e-196
1.34756e+06	2.84636e-197
1.34766e+06	1.40461e-198
1.34776e+06	6.86242e-200
1.34786e+06	3.31938e-201
1.34796e+06	1.58962e-202
1.34806e+06	7.5368e-204
1.34816e+06	3.53783e-205
1.34826e+06	1.64416e-206
1.34836e+06	7.56502e-208
1.34846e+06	3.44613e-209
1.34856e+06	1.55421e-210
1.34866e+06	6.93979e-212
1.34876e+06	3.06789e-213
1.34886e+06	1.34273e-214
1.34896e+06	5.81831e-216
1.34906e+06	2.49609e-217
1.34916e+06	1.06019e-218
1.34926e+06	4.45821e-220
1.34936e+06	1.85608e-221
1.34946e+06	7.65047e-223
1.34956e+06	3.12203e-224
1.34966e+06	1.26137e-225
1.34976e+06	5.04554e-227
1.34986e+06	1.99815e-228
1.34996e+06	7.8344e-230
1.35006e+06	3.04117e-231
1.35016e+06	1.16878e-232
1.35026e+06	4.44714e-234
1.35036e+06	1.67528e-235
1.35046e+06	6.25943e-237
1.35056e+06	5.38995e-238
1.35066e+06	8.3312e-237
1.35076e+06	2.22456e-235
1.35086e+06	5.88674e-234
1.35096e+06	1.54228e-232
1.35106e+06	4.00047e-231
1.35116e+06	1.02734e-229
1.35126e+06	2.61201e-228
1.35136e+06	6.57495e-227
1.35146e+06	1.63858e-225
1.35156e+06	4.04295e-224
1.35166e+06	9.87614e-223
1.35176e+06	2.38854e-221
1.35186e+06	5.71921e-220
1.35196e+06	1.3558e-218
1.35206e+06	3.18209e-217
1.35216e+06	7.39412e-216
1.35226e+06	1.70105e-214
1.35236e+06	3.87441e-213
1.35246e+06	8.73677e-212
1.35256e+06	1.95053e-210
1.35266e+06	4.31134e-209
1.35276e+06	9.43471e-208
1.35286e+06	2.0441e-206
1.35296e+06	4.38462e-205
1.35306e+06	9.31151e-204
1.35316e+06	1.95778e-202
1.35326e+06	4.07536e-201
1.35336e+06	8.39894e-200
1.35346e+06	1.71372e-198
1.35356e+06	3.46189e-197
1.35366e+06	6.92378e-196
1.35376e+06	1.37098e-194
1.35386e+06	2.68766e-193
1.35396e+06	5.21645e-192
1.35406e+06	1.00238e-190
1.35416e+06	1.90699e-189
1.35426e+06	3.59187e-188
1.35436e+06	6.69806e-187
1.35446e+06	1.23662e-185
1.35456e+06	2.26037e-184
1.35466e+06	4.09053e-183
1.35476e+06	7.32886e-182
1.35486e+06	1.30002e-180
1.35496e+06	2.28309e-179
1.35506e+06	3.96964e-178
1.35516e+06	6.8334e-177
1.35526e+06	1.16461e-175
1.35536e+06	1.96508e-174
1.35546e+06	3.28274e-173
1.35556e+06	5.42938e-172
1.35566e+06	8.89039e-171
1.35576e+06	1.44128e-169
1.35586e+06	2.31331e-168
1.35596e+06	3.676e-167
1.35606e+06	5.78329e-166
1.35616e+06	9.00806e-165
1.35626e+06	1.38914e-163
1.35636e+06	2.12087e-162
1.35646e+06	3.20584e-161
1.35656e+06	4.79763e-160
1.35666e+06	7.10834e-159
1.35676e+06	1.04272e-157
1.35686e+06	1.51434e-156
1.35696e+06	2.17738e-155
1.35706e+06	3.09959e-154
1.35716e+06	4.36849e-153
1.35726e+06	6.09558e-152
1.35736e+06	8.42085e-151
1.35746e+06	1.15174e-149
1.35756e+06	1.55958e-148
1.35766e+06	2.09084e-147
1.35776e+06	2.77517e-146
1.35786e+06	3.64684e-145
1.35796e+06	4.7446e-144
1.35806e+06	6.11139e-143
1.35816e+06	7.79358e-142
1.35826e+06	9.83991e-141
1.35836e+06	1.22999e-139
1.35846e+06	1.5222e-138
1.35856e+06	1.86508e-137
1.35866e+06	2.26245e-136
1.35876e+06	2.71718e-135
1.35886e+06	3.23084e-134
1.35896e+06	3.80338e-133
1.35906e+06	4.43282e-132
1.35916e+06	5.11503e-131
1.35926e+06	5.8435e-130
1.35936e+06	6.60929e-129
1.35946e+06	7.40106e-128
1.35956e+06	8.20522e-127
1.35966e+06	9.00623e-126
1.35976e+06	9.78708e-125
1.35986e+06	1.05298e-123
1.35996e+06	1.12162e-122
1.36006e+06	1.18284e-121
1.36016e+06	1.23499e-120
1.36026e+06	1.27662e-119
1.36036e+06	1.30651e-118
1.36046e+06	1.3238e-117
1.36056e+06	1.32797e-116
1.36066e+06	1.3189e-115
1.36076e+06	1.29686e-114
1.36086e+06	1.2625e-113
1.36096e+06	1.21682e-112
1.36106e+06	1.16112e-111
1.36116e+06	1.09695e-110
1.36126e+06	1.02601e-109
1.36136e+06	9.50114e-109
1.36146e+06	8.71076e-108
1.36156e+06	7.90666e-107
1.36166e+06	7.10538e-106
1.36176e+06	6.32177e-105
1.36186e+06	5.56861e-104
1.36196e+06	4.85638e-103
1.36206e+06	4.1931e-102
1.36216e+06	3.58438e-101
1.36226e+06	3.03355e-100
1.36236e+06	2.54182e-99
1.36246e+06	2.1086e-98
1.36256e+06	1.73182e-97
1.36266e+06	1.40821e-96
1.36276e+06	1.13368e-95
1.36286e+06	9.03584e-95
1.36296e+06	7.13024e-94
1.36306e+06	5.57054e-93
1.36316e+06	4.30871e-92
1.36326e+06	3.29955e-91
1.36336e+06	2.5016e-90
1.36346e+06	1.87776e-89
1.36356e+06	1.39546e-88
1.36366e+06	1.02672e-87
1.36376e+06	7.47904e-87
1.36386e+06	5.39381e-86
1.36396e+06	3.85125e-85
1.36406e+06	2.72248e-84
1.36416e+06	1.9054e-83
1.36426e+06	1.32027e-82
1.36436e+06	9.05729e-82
1.36446e+06	6.15163e-81
1.36456e+06	4.13656e-80
1.36466e+06	2.75388e-79
1.36476e+06	1.81513e-78
1.36486e+06	1.18448e-77
1.36496e+06	7.65253e-77
1.36506e+06	4.89485e-76
1.36516e+06	3.09978e-75
1.36526e+06	1.94347e-74
1.36536e+06	1.20638e-73
1.36546e+06	7.41389e-73
1.36556e+06	4.51092e-72
1.36566e+06	2.71733e-71
1.36576e+06	1.6206e-70
1.36586e+06	9.56899e-70
1.36596e+06	5.59388e-69
1.36606e+06	3.23756e-68
1.36616e+06	1.85515e-67
1.36626e+06	1.05244e-66
1.36636e+06	5.91118e-66
1.36646e+06	3.28706e-65
1.36656e+06	1.80966e-64
1.36666e+06	9.8638e-64
1.36676e+06	5.3229e-63
1.36686e+06	2.84387e-62
1.36696e+06	1.50428e-61
1.36706e+06	7.87776e-61
1.36716e+06	4.08446e-60
1.36726e+06	2.09664e-59
1.36736e+06	1.06554e-58
1.36746e+06	5.36135e-58
1.36756e+06	2.67076e-57
1.36766e+06	1.3172e-56
1.36776e+06	6.43172e-56
1.36786e+06	3.10927e-55
1.36796e+06	1.48815e-54
1.36806e+06	7.05169e-54
1.36816e+06	3.30823e-53
1.36826e+06	1.53658e-52
1.36836e+06	7.06598e-52
1.36846e+06	3.21697e-51
1.36856e+06	1.45003e-50
1.36866e+06	6.47092e-50
1.36876e+06	2.85898e-49
1.36886e+06	1.25058e-48
1.36896e+06	5.41592e-48
1.36906e+06	2.32214e-47
1.36916e+06	9.85739e-47
1.36926e+06	4.14279e-46
1.36936e+06	1.72377e-45
1.36946e+06	7.10108e-45
1.36956e+06	2.89618e-44
1.36966e+06	1.16946e-43
1.36976e+06	4.6752e-43
1.36986e+06	1.85043e-42
1.36996e+06	7.25109e-42
1.37006e+06	2.81313e-41
1.37016e+06	1.08052e-40
1.37026e+06	4.10899e-40
1.37036e+06	1.54701e-39
1.37046e+06	5.76644e-39
1.37056e+06	2.12804e-38
1.37066e+06	7.77516e-38
1.37076e+06	2.81252e-37
1.37086e+06	1.00725e-36
1.37096e+06	3.57141e-36
1.37106e+06	1.25371e-35
1.37116e+06	4.35724e-35
1.37126e+06	1.49928e-34
1.37136e+06	5.10753e-34
1.37146e+06	1.72265e-33
1.37156e+06	5.75227e-33
1.37166e+06	1.90169e-32
1.37176e+06	6.22438e-32
1.37186e+06	2.01702e-31
1.37196e+06	6.47114e-31
1.37206e+06	2.05546e-30
1.37216e+06	6.46389e-30
1.37226e+06	2.0125e-29
1.37236e+06	6.20348e-29
1.37246e+06	1.89318e-28
1.37256e+06	5.72011e-28
1.37266e+06	1.7111e-27
1.37276e+06	5.0676e-27
1.37286e+06	1.48589e-26
1.37296e+06	4.31348e-26
1.37306e+06	1.23973e-25
1.37316e+06	3.52762e-25
1.37326e+06	9.9379e-25
1.37336e+06	2.77182e-24
1.37346e+06	7.65405e-24
1.37356e+06	2.09255e-23
1.37366e+06	5.6639e-23
1.37376e+06	1.5178e-22
1.37386e+06	4.02688e-22
1.37396e+06	1.05774e-21
1.37406e+06	2.75074e-21
1.37416e+06	7.08233e-21
1.37426e+06	1.80534e-20
1.37436e+06	4.55616e-20
1.37446e+06	1.1384e-19
1.37456e+06	2.81612e-19
1.37466e+06	6.89704e-19
1.37476e+06	1.67236e-18
1.37486e+06	4.01473e-18
1.37496e+06	9.54199e-18
1.37506e+06	2.24532e-17
1.37516e+06	5.23089e-17
1.37526e+06	1.2065e-16
1.37536e+06	2.75512e-16
1.37546e+06	6.22885e-16
1.37556e+06	1.39422e-15
1.37566e+06	3.08969e-15
1.37576e+06	6.77881e-15
1.37586e+06	1.47248e-14
1.37596e+06	3.16667e-14
1.37606e+06	6.74238e-14
1.37616e+06	1.42128e-13
1.37626e+06	2.96623e-13
1.37636e+06	6.12895e-13
1.37646e+06	1.25379e-12
1.37656e+06	2.53933e-12
1.37666e+06	5.09181e-12
1.37676e+06	1.01084e-11
1.37686e+06	1.98677e-11
1.37696e+06	3.86609e-11
1.37706e+06	7.44823e-11
1.37716e+06	1.42066e-10
1.37726e+06	2.68278e-10
1.37736e+06	5.01577e-10
1.37746e+06	9.28424e-10
1.37756e+06	1.70142e-09
1.37766e+06	3.08699e-09
1.37776e+06	5.54518e-09
1.37786e+06	9.86173e-09
1.37796e+06	1.73639e-08
1.37806e+06	3.0269e-08
1.37816e+06	5.22404e-08
1.37826e+06	8.92632e-08
1.37836e+06	1.51006e-07
1.37846e+06	2.52915e-07
1.37856e+06	4.19383e-07
1.37866e+06	6.88501e-07
1.37876e+06	1.11907e-06
1.37886e+06	1.80079e-06
1.37896e+06	2.86899e-06
1.37906e+06	4.52533e-06
1.37916e+06	7.06691e-06
1.37926e+06	1.09261e-05
1.37936e+06	1.67247e-05
1.37946e+06	2.5346e-05
1.37956e+06	3.80292e-05
1.37966e+06	5.64914e-05
1.37976e+06	8.30815e-05
1.37986e+06	0.000120972
1.37996e+06	0.000174389
1.38006e+06	0.000248893
1.38016e+06	0.000351693
1.38026e+06	0.000492008
1.38036e+06	0.000681456
1.38046e+06	0.000934459
1.38056e+06	0.00126865
1.38066e+06	0.00170521
1.38076e+06	0.0022692
1.38086e+06	0.00298969
1.38096e+06	0.00389975
1.38106e+06	0.00503623
1.38116e+06	0.0064392
1.38126e+06	0.0081511
1.38136e+06	0.0102155
1.38146e+06	0.0126754
1.38156e+06	0.0155712
1.38166e+06	0.0189383
1.38176e+06	0.0228044
1.38186e+06	0.0271868
1.38196e+06	0.0320891
1.38206e+06	0.0374988
1.38216e+06	0.0433849
1.38226e+06	0.0496961
1.38236e+06	0.0563598
1.38246e+06	0.0632821
1.38256e+06	0.070349
1.38266e+06	0.0774286
1.38276e+06	0.084375
1.38286e+06	0.0910326
1.38296e+06	0.0972417
1.38306e+06	0.102845
1.38316e+06	0.107695
1.38326e+06	0.111657
1.38336e+06	0.114621
1.38346e+06	0.116503
1.38356e+06	0.117247
1.38366e+06	0.116836
1.38376e+06	0.115282
1.38386e+06	0.112633
1.38396e+06	0.108969
1.38406e+06	0.104396
1.38416e+06	0.0990439
1.38426e+06	0.0930564
1.38436e+06	0.0865886
1.38446e+06	0.0797984
1.38456e+06	0.0728406
1.38466e+06	0.0658612
1.38476e+06	0.0589926
1.38486e+06	0.0523502
1.38496e+06	0.0460297
1.38506e+06	0.0401063
1.38516e+06	0.0346339
1.38526e+06	0.0296467
1.38536e+06	0.0251602
1.38546e+06	0.021174
1.38556e+06	0.0176745
1.38566e+06	0.014637
1.38576e+06	0.0120292
1.38586e+06	0.00981388
1.38596e+06	0.0079506
1.38606e+06	0.00639832
1.38616e+06	0.00511677
1.38626e+06	0.00406772
1.38636e+06	0.00321582
1.38646e+06	0.00252916
1.38656e+06	0.00197949
1.38666e+06	0.00154225
1.38676e+06	0.00119646
1.38686e+06	0.000924437
1.38696e+06	0.000711464
1.38706e+06	0.000545453
1.38716e+06	0.000416574
1.38726e+06	0.000316901
1.38736e+06	0.000240098
1.38746e+06	0.000181132
1.38756e+06	0.000136027
1.38766e+06	0.00010166
1.38776e+06	7.55815e-05
1.38786e+06	5.58813e-05
1.38796e+06	4.10716e-05
1.38806e+06	2.99972e-05
1.38816e+06	2.17633e-05
1.38826e+06	1.56793e-05
1.38836e+06	1.12135e-05
1.38846e+06	7.95862e-06
1.38856e+06	5.60398e-06
1.38866e+06	3.91388e-06
1.38876e+06	2.71063e-06
1.38886e+06	1.86121e-06
1.38896e+06	1.2668e-06
1.38906e+06	8.54539e-07
1.38916e+06	5.7123e-07
1.38926e+06	3.78346e-07
1.38936e+06	2.48268e-07
1.38946e+06	1.61385e-07
1.38956e+06	1.03916e-07
1.38966e+06	6.62745e-08
1.38976e+06	4.18629e-08
1.38986e+06	2.61884e-08
1.38996e+06	1.62243e-08
1.39006e+06	9.95361e-09
