64666.7	1.46174e-08
64766.7	2.41673e-08
64866.7	3.95656e-08
64966.7	6.41416e-08
65066.7	1.02967e-07
65166.7	1.63678e-07
65266.7	2.57648e-07
65366.7	4.01612e-07
65466.7	6.19916e-07
65566.7	9.47568e-07
65666.7	1.4343e-06
65766.7	2.14996e-06
65866.7	3.1914e-06
65966.7	4.69136e-06
66066.7	6.82945e-06
66166.7	9.84573e-06
66266.7	1.40569e-05
66366.7	1.98754e-05
66466.7	2.78313e-05
66566.7	3.85963e-05
66666.7	5.30103e-05
66766.7	7.21079e-05
66866.7	9.7145e-05
66966.7	0.000129623
67066.7	0.000171305
67166.7	0.000224232
67266.7	0.000290717
67366.7	0.000373337
67466.7	0.000474893
67566.7	0.000598365
67666.7	0.000746834
67766.7	0.000923382
67866.7	0.00113097
67966.7	0.00137229
68066.7	0.00164962
68166.7	0.00196462
68266.7	0.00231818
68366.7	0.00271026
68466.7	0.00313969
68566.7	0.00360413
68666.7	0.0040999
68766.7	0.00462202
68866.7	0.00516422
68966.7	0.00571901
69066.7	0.00627789
69166.7	0.00683154
69266.7	0.00737011
69366.7	0.00788352
69466.7	0.00836183
69566.7	0.00879561
69666.7	0.00917621
69766.7	0.00949617
69866.7	0.00974941
69966.7	0.00993148
70066.7	0.0100397
70166.7	0.0100731
70266.7	0.0100325
70366.7	0.00992069
70466.7	0.00974159
70566.7	0.00950068
70666.7	0.0092045
70766.7	0.00886041
70866.7	0.00847638
70966.7	0.00806068
71066.7	0.00762173
71166.7	0.00716786
71266.7	0.00670716
71366.7	0.00624737
71466.7	0.00579577
71566.7	0.00535913
71666.7	0.00494365
71766.7	0.00455494
71866.7	0.00419797
71966.7	0.00387709
72066.7	0.00359593
72166.7	0.00335739
72266.7	0.00316358
72366.7	0.00301576
72466.7	0.00291429
72566.7	0.00285854
72666.7	0.00284688
72766.7	0.00287664
72866.7	0.0029441
72966.7	0.00304455
73066.7	0.00317236
73166.7	0.0033211
73266.7	0.00348369
73366.7	0.00365265
73466.7	0.00382028
73566.7	0.00397894
73666.7	0.00412137
73766.7	0.00424087
73866.7	0.00433165
73966.7	0.00438895
74066.7	0.00440929
74166.7	0.00439055
74266.7	0.00433204
74366.7	0.00423447
74466.7	0.00409987
74566.7	0.00393147
74666.7	0.00373348
74766.7	0.00351091
74866.7	0.00326925
74966.7	0.00301429
75066.7	0.0027518
75166.7	0.00248734
75266.7	0.00222603
75366.7	0.00197243
75466.7	0.00173038
75566.7	0.00150296
75666.7	0.00129246
75766.7	0.0011004
75866.7	0.000927565
75966.7	0.000774102
76066.7	0.000639605
76166.7	0.00052322
76266.7	0.000423755
76366.7	0.000339784
76466.7	0.000269743
76566.7	0.000212009
76666.7	0.000164974
76766.7	0.000127097
76866.7	9.69419e-05
76966.7	7.32057e-05
77066.7	5.47313e-05
77166.7	4.0512e-05
77266.7	2.96886e-05
77366.7	2.15403e-05
77466.7	1.54729e-05
77566.7	1.10039e-05
77666.7	7.74784e-06
77766.7	5.40097e-06
77866.7	3.72751e-06
77966.7	2.54697e-06
78066.7	1.723e-06
78166.7	1.154e-06
78266.7	7.6521e-07
78366.7	5.02359e-07
78466.7	3.26516e-07
78566.7	2.10112e-07
78666.7	1.33861e-07
78766.7	8.44338e-08
78866.7	5.27272e-08
78966.7	3.25994e-08
79066.7	1.99546e-08
79166.7	1.20929e-08
79266.7	7.25569e-09
79366.7	4.31005e-09
79466.7	2.5348e-09
79566.7	1.47591e-09
79666.7	8.50816e-10
79766.7	4.85587e-10
79866.7	2.74382e-10
79966.7	1.53498e-10
80066.7	8.50168e-11
80166.7	4.66192e-11
80266.7	2.53094e-11
80366.7	1.36037e-11
80466.7	7.23915e-12
80566.7	3.81396e-12
80666.7	1.9894e-12
80766.7	1.02736e-12
80866.7	5.2527e-13
80966.7	2.65888e-13
81066.7	1.33252e-13
81166.7	6.61155e-14
81266.7	3.24781e-14
81366.7	1.57956e-14
81466.7	7.60567e-15
81566.7	3.62574e-15
81666.7	1.71125e-15
81766.7	7.99623e-16
81866.7	3.69926e-16
81966.7	1.69435e-16
82066.7	7.68327e-17
82166.7	3.44943e-17
82266.7	1.53322e-17
82366.7	6.74716e-18
82466.7	2.93964e-18
82566.7	1.26802e-18
82666.7	5.4153e-19
82766.7	2.29001e-19
82866.7	9.59589e-20
82966.7	4.00238e-20
83066.7	1.70749e-20
83166.7	8.58986e-21
83266.7	7.6037e-21
83366.7	1.33365e-20
83466.7	3.06222e-20
83566.7	7.37546e-20
83666.7	1.77625e-19
83766.7	4.24299e-19
83866.7	1.00399e-18
83966.7	2.35286e-18
84066.7	5.46092e-18
84166.7	1.2553e-17
84266.7	2.85796e-17
84366.7	6.44464e-17
84466.7	1.43943e-16
84566.7	3.18453e-16
84666.7	6.97875e-16
84766.7	1.51497e-15
84866.7	3.2579e-15
84966.7	6.94064e-15
85066.7	1.46489e-14
85166.7	3.0632e-14
85266.7	6.3464e-14
85366.7	1.30282e-13
85466.7	2.65012e-13
85566.7	5.34186e-13
85666.7	1.06706e-12
85766.7	2.11242e-12
85866.7	4.14463e-12
85966.7	8.05994e-12
86066.7	1.55361e-11
86166.7	2.96852e-11
86266.7	5.62277e-11
86366.7	1.05584e-10
86466.7	1.96564e-10
86566.7	3.6282e-10
86666.7	6.64022e-10
86766.7	1.20503e-09
86866.7	2.16849e-09
86966.7	3.8697e-09
87066.7	6.84819e-09
87166.7	1.20189e-08
87266.7	2.09199e-08
87366.7	3.61134e-08
87466.7	6.18298e-08
87566.7	1.04992e-07
87666.7	1.76824e-07
87766.7	2.95365e-07
87866.7	4.89332e-07
87966.7	8.0403e-07
88066.7	1.31026e-06
88166.7	2.11764e-06
88266.7	3.39423e-06
88366.7	5.39529e-06
88466.7	8.50467e-06
88566.7	1.32939e-05
88666.7	2.06054e-05
88766.7	3.16684e-05
88866.7	4.82576e-05
88966.7	7.2909e-05
89066.7	0.000109207
89166.7	0.000162163
89266.7	0.000238707
89366.7	0.00034831
89466.7	0.000503774
89566.7	0.000722192
89666.7	0.00102611
89766.7	0.00144492
89866.7	0.00201642
89966.7	0.00278859
90066.7	0.00382155
90166.7	0.00518953
90266.7	0.00698287
90366.7	0.00930984
90466.7	0.0122981
90566.7	0.0160957
90666.7	0.020871
90766.7	0.026812
90866.7	0.0341238
90966.7	0.0430246
91066.7	0.0537403
91166.7	0.0664966
91266.7	0.0815098
91366.7	0.0989747
91466.7	0.119053
91566.7	0.141857
91666.7	0.167439
91766.7	0.195774
91866.7	0.226748
91966.7	0.260151
92066.7	0.295665
92166.7	0.332866
92266.7	0.371226
92366.7	0.410118
92466.7	0.448836
92566.7	0.486611
92666.7	0.522635
92766.7	0.556092
92866.7	0.586189
92966.7	0.612185
93066.7	0.633427
93166.7	0.649375
93266.7	0.659623
93366.7	0.663925
93466.7	0.662198
93566.7	0.654527
93666.7	0.641163
93766.7	0.622504
93866.7	0.599083
93966.7	0.571538
94066.7	0.540588
94166.7	0.506996
94266.7	0.471546
94366.7	0.435009
94466.7	0.398118
94566.7	0.361544
94666.7	0.325882
94766.7	0.291634
94866.7	0.259207
94966.7	0.228908
95066.7	0.200946
95166.7	0.175441
95266.7	0.152433
95366.7	0.13189
95466.7	0.113724
95566.7	0.0978017
95666.7	0.0839581
95766.7	0.0720075
95866.7	0.0617534
95966.7	0.0529978
96066.7	0.045548
96166.7	0.039222
96266.7	0.0338523
96366.7	0.0292884
96466.7	0.0253983
96566.7	0.0220679
96666.7	0.019201
96766.7	0.016718
96866.7	0.0145537
96966.7	0.012656
97066.7	0.0109838
97166.7	0.00950469
97266.7	0.00819363
97366.7	0.00703097
97466.7	0.00600118
97566.7	0.00509165
97666.7	0.00429176
97766.7	0.00359218
97866.7	0.00298442
97966.7	0.00246043
98066.7	0.00201251
98166.7	0.00163316
98266.7	0.00131517
98366.7	0.00105158
98466.7	0.000835856
98566.7	0.000661896
98666.7	0.000524161
98766.7	0.000417715
98866.7	0.000338275
98966.7	0.000282231
99066.7	0.00024664
99166.7	0.0002292
99266.7	0.000228209
99366.7	0.000242497
99466.7	0.000271357
99566.7	0.000314449
99666.7	0.000371706
99766.7	0.000443231
99866.7	0.00052918
99966.7	0.000629658
100067	0.000744605
100167	0.000873695
100267	0.00101624
100367	0.00117113
100467	0.00133673
100567	0.00151093
100667	0.00169106
100767	0.00187397
100867	0.00205609
100967	0.00223351
101067	0.00240214
101167	0.00255782
101267	0.00269649
101367	0.0028144
101467	0.00290825
101567	0.00297533
101667	0.00301366
101767	0.00302212
101867	0.00300045
101967	0.00294929
102067	0.00287016
102167	0.00276536
102267	0.00263788
102367	0.00249123
102467	0.00232933
102567	0.00215628
102667	0.00197622
102767	0.00179318
102867	0.0016109
102967	0.00143275
103067	0.00126162
103167	0.00109988
103267	0.000949334
103367	0.00081124
103467	0.000686336
103567	0.000574885
103667	0.000476741
103767	0.000391418
103867	0.000318168
103967	0.000256053
104067	0.000204013
104167	0.000160933
104267	0.000125687
104367	9.7183e-05
104467	7.43957e-05
104567	5.63849e-05
104667	4.23092e-05
104767	3.14314e-05
104867	2.3118e-05
104967	1.68342e-05
105067	1.21365e-05
105167	8.66265e-06
105267	6.1216e-06
105367	4.28289e-06
105467	2.96664e-06
105567	2.03447e-06
105667	1.38132e-06
105767	9.28523e-07
105867	6.17944e-07
105967	4.07158e-07
106067	2.65603e-07
106167	1.71538e-07
106267	1.09685e-07
106367	6.94366e-08
106467	4.35198e-08
106567	2.70049e-08
106667	1.65904e-08
106767	1.00908e-08
106867	6.0765e-09
106967	3.62275e-09
107067	2.13835e-09
107167	1.24962e-09
107267	7.22991e-10
107367	4.14139e-10
107467	2.34863e-10
107567	1.31869e-10
107667	7.33036e-11
107767	4.03428e-11
107867	2.19818e-11
107967	1.18582e-11
108067	6.33331e-12
108167	3.34888e-12
108267	1.75318e-12
108367	9.08675e-13
108467	4.66282e-13
108567	2.36889e-13
108667	1.19152e-13
108767	5.9335e-14
108867	2.92536e-14
108967	1.42792e-14
109067	6.90061e-15
109167	3.30162e-15
109267	1.56395e-15
109367	7.33461e-16
109467	3.40555e-16
109567	1.56551e-16
109667	7.12492e-17
109767	3.21042e-17
109867	1.43219e-17
109967	6.32552e-18
110067	2.76598e-18
110167	1.19746e-18
110267	5.13247e-19
110367	2.17796e-19
110467	9.15023e-20
110567	3.80601e-20
110667	1.56735e-20
110767	6.39025e-21
110867	2.57945e-21
110967	1.03085e-21
111067	4.07866e-22
111167	1.59771e-22
111267	6.19634e-23
111367	2.3792e-23
111467	9.04445e-24
111567	3.40403e-24
111667	1.26847e-24
111767	4.68144e-25
111867	1.71539e-25
111967	6.36427e-26
112067	2.74328e-26
112167	2.29857e-26
112267	4.55303e-26
112367	1.20597e-25
112467	3.31609e-25
112567	9.0828e-25
112667	2.46491e-24
112767	6.6234e-24
112867	1.76207e-23
112967	4.64111e-23
113067	1.21026e-22
113167	3.12458e-22
113267	7.98662e-22
113367	2.02112e-21
113467	5.0638e-21
113567	1.25608e-20
113667	3.08474e-20
113767	7.50023e-20
113867	1.80546e-19
113967	4.30288e-19
114067	1.01528e-18
114167	2.37177e-18
114267	5.48549e-18
114367	1.25607e-17
114467	2.84756e-17
114567	6.39127e-17
114667	1.42023e-16
114767	3.12456e-16
114867	6.80573e-16
114967	1.46764e-15
115067	3.13344e-15
115167	6.62339e-15
115267	1.38611e-14
115367	2.87192e-14
115467	5.89122e-14
115567	1.19645e-13
115667	2.40572e-13
115767	4.78907e-13
115867	9.4388e-13
115967	1.84179e-12
116067	3.55814e-12
116167	6.80557e-12
116267	1.28874e-11
116367	2.41615e-11
116467	4.48481e-11
116567	8.24184e-11
116667	1.49956e-10
116767	2.70126e-10
116867	4.81758e-10
116967	8.50655e-10
117067	1.4871e-09
117167	2.5739e-09
117267	4.4107e-09
117367	7.48321e-09
117467	1.257e-08
117567	2.0905e-08
117667	3.44219e-08
117767	5.61164e-08
117867	9.05771e-08
117967	1.44751e-07
118067	2.29036e-07
118167	3.5881e-07
118267	5.56559e-07
118367	8.54763e-07
118467	1.29979e-06
118567	1.95703e-06
118667	2.9176e-06
118767	4.30691e-06
118867	6.29542e-06
118967	9.11196e-06
119067	1.30599e-05
119167	1.8536e-05
119267	2.60533e-05
119367	3.62653e-05
119467	4.99947e-05
119567	6.82627e-05
119667	9.232e-05
119767	0.000123678
119867	0.000164139
119967	0.00021582
120067	0.000281181
120167	0.000363033
120267	0.000464558
120367	0.000589307
120467	0.000741206
120567	0.000924547
120667	0.001144
120767	0.0014046
120867	0.00171182
120967	0.00207157
121067	0.0024903
121167	0.00297512
121267	0.003534
121367	0.00417591
121467	0.00491117
121567	0.00575165
121667	0.00671112
121767	0.00780553
121867	0.00905322
121967	0.0104751
122067	0.0120945
122167	0.0139372
122267	0.016031
122367	0.0184046
122467	0.0210873
122567	0.0241071
122667	0.0274894
122767	0.0312554
122867	0.0354197
122967	0.0399888
123067	0.0449585
123167	0.0503129
123267	0.0560223
123367	0.0620426
123467	0.0683146
123567	0.0747649
123667	0.081306
123767	0.087839
123867	0.0942553
123967	0.10044
124067	0.106277
124167	0.11165
124267	0.116449
124367	0.120573
124467	0.123937
124567	0.12647
124667	0.128124
124767	0.12887
124867	0.128704
124967	0.127645
125067	0.125733
125167	0.123032
125267	0.119623
125367	0.1156
125467	0.111072
125567	0.106154
125667	0.100965
125767	0.0956195
125867	0.0902306
125967	0.0849002
126067	0.0797178
126167	0.0747582
126267	0.0700791
126367	0.0657207
126467	0.0617054
126567	0.0580383
126667	0.0547093
126767	0.0516949
126867	0.0489613
126967	0.0464669
127067	0.0441661
127167	0.042012
127267	0.0399594
127367	0.0379676
127467	0.0360019
127567	0.0340355
127667	0.0320501
127767	0.0300361
127867	0.0279922
127967	0.0259245
128067	0.0238453
128167	0.0217715
128267	0.0197231
128367	0.0177216
128467	0.0157883
128567	0.0139431
128667	0.0122034
128767	0.0105833
128867	0.00909317
128967	0.00773948
129067	0.00652477
129167	0.00544805
129267	0.00450515
129367	0.00368931
129467	0.00299178
129567	0.0024024
129667	0.0019102
129767	0.00150391
129867	0.00117236
129967	0.000904889
130067	0.000691538
130167	0.000523268
130267	0.000392032
130367	0.00029082
130467	0.000213632
130567	0.000155428
130667	0.000112046
130767	8.01056e-05
130867	5.69112e-05
130967	4.03519e-05
131067	2.88103e-05
131167	2.10821e-05
131267	1.63065e-05
131367	1.39114e-05
131467	1.35708e-05
131567	1.51753e-05
131667	1.88151e-05
131767	2.47737e-05
131867	3.35298e-05
131967	4.57685e-05
132067	6.23968e-05
132167	8.45625e-05
132267	0.000113674
132367	0.000151415
132467	0.000199758
132567	0.00026096
132667	0.000337548
132767	0.000432285
132867	0.000548112
132967	0.000688063
133067	0.000855158
133167	0.00105226
133267	0.0012819
133367	0.00154613
133467	0.00184626
133567	0.00218272
133667	0.00255481
133767	0.00296059
133867	0.00339667
133967	0.00385821
134067	0.00433886
134167	0.00483084
134267	0.00532509
134367	0.00581149
134467	0.00627922
134567	0.00671708
134667	0.00711398
134767	0.00745937
134867	0.00774369
134967	0.00795887
135067	0.00809863
135167	0.00815885
135267	0.00813774
135367	0.00803591
135467	0.0078564
135567	0.00760448
135667	0.00728739
135767	0.00691404
135867	0.00649454
135967	0.0060398
136067	0.005561
136167	0.00506922
136267	0.00457495
136367	0.00408779
136467	0.00361616
136567	0.00316711
136667	0.00274623
136767	0.00235758
136867	0.0020038
136967	0.00168616
137067	0.00140475
137167	0.00115867
137267	0.000946181
137367	0.000764974
137467	0.000612317
137567	0.000485247
137667	0.000380721
137767	0.000295738
137867	0.000227439
137967	0.000173173
138067	0.000130543
138167	9.74275e-05
138267	7.19893e-05
138367	5.26637e-05
138467	3.81427e-05
138567	2.73507e-05
138667	1.9417e-05
138767	1.36475e-05
138867	9.49692e-06
138967	6.54287e-06
139067	4.46283e-06
139167	3.01377e-06
139267	2.01496e-06
139367	1.33377e-06
139467	8.74081e-07
139567	5.67126e-07
139667	3.64304e-07
139767	2.31689e-07
139867	1.45883e-07
139967	9.09413e-08
140067	5.61273e-08
140167	3.42961e-08
140267	2.07478e-08
140367	1.24267e-08
140467	7.36881e-09
140567	4.32609e-09
140667	2.5145e-09
140767	1.44698e-09
140867	8.24393e-10
140967	4.65013e-10
141067	2.59694e-10
141167	1.43598e-10
141267	7.86332e-11
141367	4.26707e-11
141467	2.30011e-11
141567	1.2418e-11
141667	6.90243e-12
141767	4.27883e-12
141867	3.45574e-12
141967	4.02285e-12
142067	6.07558e-12
142167	1.02032e-11
142267	1.76229e-11
142367	3.04788e-11
142467	5.23637e-11
142567	8.9162e-11
142667	1.50373e-10
142767	2.51146e-10
142867	4.15365e-10
142967	6.80275e-10
143067	1.1033e-09
143167	1.77199e-09
143267	2.81837e-09
143367	4.43927e-09
143467	6.92485e-09
143567	1.0698e-08
143667	1.63682e-08
143767	2.48036e-08
143867	3.72266e-08
143967	5.53388e-08
144067	8.14812e-08
144167	1.18836e-07
144267	1.71679e-07
144367	2.45686e-07
144467	3.48297e-07
144567	4.89151e-07
144667	6.80577e-07
144767	9.38146e-07
144867	1.28127e-06
144967	1.73383e-06
145067	2.32482e-06
145167	3.08894e-06
145267	4.06713e-06
145367	5.30697e-06
145467	6.86292e-06
145567	8.79626e-06
145667	1.11748e-05
145767	1.4072e-05
145867	1.75661e-05
145967	2.17384e-05
146067	2.66707e-05
146167	3.24438e-05
146267	3.91334e-05
146367	4.68075e-05
146467	5.55227e-05
146567	6.5321e-05
146667	7.62259e-05
146767	8.82404e-05
146867	0.000101344
146967	0.000115492
147067	0.000130615
147167	0.000146622
147267	0.000163399
147367	0.000180817
147467	0.000198738
147567	0.000217017
147667	0.000235514
147767	0.000254097
147867	0.000272656
147967	0.000291101
148067	0.000309372
148167	0.000327441
148267	0.000345308
148367	0.000363
148467	0.000380566
148567	0.000398062
148667	0.000415544
148767	0.000433051
148867	0.00045059
148967	0.000468127
149067	0.000485566
149167	0.000502751
149267	0.000519452
149367	0.00053537
149467	0.000550146
149567	0.000563366
149667	0.000574585
149767	0.000583347
149867	0.000589207
149967	0.00059176
150067	0.000590665
150167	0.000585669
150267	0.000576625
150367	0.000563505
150467	0.000546406
150567	0.00052555
150667	0.000501278
150767	0.000474032
150867	0.000444337
150967	0.00041278
151067	0.000379979
151167	0.000346563
151267	0.000313139
151367	0.000280277
151467	0.000248486
151567	0.000218202
151667	0.000189778
151767	0.000163482
151867	0.000139494
151967	0.000117917
152067	9.87802e-05
152167	8.20553e-05
152267	6.76671e-05
152367	5.551e-05
152467	4.54624e-05
152567	3.74021e-05
152667	3.12209e-05
152767	2.68387e-05
152867	2.42161e-05
152967	2.33662e-05
153067	2.43655e-05
153167	2.73627e-05
153267	3.25871e-05
153367	4.03533e-05
153467	5.1065e-05
153567	6.52146e-05
153667	8.33789e-05
153767	0.00010621
153867	0.00013442
153967	0.000168761
154067	0.000209995
154167	0.000258858
154267	0.000316019
154367	0.000382034
154467	0.000457289
154567	0.000541952
154667	0.000635917
154767	0.000738762
154867	0.000849708
154967	0.000967596
155067	0.00109088
155167	0.00121764
155267	0.0013456
155367	0.00147221
155467	0.00159471
155567	0.00171022
155667	0.00181584
155767	0.00190881
155867	0.00198656
155967	0.00204692
156067	0.00208812
156167	0.00210895
156267	0.0021088
156367	0.00208767
156467	0.00204618
156567	0.00198556
156667	0.00190757
156767	0.00181441
156867	0.00170862
156967	0.00159299
157067	0.00147041
157167	0.00134376
157267	0.0012158
157367	0.00108907
157467	0.000965853
157567	0.00084805
157667	0.000737206
157767	0.000634474
157867	0.000540624
157967	0.000456073
158067	0.000380917
158167	0.00031498
158267	0.000257865
158367	0.000209006
158467	0.00016772
158567	0.000133249
158667	0.00010481
158767	8.16203e-05
158867	6.29289e-05
158967	4.80352e-05
159067	3.63016e-05
159167	2.71612e-05
159267	2.01201e-05
159367	1.4756e-05
159467	1.07143e-05
159567	7.70218e-06
159667	5.48179e-06
159767	3.86267e-06
159867	2.6947e-06
159967	1.86119e-06
160067	1.2727e-06
160167	8.61631e-07
160267	5.77527e-07
160367	3.83249e-07
160467	2.51794e-07
160567	1.63783e-07
160667	1.05474e-07
160767	6.72486e-08
160867	4.24499e-08
160967	2.65294e-08
161067	1.64148e-08
161167	1.00554e-08
