2.49702e+07	6.27269e-05
2.49703e+07	0.000102903
2.49704e+07	0.000167133
2.49705e+07	0.000268752
2.49706e+07	0.000427857
2.49707e+07	0.000674377
2.49708e+07	0.00105236
2.49709e+07	0.00162586
2.4971e+07	0.00248689
2.49711e+07	0.00376608
2.49712e+07	0.00564649
2.49713e+07	0.00838156
2.49714e+07	0.0123177
2.49715e+07	0.0179221
2.49716e+07	0.025817
2.49717e+07	0.0368198
2.49718e+07	0.0519891
2.49719e+07	0.0726777
2.4972e+07	0.100588
2.49721e+07	0.137832
2.49722e+07	0.186986
2.49723e+07	0.251146
2.49724e+07	0.333964
2.49725e+07	0.439674
2.49726e+07	0.573085
2.49727e+07	0.739545
2.49728e+07	0.944858
2.49729e+07	1.19516
2.4973e+07	1.49672
2.49731e+07	1.85573
2.49732e+07	2.27796
2.49733e+07	2.76843
2.49734e+07	3.33102
2.49735e+07	3.96807
2.49736e+07	4.67991
2.49737e+07	5.46454
2.49738e+07	6.31722
2.49739e+07	7.23029
2.4974e+07	8.19299
2.49741e+07	9.1915
2.49742e+07	10.2091
2.49743e+07	11.2265
2.49744e+07	12.2225
2.49745e+07	13.1744
2.49746e+07	14.0592
2.49747e+07	14.8541
2.49748e+07	15.5379
2.49749e+07	16.0913
2.4975e+07	16.4987
2.49751e+07	16.748
2.49752e+07	16.832
2.49753e+07	16.748
2.49754e+07	16.4987
2.49755e+07	16.0913
2.49756e+07	15.5379
2.49757e+07	14.8541
2.49758e+07	14.0592
2.49759e+07	13.1744
2.4976e+07	12.2225
2.49761e+07	11.2265
2.49762e+07	10.2091
2.49763e+07	9.1915
2.49764e+07	8.19299
2.49765e+07	7.23029
2.49766e+07	6.31722
2.49767e+07	5.46454
2.49768e+07	4.67991
2.49769e+07	3.96807
2.4977e+07	3.33102
2.49771e+07	2.76843
2.49772e+07	2.27796
2.49773e+07	1.85573
2.49774e+07	1.49672
2.49775e+07	1.19516
2.49776e+07	0.944858
2.49777e+07	0.739545
2.49778e+07	0.573085
2.49779e+07	0.439674
2.4978e+07	0.333964
2.49781e+07	0.251146
2.49782e+07	0.186986
2.49783e+07	0.137832
2.49784e+07	0.100588
2.49785e+07	0.0726777
2.49786e+07	0.0519891
2.49787e+07	0.0368198
2.49788e+07	0.025817
2.49789e+07	0.0179221
2.4979e+07	0.0123177
2.49791e+07	0.00838156
2.49792e+07	0.00564649
2.49793e+07	0.00376608
2.49794e+07	0.00248689
2.49795e+07	0.00162586
2.49796e+07	0.00105236
2.49797e+07	0.000674377
2.49798e+07	0.000427857
2.49799e+07	0.000268752
2.498e+07	0.000167133
2.49801e+07	0.000102903
2.49802e+07	6.27269e-05
2.49803e+07	3.7856e-05
2.49804e+07	2.2619e-05
2.49805e+07	1.33804e-05
2.49806e+07	7.83648e-06
2.49807e+07	4.54392e-06
2.49808e+07	2.60854e-06
2.49809e+07	1.48259e-06
2.4981e+07	8.3426e-07
2.49811e+07	4.64771e-07
2.49812e+07	2.5635e-07
2.49813e+07	1.39986e-07
2.49814e+07	7.56824e-08
2.49815e+07	4.05098e-08
2.49816e+07	2.14676e-08
2.49817e+07	1.12632e-08
2.49818e+07	5.85061e-09
2.49819e+07	3.00881e-09
2.4982e+07	1.53196e-09
2.49821e+07	7.72244e-10
2.49822e+07	3.85407e-10
2.49823e+07	1.90433e-10
2.49824e+07	9.31583e-11
2.49825e+07	4.51189e-11
2.49826e+07	2.16347e-11
2.49827e+07	1.02708e-11
2.49828e+07	4.82736e-12
2.49829e+07	2.24634e-12
2.4983e+07	1.0349e-12
2.49831e+07	4.72036e-13
2.49832e+07	2.13163e-13
2.49833e+07	9.53025e-14
2.49834e+07	4.21846e-14
2.49835e+07	1.84868e-14
2.49836e+07	8.02094e-15
2.49837e+07	3.44545e-15
2.49838e+07	1.46529e-15
2.49839e+07	6.16964e-16
2.4984e+07	2.57189e-16
2.49841e+07	1.06146e-16
2.49842e+07	4.33719e-17
2.49843e+07	1.75457e-17
2.49844e+07	7.02736e-18
2.49845e+07	2.78657e-18
2.49846e+07	1.09397e-18
2.49847e+07	4.25203e-19
2.49848e+07	1.63623e-19
2.49849e+07	6.23377e-20
2.4985e+07	2.35133e-20
2.49851e+07	8.78079e-21
2.49852e+07	3.24646e-21
2.49853e+07	1.18835e-21
2.49854e+07	4.30661e-22
2.49855e+07	1.5452e-22
2.49856e+07	5.48895e-23
2.49857e+07	1.93042e-23
2.49858e+07	6.72157e-24
2.49859e+07	2.31711e-24
2.4986e+07	7.90825e-25
2.49861e+07	2.67221e-25
2.49862e+07	8.93961e-26
2.49863e+07	2.9609e-26
2.49864e+07	9.70923e-27
2.49865e+07	3.15212e-27
2.49866e+07	1.01316e-27
2.49867e+07	3.22413e-28
2.49868e+07	1.01579e-28
2.49869e+07	3.16846e-29
2.4987e+07	9.78482e-30
2.49871e+07	2.99167e-30
2.49872e+07	9.05591e-31
2.49873e+07	2.71398e-31
2.49874e+07	8.05266e-32
2.49875e+07	2.36553e-32
2.49876e+07	6.87978e-33
2.49877e+07	1.98097e-33
2.49878e+07	5.64727e-34
2.49879e+07	1.59388e-34
2.4988e+07	4.4538e-35
2.49881e+07	1.23215e-35
2.49882e+07	3.37482e-36
2.49883e+07	9.15159e-37
2.49884e+07	2.45697e-37
2.49885e+07	6.53069e-38
2.49886e+07	1.7186e-38
2.49887e+07	4.47765e-39
2.49888e+07	1.155e-39
2.49889e+07	2.94964e-40
2.4989e+07	7.45786e-41
2.49891e+07	1.86688e-41
2.49892e+07	4.62674e-42
2.49893e+07	1.13525e-42
2.49894e+07	2.75781e-43
2.49895e+07	6.63278e-44
2.49896e+07	1.57937e-44
2.49897e+07	3.72329e-45
2.49898e+07	8.69018e-46
2.49899e+07	2.00811e-46
2.499e+07	4.59413e-47
2.49901e+07	1.04058e-47
2.49902e+07	2.33349e-48
2.49903e+07	5.18074e-49
2.49904e+07	1.13877e-49
2.49905e+07	2.4782e-50
2.49906e+07	5.33943e-51
2.49907e+07	1.13896e-51
2.49908e+07	2.40537e-52
2.49909e+07	5.02934e-53
2.4991e+07	1.04111e-53
2.49911e+07	2.13374e-54
2.49912e+07	4.32953e-55
2.49913e+07	8.69758e-56
2.49914e+07	1.72987e-56
2.49915e+07	3.40631e-57
2.49916e+07	6.64068e-58
2.49917e+07	1.28174e-58
2.49918e+07	2.44929e-59
2.49919e+07	4.63384e-60
2.4992e+07	8.67955e-61
2.49921e+07	1.60957e-61
2.49922e+07	2.95517e-62
2.49923e+07	5.37168e-63
2.49924e+07	9.66707e-64
2.49925e+07	1.72241e-64
2.49926e+07	3.03834e-65
2.49927e+07	5.3063e-66
2.49928e+07	9.17498e-67
2.49929e+07	1.57064e-67
2.4993e+07	2.66197e-68
2.49931e+07	4.4667e-69
2.49932e+07	7.42042e-70
2.49933e+07	1.22047e-70
2.49934e+07	1.98739e-71
2.49935e+07	3.20402e-72
2.49936e+07	5.11405e-73
2.49937e+07	8.08149e-74
2.49938e+07	1.26437e-74
2.49939e+07	1.95847e-75
2.4994e+07	3.0034e-76
2.49941e+07	4.56004e-77
2.49942e+07	6.85458e-78
2.49943e+07	1.02012e-78
2.49944e+07	1.50306e-79
2.49945e+07	2.1926e-80
2.49946e+07	3.16664e-81
2.49947e+07	4.52789e-82
2.49948e+07	6.40989e-83
2.49949e+07	8.98384e-84
2.4995e+07	1.24661e-84
2.49951e+07	1.7126e-85
2.49952e+07	2.32937e-86
2.49953e+07	3.13673e-87
2.49954e+07	4.18191e-88
2.49955e+07	5.51986e-89
2.49956e+07	7.21338e-90
2.49957e+07	9.33268e-91
2.49958e+07	1.19545e-91
2.49959e+07	1.51605e-92
2.4996e+07	1.9035e-93
2.49961e+07	2.36618e-94
2.49962e+07	2.91207e-95
2.49963e+07	3.54823e-96
2.49964e+07	4.28034e-97
2.49965e+07	5.11214e-98
2.49966e+07	6.04483e-99
2.49967e+07	7.07656e-100
2.49968e+07	8.20196e-101
2.49969e+07	9.41175e-102
2.4997e+07	1.06925e-102
2.49971e+07	1.20267e-103
2.49972e+07	1.33928e-104
2.49973e+07	1.47656e-105
2.49974e+07	1.61172e-106
2.49975e+07	1.74174e-107
2.49976e+07	1.86352e-108
2.49977e+07	1.97399e-109
2.49978e+07	2.07019e-110
2.49979e+07	2.14948e-111
2.4998e+07	2.2096e-112
2.49981e+07	2.2488e-113
2.49982e+07	2.26592e-114
2.49983e+07	2.26045e-115
2.49984e+07	2.23256e-116
2.49985e+07	2.18308e-117
2.49986e+07	2.11345e-118
2.49987e+07	2.02568e-119
2.49988e+07	1.92224e-120
2.49989e+07	1.80593e-121
2.4999e+07	1.67978e-122
2.49991e+07	1.54689e-123
2.49992e+07	1.41034e-124
2.49993e+07	1.27305e-125
2.49994e+07	1.13769e-126
2.49995e+07	1.00661e-127
2.49996e+07	8.81766e-129
2.49997e+07	7.64721e-130
2.49998e+07	6.56614e-131
2.49999e+07	5.5818e-132
2.5e+07	4.69781e-133
2.50001e+07	3.91448e-134
2.50002e+07	3.2293e-135
2.50003e+07	2.63755e-136
2.50004e+07	2.1328e-137
2.50005e+07	1.70749e-138
2.50006e+07	1.35338e-139
2.50007e+07	1.06204e-140
2.50008e+07	8.25123e-142
2.50009e+07	6.34678e-143
2.5001e+07	4.83332e-144
2.50011e+07	3.64413e-145
2.50012e+07	2.72019e-146
2.50013e+07	2.01031e-147
2.50014e+07	1.4709e-148
2.50015e+07	1.06551e-149
2.50016e+07	7.64176e-151
2.50017e+07	5.42606e-152
2.50018e+07	3.81446e-153
2.50019e+07	2.65484e-154
2.5002e+07	1.82936e-155
2.50021e+07	1.24801e-156
2.50022e+07	8.42939e-158
2.50023e+07	5.63676e-159
2.50024e+07	3.73181e-160
2.50025e+07	2.44606e-161
2.50026e+07	1.58735e-162
2.50027e+07	1.01984e-163
2.50028e+07	6.48713e-165
2.50029e+07	4.08534e-166
2.5003e+07	2.54719e-167
2.50031e+07	1.57236e-168
2.50032e+07	9.60943e-170
2.50033e+07	5.81436e-171
2.50034e+07	3.48307e-172
2.50035e+07	2.06576e-173
2.50036e+07	1.21299e-174
2.50037e+07	7.05161e-176
2.50038e+07	4.05861e-177
2.50039e+07	2.31272e-178
2.5004e+07	1.30475e-179
2.50041e+07	7.28765e-181
2.50042e+07	4.03e-182
2.50043e+07	2.20638e-183
2.50044e+07	1.19594e-184
2.50045e+07	6.418e-186
2.50046e+07	3.40993e-187
2.50047e+07	1.79369e-188
2.50048e+07	9.34131e-190
2.50049e+07	4.81643e-191
2.5005e+07	2.45866e-192
2.50051e+07	1.2426e-193
2.50052e+07	6.21753e-195
2.50053e+07	3.08009e-196
2.50054e+07	1.51065e-197
2.50055e+07	7.33541e-199
2.50056e+07	3.52647e-200
2.50057e+07	1.67847e-201
2.50058e+07	7.90941e-203
2.50059e+07	3.69004e-204
2.5006e+07	1.70442e-205
2.50061e+07	7.79431e-207
2.50062e+07	3.52887e-208
2.50063e+07	1.5818e-209
2.50064e+07	7.01979e-211
2.50065e+07	3.08428e-212
2.50066e+07	1.34166e-213
2.50067e+07	5.7781e-215
2.50068e+07	2.46369e-216
2.50069e+07	1.04002e-217
2.5007e+07	4.34669e-219
2.50071e+07	1.79858e-220
2.50072e+07	7.36817e-222
2.50073e+07	2.98845e-223
2.50074e+07	1.20002e-224
2.50075e+07	4.77078e-226
2.50076e+07	1.87779e-227
2.50077e+07	7.31748e-229
2.50078e+07	2.82314e-230
2.50079e+07	1.07835e-231
2.5008e+07	4.078e-233
2.50081e+07	1.52683e-234
2.50082e+07	5.65965e-236
2.50083e+07	2.07705e-237
2.50084e+07	7.54675e-239
2.50085e+07	2.71475e-240
2.50086e+07	9.66849e-242
2.50087e+07	3.40913e-243
2.50088e+07	1.19011e-244
2.50089e+07	4.11324e-246
2.5009e+07	1.40747e-247
2.50091e+07	4.76819e-249
2.50092e+07	1.59928e-250
2.50093e+07	5.31069e-252
2.50094e+07	1.74597e-253
2.50095e+07	5.68299e-255
2.50096e+07	1.83137e-256
2.50097e+07	5.84294e-258
2.50098e+07	1.84563e-259
2.50099e+07	5.77183e-261
2.501e+07	1.78706e-262
2.50101e+07	5.47802e-264
2.50102e+07	1.66251e-265
2.50103e+07	4.99531e-267
2.50104e+07	1.48599e-268
2.50105e+07	4.37652e-270
2.50106e+07	1.27614e-271
2.50107e+07	3.68404e-273
2.50108e+07	1.05295e-274
2.50109e+07	2.97953e-276
2.5011e+07	8.34727e-278
2.50111e+07	2.31526e-279
2.50112e+07	6.35785e-281
2.50113e+07	1.72854e-282
2.50114e+07	4.65269e-284
2.50115e+07	1.2399e-285
2.50116e+07	3.27134e-287
2.50117e+07	8.54521e-289
2.50118e+07	2.20992e-290
2.50119e+07	5.65832e-292
2.5012e+07	1.43435e-293
2.50121e+07	3.59981e-295
2.50122e+07	8.94462e-297
2.50123e+07	2.2004e-298
2.50124e+07	5.35916e-300
2.50125e+07	1.29226e-301
2.50126e+07	3.08503e-303
2.50127e+07	7.29167e-305
2.50128e+07	1.70628e-306
2.50129e+07	3.95305e-308
2.5013e+07	9.06715e-310
2.50131e+07	2.05905e-311
2.50132e+07	4.62934e-313
2.50133e+07	1.03045e-314
2.50134e+07	2.27088e-316
2.50135e+07	4.95473e-318
2.50136e+07	1.07029e-319
2.50137e+07	2.32705e-321
2.50138e+07	8.39912e-323
2.50139e+07	0
2.5014e+07	0
2.50141e+07	0
2.50142e+07	0
2.50143e+07	0
2.50144e+07	0
2.50145e+07	0
2.50146e+07	0
2.50147e+07	0
2.50148e+07	0
2.50149e+07	0
2.5015e+07	0
2.50151e+07	0
2.50152e+07	0
2.50153e+07	0
2.50154e+07	0
2.50155e+07	0
2.50156e+07	0
2.50157e+07	0
2.50158e+07	0
2.50159e+07	0
2.5016e+07	0
2.50161e+07	0
2.50162e+07	0
2.50163e+07	0
2.50164e+07	0
2.50165e+07	0
2.50166e+07	0
2.50167e+07	0
2.50168e+07	0
2.50169e+07	0
2.5017e+07	0
2.50171e+07	0
2.50172e+07	0
2.50173e+07	0
2.50174e+07	0
2.50175e+07	0
2.50176e+07	0
2.50177e+07	0
2.50178e+07	0
2.50179e+07	0
2.5018e+07	0
2.50181e+07	0
2.50182e+07	0
2.50183e+07	0
2.50184e+07	0
2.50185e+07	0
2.50186e+07	0
2.50187e+07	0
2.50188e+07	0
2.50189e+07	0
2.5019e+07	0
2.50191e+07	0
2.50192e+07	0
2.50193e+07	0
2.50194e+07	0
2.50195e+07	0
2.50196e+07	0
2.50197e+07	0
2.50198e+07	0
2.50199e+07	0
2.502e+07	0
2.50201e+07	0
2.50202e+07	0
2.50203e+07	0
2.50204e+07	0
2.50205e+07	0
2.50206e+07	0
2.50207e+07	0
2.50208e+07	0
2.50209e+07	0
2.5021e+07	0
2.50211e+07	0
2.50212e+07	0
2.50213e+07	0
2.50214e+07	0
2.50215e+07	0
2.50216e+07	0
2.50217e+07	0
2.50218e+07	0
2.50219e+07	0
2.5022e+07	0
2.50221e+07	0
2.50222e+07	0
2.50223e+07	0
2.50224e+07	0
2.50225e+07	0
2.50226e+07	0
2.50227e+07	0
2.50228e+07	0
2.50229e+07	0
2.5023e+07	0
2.50231e+07	0
2.50232e+07	0
2.50233e+07	0
2.50234e+07	0
2.50235e+07	0
2.50236e+07	0
2.50237e+07	0
2.50238e+07	0
2.50239e+07	0
2.5024e+07	0
2.50241e+07	0
2.50242e+07	0
2.50243e+07	0
2.50244e+07	0
2.50245e+07	0
2.50246e+07	0
2.50247e+07	0
2.50248e+07	0
2.50249e+07	0
2.5025e+07	0
2.50251e+07	0
2.50252e+07	0
2.50253e+07	0
2.50254e+07	0
2.50255e+07	0
2.50256e+07	0
2.50257e+07	0
2.50258e+07	0
2.50259e+07	0
2.5026e+07	0
2.50261e+07	0
2.50262e+07	0
2.50263e+07	0
2.50264e+07	0
2.50265e+07	0
2.50266e+07	0
2.50267e+07	0
2.50268e+07	0
2.50269e+07	0
2.5027e+07	0
2.50271e+07	0
2.50272e+07	0
2.50273e+07	0
2.50274e+07	0
2.50275e+07	0
2.50276e+07	0
2.50277e+07	0
2.50278e+07	0
2.50279e+07	0
2.5028e+07	0
2.50281e+07	0
2.50282e+07	0
2.50283e+07	0
2.50284e+07	0
2.50285e+07	0
2.50286e+07	0
2.50287e+07	0
2.50288e+07	0
2.50289e+07	0
2.5029e+07	0
2.50291e+07	0
2.50292e+07	0
2.50293e+07	0
2.50294e+07	0
2.50295e+07	0
2.50296e+07	0
2.50297e+07	0
2.50298e+07	0
2.50299e+07	0
2.503e+07	0
2.50301e+07	0
2.50302e+07	0
2.50303e+07	0
2.50304e+07	0
2.50305e+07	0
2.50306e+07	0
2.50307e+07	0
2.50308e+07	0
2.50309e+07	0
2.5031e+07	0
2.50311e+07	0
2.50312e+07	0
2.50313e+07	0
2.50314e+07	0
2.50315e+07	0
2.50316e+07	0
2.50317e+07	0
2.50318e+07	0
2.50319e+07	0
2.5032e+07	0
2.50321e+07	0
2.50322e+07	0
2.50323e+07	0
2.50324e+07	0
2.50325e+07	0
2.50326e+07	0
2.50327e+07	0
2.50328e+07	0
2.50329e+07	0
2.5033e+07	0
2.50331e+07	0
2.50332e+07	0
2.50333e+07	0
2.50334e+07	0
2.50335e+07	0
2.50336e+07	0
2.50337e+07	0
2.50338e+07	0
2.50339e+07	0
2.5034e+07	0
2.50341e+07	0
2.50342e+07	0
2.50343e+07	0
2.50344e+07	0
2.50345e+07	0
2.50346e+07	0
2.50347e+07	0
2.50348e+07	0
2.50349e+07	0
2.5035e+07	0
2.50351e+07	0
2.50352e+07	0
2.50353e+07	0
2.50354e+07	0
2.50355e+07	0
2.50356e+07	0
2.50357e+07	0
2.50358e+07	0
2.50359e+07	0
2.5036e+07	0
2.50361e+07	0
2.50362e+07	0
2.50363e+07	0
2.50364e+07	0
2.50365e+07	0
2.50366e+07	0
2.50367e+07	0
2.50368e+07	0
2.50369e+07	0
2.5037e+07	0
2.50371e+07	0
2.50372e+07	0
2.50373e+07	0
2.50374e+07	0
2.50375e+07	0
2.50376e+07	0
2.50377e+07	0
2.50378e+07	0
2.50379e+07	0
2.5038e+07	0
2.50381e+07	0
2.50382e+07	0
2.50383e+07	0
2.50384e+07	0
2.50385e+07	0
2.50386e+07	0
2.50387e+07	0
2.50388e+07	0
2.50389e+07	0
2.5039e+07	0
2.50391e+07	0
2.50392e+07	0
2.50393e+07	0
2.50394e+07	0
2.50395e+07	0
2.50396e+07	0
2.50397e+07	0
2.50398e+07	0
2.50399e+07	0
2.504e+07	0
2.50401e+07	0
2.50402e+07	0
2.50403e+07	0
2.50404e+07	0
2.50405e+07	0
2.50406e+07	0
2.50407e+07	0
2.50408e+07	0
2.50409e+07	0
2.5041e+07	0
2.50411e+07	0
2.50412e+07	0
2.50413e+07	0
2.50414e+07	0
2.50415e+07	0
2.50416e+07	0
2.50417e+07	0
2.50418e+07	0
2.50419e+07	0
2.5042e+07	0
2.50421e+07	0
2.50422e+07	0
2.50423e+07	0
2.50424e+07	0
2.50425e+07	0
2.50426e+07	0
2.50427e+07	0
2.50428e+07	0
2.50429e+07	0
2.5043e+07	0
2.50431e+07	0
2.50432e+07	0
2.50433e+07	0
2.50434e+07	0
2.50435e+07	0
2.50436e+07	0
2.50437e+07	0
2.50438e+07	0
2.50439e+07	0
2.5044e+07	0
2.50441e+07	0
2.50442e+07	0
2.50443e+07	0
2.50444e+07	0
2.50445e+07	0
2.50446e+07	0
2.50447e+07	0
2.50448e+07	0
2.50449e+07	0
2.5045e+07	0
2.50451e+07	0
2.50452e+07	0
2.50453e+07	0
2.50454e+07	0
2.50455e+07	0
2.50456e+07	0
2.50457e+07	0
2.50458e+07	0
2.50459e+07	0
2.5046e+07	0
2.50461e+07	0
2.50462e+07	0
2.50463e+07	0
2.50464e+07	0
2.50465e+07	0
2.50466e+07	0
2.50467e+07	0
2.50468e+07	0
2.50469e+07	0
2.5047e+07	0
2.50471e+07	0
2.50472e+07	0
2.50473e+07	0
2.50474e+07	0
2.50475e+07	0
2.50476e+07	0
2.50477e+07	0
2.50478e+07	0
2.50479e+07	0
2.5048e+07	0
2.50481e+07	0
2.50482e+07	0
2.50483e+07	0
2.50484e+07	0
2.50485e+07	0
2.50486e+07	0
2.50487e+07	0
2.50488e+07	0
2.50489e+07	0
2.5049e+07	0
2.50491e+07	0
2.50492e+07	0
2.50493e+07	0
2.50494e+07	0
2.50495e+07	0
2.50496e+07	0
2.50497e+07	0
2.50498e+07	0
2.50499e+07	0
2.505e+07	0
2.50501e+07	0
2.50502e+07	0
2.50503e+07	0
2.50504e+07	0
2.50505e+07	0
2.50506e+07	0
2.50507e+07	0
2.50508e+07	0
2.50509e+07	0
2.5051e+07	0
2.50511e+07	0
2.50512e+07	0
2.50513e+07	0
2.50514e+07	0
2.50515e+07	0
2.50516e+07	0
2.50517e+07	0
2.50518e+07	0
2.50519e+07	0
2.5052e+07	0
2.50521e+07	0
2.50522e+07	0
2.50523e+07	0
2.50524e+07	0
2.50525e+07	0
2.50526e+07	0
2.50527e+07	0
2.50528e+07	0
2.50529e+07	0
2.5053e+07	0
2.50531e+07	0
2.50532e+07	0
2.50533e+07	0
2.50534e+07	0
2.50535e+07	0
2.50536e+07	0
2.50537e+07	0
2.50538e+07	0
2.50539e+07	0
2.5054e+07	0
2.50541e+07	0
2.50542e+07	0
2.50543e+07	0
2.50544e+07	0
2.50545e+07	0
2.50546e+07	0
2.50547e+07	0
2.50548e+07	0
2.50549e+07	0
2.5055e+07	0
2.50551e+07	0
2.50552e+07	0
2.50553e+07	0
2.50554e+07	0
2.50555e+07	0
2.50556e+07	0
2.50557e+07	0
2.50558e+07	0
2.50559e+07	0
2.5056e+07	0
2.50561e+07	0
2.50562e+07	0
2.50563e+07	0
2.50564e+07	0
2.50565e+07	0
2.50566e+07	0
2.50567e+07	0
2.50568e+07	0
2.50569e+07	0
2.5057e+07	0
2.50571e+07	0
2.50572e+07	0
2.50573e+07	0
2.50574e+07	0
2.50575e+07	0
2.50576e+07	0
2.50577e+07	0
2.50578e+07	0
2.50579e+07	0
2.5058e+07	0
2.50581e+07	0
2.50582e+07	0
2.50583e+07	0
2.50584e+07	0
2.50585e+07	0
2.50586e+07	0
2.50587e+07	0
2.50588e+07	0
2.50589e+07	0
2.5059e+07	0
2.50591e+07	0
2.50592e+07	0
2.50593e+07	0
2.50594e+07	0
2.50595e+07	0
2.50596e+07	0
2.50597e+07	0
2.50598e+07	0
2.50599e+07	0
2.506e+07	0
2.50601e+07	0
2.50602e+07	0
2.50603e+07	0
2.50604e+07	0
2.50605e+07	0
2.50606e+07	0
2.50607e+07	0
2.50608e+07	0
2.50609e+07	0
2.5061e+07	0
2.50611e+07	0
2.50612e+07	0
2.50613e+07	0
2.50614e+07	0
2.50615e+07	0
2.50616e+07	0
2.50617e+07	0
2.50618e+07	0
2.50619e+07	0
2.5062e+07	0
2.50621e+07	0
2.50622e+07	0
2.50623e+07	0
2.50624e+07	0
2.50625e+07	0
2.50626e+07	0
2.50627e+07	0
2.50628e+07	0
2.50629e+07	0
2.5063e+07	0
2.50631e+07	0
2.50632e+07	0
2.50633e+07	0
2.50634e+07	0
2.50635e+07	0
2.50636e+07	0
2.50637e+07	0
2.50638e+07	0
2.50639e+07	0
2.5064e+07	0
2.50641e+07	0
2.50642e+07	0
2.50643e+07	0
2.50644e+07	0
2.50645e+07	0
2.50646e+07	0
2.50647e+07	0
2.50648e+07	0
2.50649e+07	0
2.5065e+07	0
2.50651e+07	0
2.50652e+07	0
2.50653e+07	0
2.50654e+07	0
2.50655e+07	0
2.50656e+07	0
2.50657e+07	0
2.50658e+07	0
2.50659e+07	0
2.5066e+07	0
2.50661e+07	0
2.50662e+07	0
2.50663e+07	0
2.50664e+07	0
2.50665e+07	0
2.50666e+07	0
2.50667e+07	0
2.50668e+07	0
2.50669e+07	0
2.5067e+07	0
2.50671e+07	0
2.50672e+07	0
2.50673e+07	0
2.50674e+07	0
2.50675e+07	0
2.50676e+07	0
2.50677e+07	0
2.50678e+07	0
2.50679e+07	0
2.5068e+07	0
2.50681e+07	0
2.50682e+07	0
2.50683e+07	0
2.50684e+07	0
2.50685e+07	0
2.50686e+07	0
2.50687e+07	0
2.50688e+07	0
2.50689e+07	0
2.5069e+07	0
2.50691e+07	0
2.50692e+07	0
2.50693e+07	0
2.50694e+07	0
2.50695e+07	0
2.50696e+07	0
2.50697e+07	0
2.50698e+07	0
2.50699e+07	0
2.507e+07	0
2.50701e+07	0
2.50702e+07	0
2.50703e+07	0
2.50704e+07	0
2.50705e+07	0
2.50706e+07	0
2.50707e+07	0
2.50708e+07	0
2.50709e+07	0
2.5071e+07	0
2.50711e+07	0
2.50712e+07	0
2.50713e+07	0
2.50714e+07	0
2.50715e+07	0
2.50716e+07	0
2.50717e+07	0
2.50718e+07	0
2.50719e+07	0
2.5072e+07	0
2.50721e+07	0
2.50722e+07	0
2.50723e+07	0
2.50724e+07	0
2.50725e+07	0
2.50726e+07	0
2.50727e+07	0
2.50728e+07	0
2.50729e+07	0
2.5073e+07	0
2.50731e+07	0
2.50732e+07	0
2.50733e+07	0
2.50734e+07	0
2.50735e+07	0
2.50736e+07	0
2.50737e+07	0
2.50738e+07	0
2.50739e+07	0
2.5074e+07	0
2.50741e+07	0
2.50742e+07	0
2.50743e+07	0
2.50744e+07	0
2.50745e+07	0
2.50746e+07	0
2.50747e+07	0
2.50748e+07	0
2.50749e+07	0
2.5075e+07	0
2.50751e+07	0
2.50752e+07	0
2.50753e+07	0
2.50754e+07	0
2.50755e+07	0
2.50756e+07	0
2.50757e+07	0
2.50758e+07	0
2.50759e+07	0
2.5076e+07	0
2.50761e+07	0
2.50762e+07	0
2.50763e+07	0
2.50764e+07	0
2.50765e+07	0
2.50766e+07	0
2.50767e+07	0
2.50768e+07	0
2.50769e+07	0
2.5077e+07	0
2.50771e+07	0
2.50772e+07	0
2.50773e+07	0
2.50774e+07	0
2.50775e+07	0
2.50776e+07	0
2.50777e+07	0
2.50778e+07	0
2.50779e+07	0
2.5078e+07	0
2.50781e+07	0
2.50782e+07	0
2.50783e+07	0
2.50784e+07	0
2.50785e+07	0
2.50786e+07	0
2.50787e+07	0
2.50788e+07	0
2.50789e+07	0
2.5079e+07	0
2.50791e+07	0
2.50792e+07	0
2.50793e+07	0
2.50794e+07	0
2.50795e+07	0
2.50796e+07	0
2.50797e+07	0
2.50798e+07	0
2.50799e+07	0
2.508e+07	0
2.50801e+07	0
2.50802e+07	0
2.50803e+07	0
2.50804e+07	0
2.50805e+07	0
2.50806e+07	0
2.50807e+07	0
2.50808e+07	0
2.50809e+07	0
2.5081e+07	0
2.50811e+07	0
2.50812e+07	0
2.50813e+07	0
2.50814e+07	0
2.50815e+07	0
2.50816e+07	0
2.50817e+07	0
2.50818e+07	0
2.50819e+07	0
2.5082e+07	0
2.50821e+07	0
2.50822e+07	0
2.50823e+07	0
2.50824e+07	0
2.50825e+07	0
2.50826e+07	0
2.50827e+07	0
2.50828e+07	0
2.50829e+07	0
2.5083e+07	0
2.50831e+07	0
2.50832e+07	0
2.50833e+07	0
2.50834e+07	0
2.50835e+07	0
2.50836e+07	0
2.50837e+07	0
2.50838e+07	0
2.50839e+07	0
2.5084e+07	0
2.50841e+07	0
2.50842e+07	0
2.50843e+07	0
2.50844e+07	0
2.50845e+07	0
2.50846e+07	0
2.50847e+07	0
2.50848e+07	0
2.50849e+07	0
2.5085e+07	0
2.50851e+07	0
2.50852e+07	0
2.50853e+07	0
2.50854e+07	0
2.50855e+07	0
2.50856e+07	0
2.50857e+07	0
2.50858e+07	0
2.50859e+07	0
2.5086e+07	0
2.50861e+07	0
2.50862e+07	0
2.50863e+07	0
2.50864e+07	0
2.50865e+07	0
2.50866e+07	0
2.50867e+07	0
2.50868e+07	0
2.50869e+07	0
2.5087e+07	0
2.50871e+07	0
2.50872e+07	0
2.50873e+07	0
2.50874e+07	0
2.50875e+07	0
2.50876e+07	0
2.50877e+07	0
2.50878e+07	0
2.50879e+07	0
2.5088e+07	0
2.50881e+07	0
2.50882e+07	0
2.50883e+07	0
2.50884e+07	0
2.50885e+07	0
2.50886e+07	0
2.50887e+07	0
2.50888e+07	0
2.50889e+07	0
2.5089e+07	0
2.50891e+07	0
2.50892e+07	0
2.50893e+07	0
2.50894e+07	0
2.50895e+07	0
2.50896e+07	0
2.50897e+07	0
2.50898e+07	0
2.50899e+07	0
2.509e+07	0
2.50901e+07	0
2.50902e+07	0
2.50903e+07	0
2.50904e+07	0
2.50905e+07	0
2.50906e+07	0
2.50907e+07	0
2.50908e+07	0
2.50909e+07	0
2.5091e+07	0
2.50911e+07	0
2.50912e+07	0
2.50913e+07	0
2.50914e+07	0
2.50915e+07	0
2.50916e+07	0
2.50917e+07	0
2.50918e+07	0
2.50919e+07	0
2.5092e+07	0
2.50921e+07	0
2.50922e+07	0
2.50923e+07	0
2.50924e+07	0
2.50925e+07	0
2.50926e+07	0
2.50927e+07	0
2.50928e+07	0
2.50929e+07	0
2.5093e+07	0
2.50931e+07	0
2.50932e+07	0
2.50933e+07	0
2.50934e+07	0
2.50935e+07	0
2.50936e+07	0
2.50937e+07	0
2.50938e+07	0
2.50939e+07	0
2.5094e+07	0
2.50941e+07	0
2.50942e+07	0
2.50943e+07	0
2.50944e+07	0
2.50945e+07	0
2.50946e+07	0
2.50947e+07	0
2.50948e+07	0
2.50949e+07	0
2.5095e+07	0
2.50951e+07	0
2.50952e+07	0
2.50953e+07	0
2.50954e+07	0
2.50955e+07	0
2.50956e+07	0
2.50957e+07	0
2.50958e+07	0
2.50959e+07	0
2.5096e+07	0
2.50961e+07	0
2.50962e+07	0
2.50963e+07	0
2.50964e+07	0
2.50965e+07	0
2.50966e+07	0
2.50967e+07	0
2.50968e+07	0
2.50969e+07	0
2.5097e+07	0
2.50971e+07	0
2.50972e+07	0
2.50973e+07	0
2.50974e+07	0
2.50975e+07	0
2.50976e+07	0
2.50977e+07	0
2.50978e+07	0
2.50979e+07	0
2.5098e+07	0
2.50981e+07	0
2.50982e+07	0
2.50983e+07	0
2.50984e+07	0
2.50985e+07	0
2.50986e+07	0
2.50987e+07	0
2.50988e+07	0
2.50989e+07	0
2.5099e+07	0
2.50991e+07	0
2.50992e+07	0
2.50993e+07	0
2.50994e+07	0
2.50995e+07	0
2.50996e+07	0
2.50997e+07	0
2.50998e+07	0
2.50999e+07	0
2.51e+07	0
2.51001e+07	0
2.51002e+07	0
2.51003e+07	0
2.51004e+07	0
2.51005e+07	0
2.51006e+07	0
2.51007e+07	0
2.51008e+07	0
2.51009e+07	0
2.5101e+07	0
2.51011e+07	0
2.51012e+07	0
2.51013e+07	0
2.51014e+07	0
2.51015e+07	0
2.51016e+07	0
2.51017e+07	0
2.51018e+07	0
2.51019e+07	0
2.5102e+07	0
2.51021e+07	0
2.51022e+07	0
2.51023e+07	0
2.51024e+07	0
2.51025e+07	0
2.51026e+07	0
2.51027e+07	0
2.51028e+07	0
2.51029e+07	0
2.5103e+07	0
2.51031e+07	0
2.51032e+07	0
2.51033e+07	0
2.51034e+07	0
2.51035e+07	0
2.51036e+07	0
2.51037e+07	0
2.51038e+07	0
2.51039e+07	0
2.5104e+07	0
2.51041e+07	0
2.51042e+07	0
2.51043e+07	0
2.51044e+07	0
2.51045e+07	0
2.51046e+07	0
2.51047e+07	0
2.51048e+07	0
2.51049e+07	0
2.5105e+07	0
2.51051e+07	0
2.51052e+07	0
2.51053e+07	0
2.51054e+07	0
2.51055e+07	0
2.51056e+07	0
2.51057e+07	0
2.51058e+07	0
2.51059e+07	0
2.5106e+07	0
2.51061e+07	0
2.51062e+07	0
2.51063e+07	0
2.51064e+07	0
2.51065e+07	0
2.51066e+07	0
2.51067e+07	0
2.51068e+07	0
2.51069e+07	0
2.5107e+07	0
2.51071e+07	0
2.51072e+07	0
2.51073e+07	0
2.51074e+07	0
2.51075e+07	0
2.51076e+07	0
2.51077e+07	0
2.51078e+07	0
2.51079e+07	0
2.5108e+07	0
2.51081e+07	0
2.51082e+07	0
2.51083e+07	0
2.51084e+07	0
2.51085e+07	0
2.51086e+07	0
2.51087e+07	0
2.51088e+07	0
2.51089e+07	0
2.5109e+07	0
2.51091e+07	0
2.51092e+07	0
2.51093e+07	0
2.51094e+07	0
2.51095e+07	0
2.51096e+07	0
2.51097e+07	0
2.51098e+07	0
2.51099e+07	0
2.511e+07	0
2.51101e+07	0
2.51102e+07	0
2.51103e+07	0
2.51104e+07	0
2.51105e+07	0
2.51106e+07	0
2.51107e+07	0
2.51108e+07	0
2.51109e+07	0
2.5111e+07	0
2.51111e+07	0
2.51112e+07	0
2.51113e+07	0
2.51114e+07	0
2.51115e+07	0
2.51116e+07	0
2.51117e+07	0
2.51118e+07	0
2.51119e+07	0
2.5112e+07	0
2.51121e+07	0
2.51122e+07	0
2.51123e+07	0
2.51124e+07	0
2.51125e+07	0
2.51126e+07	0
2.51127e+07	0
2.51128e+07	0
2.51129e+07	0
2.5113e+07	0
2.51131e+07	0
2.51132e+07	0
2.51133e+07	0
2.51134e+07	0
2.51135e+07	0
2.51136e+07	0
2.51137e+07	0
2.51138e+07	0
2.51139e+07	0
2.5114e+07	0
2.51141e+07	0
2.51142e+07	0
2.51143e+07	0
2.51144e+07	0
2.51145e+07	0
2.51146e+07	0
2.51147e+07	0
2.51148e+07	0
2.51149e+07	0
2.5115e+07	0
2.51151e+07	0
2.51152e+07	0
2.51153e+07	0
2.51154e+07	0
2.51155e+07	0
2.51156e+07	0
2.51157e+07	0
2.51158e+07	0
2.51159e+07	0
2.5116e+07	0
2.51161e+07	0
2.51162e+07	0
2.51163e+07	0
2.51164e+07	0
2.51165e+07	0
2.51166e+07	0
2.51167e+07	0
2.51168e+07	0
2.51169e+07	0
2.5117e+07	0
2.51171e+07	0
2.51172e+07	0
2.51173e+07	0
2.51174e+07	0
2.51175e+07	0
2.51176e+07	0
2.51177e+07	0
2.51178e+07	0
2.51179e+07	0
2.5118e+07	0
2.51181e+07	0
2.51182e+07	0
2.51183e+07	0
2.51184e+07	0
2.51185e+07	0
2.51186e+07	0
2.51187e+07	0
2.51188e+07	0
2.51189e+07	0
2.5119e+07	0
2.51191e+07	0
2.51192e+07	0
2.51193e+07	0
2.51194e+07	0
2.51195e+07	0
2.51196e+07	0
2.51197e+07	0
2.51198e+07	0
2.51199e+07	0
2.512e+07	0
2.51201e+07	0
2.51202e+07	0
2.51203e+07	0
2.51204e+07	0
2.51205e+07	0
2.51206e+07	0
2.51207e+07	0
2.51208e+07	0
2.51209e+07	0
2.5121e+07	0
2.51211e+07	0
2.51212e+07	0
2.51213e+07	0
2.51214e+07	0
2.51215e+07	0
2.51216e+07	0
2.51217e+07	0
2.51218e+07	0
2.51219e+07	0
2.5122e+07	0
2.51221e+07	0
2.51222e+07	0
2.51223e+07	0
2.51224e+07	0
2.51225e+07	0
2.51226e+07	0
2.51227e+07	0
2.51228e+07	0
2.51229e+07	0
2.5123e+07	0
2.51231e+07	0
2.51232e+07	0
2.51233e+07	0
2.51234e+07	0
2.51235e+07	0
2.51236e+07	0
2.51237e+07	0
2.51238e+07	0
2.51239e+07	0
2.5124e+07	0
2.51241e+07	0
2.51242e+07	0
2.51243e+07	0
2.51244e+07	0
2.51245e+07	0
2.51246e+07	0
2.51247e+07	0
2.51248e+07	0
2.51249e+07	0
2.5125e+07	0
2.51251e+07	0
2.51252e+07	0
2.51253e+07	0
2.51254e+07	0
2.51255e+07	0
2.51256e+07	0
2.51257e+07	0
2.51258e+07	0
2.51259e+07	0
2.5126e+07	0
2.51261e+07	0
2.51262e+07	0
2.51263e+07	0
2.51264e+07	0
2.51265e+07	0
2.51266e+07	0
2.51267e+07	0
2.51268e+07	0
2.51269e+07	0
2.5127e+07	0
2.51271e+07	0
2.51272e+07	0
2.51273e+07	0
2.51274e+07	0
2.51275e+07	0
2.51276e+07	0
2.51277e+07	0
2.51278e+07	0
2.51279e+07	0
2.5128e+07	0
2.51281e+07	0
2.51282e+07	0
2.51283e+07	0
2.51284e+07	0
2.51285e+07	0
2.51286e+07	0
2.51287e+07	0
2.51288e+07	0
2.51289e+07	0
2.5129e+07	0
2.51291e+07	0
2.51292e+07	0
2.51293e+07	0
2.51294e+07	0
2.51295e+07	0
2.51296e+07	0
2.51297e+07	0
2.51298e+07	0
2.51299e+07	0
2.513e+07	0
2.51301e+07	0
2.51302e+07	0
2.51303e+07	0
2.51304e+07	0
2.51305e+07	0
2.51306e+07	0
2.51307e+07	0
2.51308e+07	0
2.51309e+07	0
2.5131e+07	0
2.51311e+07	0
2.51312e+07	0
2.51313e+07	0
2.51314e+07	0
2.51315e+07	0
2.51316e+07	0
2.51317e+07	0
2.51318e+07	0
2.51319e+07	0
2.5132e+07	0
2.51321e+07	0
2.51322e+07	0
2.51323e+07	0
2.51324e+07	0
2.51325e+07	0
2.51326e+07	0
2.51327e+07	0
2.51328e+07	0
2.51329e+07	0
2.5133e+07	0
2.51331e+07	0
2.51332e+07	0
2.51333e+07	0
2.51334e+07	0
2.51335e+07	0
2.51336e+07	0
2.51337e+07	0
2.51338e+07	0
2.51339e+07	0
2.5134e+07	0
2.51341e+07	0
2.51342e+07	0
2.51343e+07	0
2.51344e+07	0
2.51345e+07	0
2.51346e+07	0
2.51347e+07	0
2.51348e+07	0
2.51349e+07	0
2.5135e+07	0
2.51351e+07	0
2.51352e+07	0
2.51353e+07	0
2.51354e+07	0
2.51355e+07	0
2.51356e+07	0
2.51357e+07	0
2.51358e+07	0
2.51359e+07	0
2.5136e+07	0
2.51361e+07	0
2.51362e+07	0
2.51363e+07	0
2.51364e+07	0
2.51365e+07	0
2.51366e+07	0
2.51367e+07	0
2.51368e+07	0
2.51369e+07	0
2.5137e+07	0
2.51371e+07	0
2.51372e+07	0
2.51373e+07	0
2.51374e+07	0
2.51375e+07	0
2.51376e+07	0
2.51377e+07	0
2.51378e+07	0
2.51379e+07	0
2.5138e+07	0
2.51381e+07	0
2.51382e+07	0
2.51383e+07	0
2.51384e+07	0
2.51385e+07	0
2.51386e+07	0
2.51387e+07	0
2.51388e+07	0
2.51389e+07	0
2.5139e+07	0
2.51391e+07	0
2.51392e+07	0
2.51393e+07	0
2.51394e+07	0
2.51395e+07	0
2.51396e+07	0
2.51397e+07	0
2.51398e+07	0
2.51399e+07	0
2.514e+07	0
2.51401e+07	0
2.51402e+07	0
2.51403e+07	0
2.51404e+07	0
2.51405e+07	0
2.51406e+07	0
2.51407e+07	0
2.51408e+07	0
2.51409e+07	0
2.5141e+07	0
2.51411e+07	0
2.51412e+07	0
2.51413e+07	0
2.51414e+07	0
2.51415e+07	0
2.51416e+07	0
2.51417e+07	0
2.51418e+07	0
2.51419e+07	0
2.5142e+07	0
2.51421e+07	0
2.51422e+07	0
2.51423e+07	0
2.51424e+07	0
2.51425e+07	0
2.51426e+07	0
2.51427e+07	0
2.51428e+07	0
2.51429e+07	0
2.5143e+07	0
2.51431e+07	0
2.51432e+07	0
2.51433e+07	0
2.51434e+07	0
2.51435e+07	0
2.51436e+07	0
2.51437e+07	0
2.51438e+07	0
2.51439e+07	0
2.5144e+07	0
2.51441e+07	0
2.51442e+07	0
2.51443e+07	0
2.51444e+07	0
2.51445e+07	0
2.51446e+07	0
2.51447e+07	0
2.51448e+07	0
2.51449e+07	0
2.5145e+07	0
2.51451e+07	0
2.51452e+07	0
2.51453e+07	0
2.51454e+07	0
2.51455e+07	0
2.51456e+07	0
2.51457e+07	0
2.51458e+07	0
2.51459e+07	0
2.5146e+07	0
2.51461e+07	0
2.51462e+07	0
2.51463e+07	0
2.51464e+07	0
2.51465e+07	0
2.51466e+07	0
2.51467e+07	0
2.51468e+07	0
2.51469e+07	0
2.5147e+07	0
2.51471e+07	0
2.51472e+07	0
2.51473e+07	0
2.51474e+07	0
2.51475e+07	0
2.51476e+07	0
2.51477e+07	0
2.51478e+07	0
2.51479e+07	0
2.5148e+07	0
2.51481e+07	0
2.51482e+07	0
2.51483e+07	0
2.51484e+07	0
2.51485e+07	0
2.51486e+07	0
2.51487e+07	0
2.51488e+07	0
2.51489e+07	0
2.5149e+07	0
2.51491e+07	0
2.51492e+07	0
2.51493e+07	0
2.51494e+07	0
2.51495e+07	0
2.51496e+07	0
2.51497e+07	0
2.51498e+07	0
2.51499e+07	0
2.515e+07	0
2.51501e+07	0
2.51502e+07	0
2.51503e+07	0
2.51504e+07	0
2.51505e+07	0
2.51506e+07	0
2.51507e+07	0
2.51508e+07	0
2.51509e+07	0
2.5151e+07	0
2.51511e+07	0
2.51512e+07	0
2.51513e+07	0
2.51514e+07	0
2.51515e+07	0
2.51516e+07	0
2.51517e+07	0
2.51518e+07	0
2.51519e+07	0
2.5152e+07	0
2.51521e+07	0
2.51522e+07	0
2.51523e+07	0
2.51524e+07	0
2.51525e+07	0
2.51526e+07	0
2.51527e+07	0
2.51528e+07	0
2.51529e+07	0
2.5153e+07	0
2.51531e+07	0
2.51532e+07	0
2.51533e+07	0
2.51534e+07	0
2.51535e+07	0
2.51536e+07	0
2.51537e+07	0
2.51538e+07	0
2.51539e+07	0
2.5154e+07	0
2.51541e+07	0
2.51542e+07	0
2.51543e+07	0
2.51544e+07	0
2.51545e+07	0
2.51546e+07	0
2.51547e+07	0
2.51548e+07	0
2.51549e+07	0
2.5155e+07	0
2.51551e+07	0
2.51552e+07	0
2.51553e+07	0
2.51554e+07	0
2.51555e+07	0
2.51556e+07	0
2.51557e+07	0
2.51558e+07	0
2.51559e+07	0
2.5156e+07	0
2.51561e+07	0
2.51562e+07	0
2.51563e+07	0
2.51564e+07	0
2.51565e+07	0
2.51566e+07	0
2.51567e+07	0
2.51568e+07	0
2.51569e+07	0
2.5157e+07	0
2.51571e+07	0
2.51572e+07	0
2.51573e+07	0
2.51574e+07	0
2.51575e+07	0
2.51576e+07	0
2.51577e+07	0
2.51578e+07	0
2.51579e+07	0
2.5158e+07	0
2.51581e+07	0
2.51582e+07	0
2.51583e+07	0
2.51584e+07	0
2.51585e+07	0
2.51586e+07	0
2.51587e+07	0
2.51588e+07	0
2.51589e+07	0
2.5159e+07	0
2.51591e+07	0
2.51592e+07	0
2.51593e+07	0
2.51594e+07	0
2.51595e+07	0
2.51596e+07	0
2.51597e+07	0
2.51598e+07	0
2.51599e+07	0
2.516e+07	0
2.51601e+07	0
2.51602e+07	0
2.51603e+07	0
2.51604e+07	0
2.51605e+07	0
2.51606e+07	0
2.51607e+07	0
2.51608e+07	0
2.51609e+07	0
2.5161e+07	0
2.51611e+07	0
2.51612e+07	0
2.51613e+07	0
2.51614e+07	0
2.51615e+07	0
2.51616e+07	0
2.51617e+07	0
2.51618e+07	0
2.51619e+07	0
2.5162e+07	0
2.51621e+07	0
2.51622e+07	0
2.51623e+07	0
2.51624e+07	0
2.51625e+07	0
2.51626e+07	0
2.51627e+07	0
2.51628e+07	0
2.51629e+07	0
2.5163e+07	0
2.51631e+07	0
2.51632e+07	0
2.51633e+07	0
2.51634e+07	0
2.51635e+07	0
2.51636e+07	0
2.51637e+07	0
2.51638e+07	0
2.51639e+07	0
2.5164e+07	0
2.51641e+07	0
2.51642e+07	0
2.51643e+07	0
2.51644e+07	0
2.51645e+07	0
2.51646e+07	0
2.51647e+07	0
2.51648e+07	0
2.51649e+07	0
2.5165e+07	0
2.51651e+07	0
2.51652e+07	0
2.51653e+07	0
2.51654e+07	0
2.51655e+07	0
2.51656e+07	0
2.51657e+07	0
2.51658e+07	0
2.51659e+07	0
2.5166e+07	0
2.51661e+07	0
2.51662e+07	0
2.51663e+07	0
2.51664e+07	0
2.51665e+07	0
2.51666e+07	0
2.51667e+07	0
2.51668e+07	0
2.51669e+07	0
2.5167e+07	0
2.51671e+07	0
2.51672e+07	0
2.51673e+07	0
2.51674e+07	0
2.51675e+07	0
2.51676e+07	0
2.51677e+07	0
2.51678e+07	0
2.51679e+07	0
2.5168e+07	0
2.51681e+07	0
2.51682e+07	0
2.51683e+07	0
2.51684e+07	0
2.51685e+07	0
2.51686e+07	0
2.51687e+07	0
2.51688e+07	0
2.51689e+07	0
2.5169e+07	0
2.51691e+07	0
2.51692e+07	0
2.51693e+07	0
2.51694e+07	0
2.51695e+07	0
2.51696e+07	0
2.51697e+07	0
2.51698e+07	0
2.51699e+07	0
2.517e+07	0
2.51701e+07	0
2.51702e+07	0
2.51703e+07	0
2.51704e+07	0
2.51705e+07	0
2.51706e+07	0
2.51707e+07	0
2.51708e+07	0
2.51709e+07	0
2.5171e+07	0
2.51711e+07	0
2.51712e+07	0
2.51713e+07	0
2.51714e+07	0
2.51715e+07	0
2.51716e+07	0
2.51717e+07	0
2.51718e+07	0
2.51719e+07	0
2.5172e+07	0
2.51721e+07	0
2.51722e+07	0
2.51723e+07	0
2.51724e+07	0
2.51725e+07	0
2.51726e+07	0
2.51727e+07	0
2.51728e+07	0
2.51729e+07	0
2.5173e+07	0
2.51731e+07	0
2.51732e+07	0
2.51733e+07	0
2.51734e+07	0
2.51735e+07	0
2.51736e+07	0
2.51737e+07	0
2.51738e+07	0
2.51739e+07	0
2.5174e+07	0
2.51741e+07	0
2.51742e+07	0
2.51743e+07	0
2.51744e+07	0
2.51745e+07	0
2.51746e+07	0
2.51747e+07	0
2.51748e+07	0
2.51749e+07	0
2.5175e+07	0
2.51751e+07	0
2.51752e+07	0
2.51753e+07	0
2.51754e+07	0
2.51755e+07	0
2.51756e+07	0
2.51757e+07	0
2.51758e+07	0
2.51759e+07	0
2.5176e+07	0
2.51761e+07	0
2.51762e+07	0
2.51763e+07	0
2.51764e+07	0
2.51765e+07	0
2.51766e+07	0
2.51767e+07	0
2.51768e+07	0
2.51769e+07	0
2.5177e+07	0
2.51771e+07	0
2.51772e+07	0
2.51773e+07	0
2.51774e+07	0
2.51775e+07	0
2.51776e+07	0
2.51777e+07	0
2.51778e+07	0
2.51779e+07	0
2.5178e+07	0
2.51781e+07	0
2.51782e+07	0
2.51783e+07	0
2.51784e+07	0
2.51785e+07	0
2.51786e+07	0
2.51787e+07	0
2.51788e+07	0
2.51789e+07	0
2.5179e+07	0
2.51791e+07	0
2.51792e+07	0
2.51793e+07	0
2.51794e+07	0
2.51795e+07	0
2.51796e+07	0
2.51797e+07	0
2.51798e+07	0
2.51799e+07	0
2.518e+07	0
2.51801e+07	0
2.51802e+07	0
2.51803e+07	0
2.51804e+07	0
2.51805e+07	0
2.51806e+07	0
2.51807e+07	0
2.51808e+07	0
2.51809e+07	0
2.5181e+07	0
2.51811e+07	0
2.51812e+07	0
2.51813e+07	0
2.51814e+07	0
2.51815e+07	0
2.51816e+07	0
2.51817e+07	0
2.51818e+07	0
2.51819e+07	0
2.5182e+07	0
2.51821e+07	0
2.51822e+07	0
2.51823e+07	0
2.51824e+07	0
2.51825e+07	0
2.51826e+07	0
2.51827e+07	0
2.51828e+07	0
2.51829e+07	0
2.5183e+07	0
2.51831e+07	0
2.51832e+07	0
2.51833e+07	0
2.51834e+07	0
2.51835e+07	0
2.51836e+07	0
2.51837e+07	0
2.51838e+07	0
2.51839e+07	0
2.5184e+07	0
2.51841e+07	0
2.51842e+07	0
2.51843e+07	0
2.51844e+07	0
2.51845e+07	0
2.51846e+07	0
2.51847e+07	0
2.51848e+07	0
2.51849e+07	0
2.5185e+07	0
2.51851e+07	0
2.51852e+07	0
2.51853e+07	0
2.51854e+07	0
2.51855e+07	0
2.51856e+07	0
2.51857e+07	0
2.51858e+07	0
2.51859e+07	0
2.5186e+07	0
2.51861e+07	0
2.51862e+07	0
2.51863e+07	0
2.51864e+07	0
2.51865e+07	0
2.51866e+07	0
2.51867e+07	0
2.51868e+07	0
2.51869e+07	0
2.5187e+07	0
2.51871e+07	0
2.51872e+07	0
2.51873e+07	0
2.51874e+07	0
2.51875e+07	0
2.51876e+07	0
2.51877e+07	0
2.51878e+07	0
2.51879e+07	0
2.5188e+07	0
2.51881e+07	0
2.51882e+07	0
2.51883e+07	0
2.51884e+07	0
2.51885e+07	0
2.51886e+07	0
2.51887e+07	0
2.51888e+07	0
2.51889e+07	0
2.5189e+07	0
2.51891e+07	0
2.51892e+07	0
2.51893e+07	0
2.51894e+07	0
2.51895e+07	0
2.51896e+07	0
2.51897e+07	0
2.51898e+07	0
2.51899e+07	0
2.519e+07	0
2.51901e+07	0
2.51902e+07	0
2.51903e+07	0
2.51904e+07	0
2.51905e+07	0
2.51906e+07	0
2.51907e+07	0
2.51908e+07	0
2.51909e+07	0
2.5191e+07	0
2.51911e+07	0
2.51912e+07	0
2.51913e+07	0
2.51914e+07	0
2.51915e+07	0
2.51916e+07	0
2.51917e+07	0
2.51918e+07	0
2.51919e+07	0
2.5192e+07	0
2.51921e+07	0
2.51922e+07	0
2.51923e+07	0
2.51924e+07	0
2.51925e+07	0
2.51926e+07	0
2.51927e+07	0
2.51928e+07	0
2.51929e+07	0
2.5193e+07	0
2.51931e+07	0
2.51932e+07	0
2.51933e+07	0
2.51934e+07	0
2.51935e+07	0
2.51936e+07	0
2.51937e+07	0
2.51938e+07	0
2.51939e+07	0
2.5194e+07	0
2.51941e+07	0
2.51942e+07	0
2.51943e+07	0
2.51944e+07	0
2.51945e+07	0
2.51946e+07	0
2.51947e+07	0
2.51948e+07	0
2.51949e+07	0
2.5195e+07	0
2.51951e+07	0
2.51952e+07	0
2.51953e+07	0
2.51954e+07	0
2.51955e+07	0
2.51956e+07	0
2.51957e+07	0
2.51958e+07	0
2.51959e+07	0
2.5196e+07	0
2.51961e+07	0
2.51962e+07	0
2.51963e+07	0
2.51964e+07	0
2.51965e+07	0
2.51966e+07	0
2.51967e+07	0
2.51968e+07	0
2.51969e+07	0
2.5197e+07	0
2.51971e+07	0
2.51972e+07	0
2.51973e+07	0
2.51974e+07	0
2.51975e+07	0
2.51976e+07	0
2.51977e+07	0
2.51978e+07	0
2.51979e+07	0
2.5198e+07	0
2.51981e+07	0
2.51982e+07	0
2.51983e+07	0
2.51984e+07	0
2.51985e+07	0
2.51986e+07	0
2.51987e+07	0
2.51988e+07	0
2.51989e+07	0
2.5199e+07	0
2.51991e+07	0
2.51992e+07	0
2.51993e+07	0
2.51994e+07	0
2.51995e+07	0
2.51996e+07	0
2.51997e+07	0
2.51998e+07	0
2.51999e+07	0
2.52e+07	0
2.52001e+07	0
2.52002e+07	0
2.52003e+07	0
2.52004e+07	0
2.52005e+07	0
2.52006e+07	0
2.52007e+07	0
2.52008e+07	0
2.52009e+07	0
2.5201e+07	0
2.52011e+07	0
2.52012e+07	0
2.52013e+07	0
2.52014e+07	0
2.52015e+07	0
2.52016e+07	0
2.52017e+07	0
2.52018e+07	0
2.52019e+07	0
2.5202e+07	0
2.52021e+07	0
2.52022e+07	0
2.52023e+07	0
2.52024e+07	0
2.52025e+07	0
2.52026e+07	0
2.52027e+07	0
2.52028e+07	0
2.52029e+07	0
2.5203e+07	0
2.52031e+07	0
2.52032e+07	0
2.52033e+07	0
2.52034e+07	0
2.52035e+07	0
2.52036e+07	0
2.52037e+07	0
2.52038e+07	0
2.52039e+07	0
2.5204e+07	0
2.52041e+07	0
2.52042e+07	0
2.52043e+07	0
2.52044e+07	0
2.52045e+07	0
2.52046e+07	0
2.52047e+07	0
2.52048e+07	0
2.52049e+07	0
2.5205e+07	0
2.52051e+07	0
2.52052e+07	0
2.52053e+07	0
2.52054e+07	0
2.52055e+07	0
2.52056e+07	0
2.52057e+07	0
2.52058e+07	0
2.52059e+07	0
2.5206e+07	0
2.52061e+07	0
2.52062e+07	0
2.52063e+07	0
2.52064e+07	0
2.52065e+07	0
2.52066e+07	0
2.52067e+07	0
2.52068e+07	0
2.52069e+07	0
2.5207e+07	0
2.52071e+07	0
2.52072e+07	0
2.52073e+07	0
2.52074e+07	0
2.52075e+07	0
2.52076e+07	0
2.52077e+07	0
2.52078e+07	0
2.52079e+07	0
2.5208e+07	0
2.52081e+07	0
2.52082e+07	0
2.52083e+07	0
2.52084e+07	0
2.52085e+07	0
2.52086e+07	0
2.52087e+07	0
2.52088e+07	0
2.52089e+07	0
2.5209e+07	0
2.52091e+07	0
2.52092e+07	0
2.52093e+07	0
2.52094e+07	0
2.52095e+07	0
2.52096e+07	0
2.52097e+07	0
2.52098e+07	0
2.52099e+07	0
2.521e+07	0
2.52101e+07	0
2.52102e+07	0
2.52103e+07	0
2.52104e+07	0
2.52105e+07	0
2.52106e+07	0
2.52107e+07	0
2.52108e+07	0
2.52109e+07	0
2.5211e+07	0
2.52111e+07	0
2.52112e+07	0
2.52113e+07	0
2.52114e+07	0
2.52115e+07	0
2.52116e+07	0
2.52117e+07	0
2.52118e+07	0
2.52119e+07	0
2.5212e+07	0
2.52121e+07	0
2.52122e+07	0
2.52123e+07	0
2.52124e+07	0
2.52125e+07	0
2.52126e+07	0
2.52127e+07	0
2.52128e+07	0
2.52129e+07	0
2.5213e+07	0
2.52131e+07	0
2.52132e+07	0
2.52133e+07	0
2.52134e+07	0
2.52135e+07	0
2.52136e+07	0
2.52137e+07	0
2.52138e+07	0
2.52139e+07	0
2.5214e+07	0
2.52141e+07	0
2.52142e+07	0
2.52143e+07	0
2.52144e+07	0
2.52145e+07	0
2.52146e+07	0
2.52147e+07	0
2.52148e+07	0
2.52149e+07	0
2.5215e+07	0
2.52151e+07	0
2.52152e+07	0
2.52153e+07	0
2.52154e+07	0
2.52155e+07	0
2.52156e+07	0
2.52157e+07	0
2.52158e+07	0
2.52159e+07	0
2.5216e+07	0
2.52161e+07	0
2.52162e+07	0
2.52163e+07	0
2.52164e+07	0
2.52165e+07	0
2.52166e+07	0
2.52167e+07	0
2.52168e+07	0
2.52169e+07	0
2.5217e+07	0
2.52171e+07	0
2.52172e+07	0
2.52173e+07	0
2.52174e+07	0
2.52175e+07	0
2.52176e+07	0
2.52177e+07	0
2.52178e+07	0
2.52179e+07	0
2.5218e+07	0
2.52181e+07	0
2.52182e+07	0
2.52183e+07	0
2.52184e+07	0
2.52185e+07	0
2.52186e+07	0
2.52187e+07	0
2.52188e+07	0
2.52189e+07	0
2.5219e+07	0
2.52191e+07	0
2.52192e+07	0
2.52193e+07	0
2.52194e+07	0
2.52195e+07	0
2.52196e+07	0
2.52197e+07	0
2.52198e+07	0
2.52199e+07	0
2.522e+07	0
2.52201e+07	0
2.52202e+07	0
2.52203e+07	0
2.52204e+07	0
2.52205e+07	0
2.52206e+07	0
2.52207e+07	0
2.52208e+07	0
2.52209e+07	0
2.5221e+07	0
2.52211e+07	0
2.52212e+07	0
2.52213e+07	0
2.52214e+07	0
2.52215e+07	0
2.52216e+07	0
2.52217e+07	0
2.52218e+07	0
2.52219e+07	0
2.5222e+07	0
2.52221e+07	0
2.52222e+07	0
2.52223e+07	0
2.52224e+07	0
2.52225e+07	0
2.52226e+07	0
2.52227e+07	0
2.52228e+07	0
2.52229e+07	0
2.5223e+07	0
2.52231e+07	0
2.52232e+07	0
2.52233e+07	0
2.52234e+07	0
2.52235e+07	0
2.52236e+07	0
2.52237e+07	0
2.52238e+07	0
2.52239e+07	0
2.5224e+07	0
2.52241e+07	0
2.52242e+07	0
2.52243e+07	0
2.52244e+07	0
2.52245e+07	0
2.52246e+07	0
2.52247e+07	0
2.52248e+07	0
2.52249e+07	0
2.5225e+07	0
2.52251e+07	0
2.52252e+07	0
2.52253e+07	0
2.52254e+07	0
2.52255e+07	0
2.52256e+07	0
2.52257e+07	0
2.52258e+07	0
2.52259e+07	0
2.5226e+07	0
2.52261e+07	0
2.52262e+07	0
2.52263e+07	0
2.52264e+07	0
2.52265e+07	0
2.52266e+07	0
2.52267e+07	0
2.52268e+07	0
2.52269e+07	0
2.5227e+07	0
2.52271e+07	0
2.52272e+07	0
2.52273e+07	0
2.52274e+07	0
2.52275e+07	0
2.52276e+07	0
2.52277e+07	0
2.52278e+07	0
2.52279e+07	0
2.5228e+07	0
2.52281e+07	0
2.52282e+07	0
2.52283e+07	0
2.52284e+07	0
2.52285e+07	0
2.52286e+07	0
2.52287e+07	0
2.52288e+07	0
2.52289e+07	0
2.5229e+07	0
2.52291e+07	0
2.52292e+07	0
2.52293e+07	0
2.52294e+07	0
2.52295e+07	0
2.52296e+07	0
2.52297e+07	0
2.52298e+07	0
2.52299e+07	0
2.523e+07	0
2.52301e+07	0
2.52302e+07	0
2.52303e+07	0
2.52304e+07	0
2.52305e+07	0
2.52306e+07	0
2.52307e+07	0
2.52308e+07	0
2.52309e+07	0
2.5231e+07	0
2.52311e+07	0
2.52312e+07	0
2.52313e+07	0
2.52314e+07	0
2.52315e+07	0
2.52316e+07	0
2.52317e+07	0
2.52318e+07	0
2.52319e+07	0
2.5232e+07	0
2.52321e+07	0
2.52322e+07	0
2.52323e+07	0
2.52324e+07	0
2.52325e+07	0
2.52326e+07	0
2.52327e+07	0
2.52328e+07	0
2.52329e+07	0
2.5233e+07	0
2.52331e+07	0
2.52332e+07	0
2.52333e+07	0
2.52334e+07	0
2.52335e+07	0
2.52336e+07	0
2.52337e+07	0
2.52338e+07	0
2.52339e+07	0
2.5234e+07	0
2.52341e+07	0
2.52342e+07	0
2.52343e+07	0
2.52344e+07	0
2.52345e+07	0
2.52346e+07	0
2.52347e+07	0
2.52348e+07	0
2.52349e+07	0
2.5235e+07	0
2.52351e+07	0
2.52352e+07	0
2.52353e+07	0
2.52354e+07	0
2.52355e+07	0
2.52356e+07	0
2.52357e+07	0
2.52358e+07	0
2.52359e+07	0
2.5236e+07	0
2.52361e+07	0
2.52362e+07	0
2.52363e+07	0
2.52364e+07	0
2.52365e+07	0
2.52366e+07	0
2.52367e+07	0
2.52368e+07	0
2.52369e+07	0
2.5237e+07	0
2.52371e+07	0
2.52372e+07	0
2.52373e+07	0
2.52374e+07	0
2.52375e+07	0
2.52376e+07	0
2.52377e+07	0
2.52378e+07	0
2.52379e+07	0
2.5238e+07	0
2.52381e+07	0
2.52382e+07	0
2.52383e+07	0
2.52384e+07	0
2.52385e+07	0
2.52386e+07	0
2.52387e+07	0
2.52388e+07	0
2.52389e+07	0
2.5239e+07	0
2.52391e+07	0
2.52392e+07	0
2.52393e+07	0
2.52394e+07	0
2.52395e+07	0
2.52396e+07	0
2.52397e+07	0
2.52398e+07	0
2.52399e+07	0
2.524e+07	0
2.52401e+07	0
2.52402e+07	0
2.52403e+07	0
2.52404e+07	0
2.52405e+07	0
2.52406e+07	0
2.52407e+07	0
2.52408e+07	0
2.52409e+07	0
2.5241e+07	0
2.52411e+07	0
2.52412e+07	0
2.52413e+07	0
2.52414e+07	0
2.52415e+07	0
2.52416e+07	0
2.52417e+07	0
2.52418e+07	0
2.52419e+07	0
2.5242e+07	0
2.52421e+07	0
2.52422e+07	0
2.52423e+07	0
2.52424e+07	0
2.52425e+07	0
2.52426e+07	0
2.52427e+07	0
2.52428e+07	0
2.52429e+07	0
2.5243e+07	0
2.52431e+07	0
2.52432e+07	0
2.52433e+07	0
2.52434e+07	0
2.52435e+07	0
2.52436e+07	0
2.52437e+07	0
2.52438e+07	0
2.52439e+07	0
2.5244e+07	0
2.52441e+07	0
2.52442e+07	0
2.52443e+07	0
2.52444e+07	0
2.52445e+07	0
2.52446e+07	0
2.52447e+07	0
2.52448e+07	0
2.52449e+07	0
2.5245e+07	0
2.52451e+07	0
2.52452e+07	0
2.52453e+07	0
2.52454e+07	0
2.52455e+07	0
2.52456e+07	0
2.52457e+07	0
2.52458e+07	0
2.52459e+07	0
2.5246e+07	0
2.52461e+07	0
2.52462e+07	0
2.52463e+07	0
2.52464e+07	0
2.52465e+07	0
2.52466e+07	0
2.52467e+07	0
2.52468e+07	0
2.52469e+07	0
2.5247e+07	0
2.52471e+07	0
2.52472e+07	0
2.52473e+07	0
2.52474e+07	0
2.52475e+07	0
2.52476e+07	0
2.52477e+07	0
2.52478e+07	0
2.52479e+07	0
2.5248e+07	0
2.52481e+07	0
2.52482e+07	0
2.52483e+07	0
2.52484e+07	0
2.52485e+07	0
2.52486e+07	0
2.52487e+07	0
2.52488e+07	0
2.52489e+07	0
2.5249e+07	0
2.52491e+07	0
2.52492e+07	0
2.52493e+07	0
2.52494e+07	0
2.52495e+07	0
2.52496e+07	0
2.52497e+07	0
2.52498e+07	0
2.52499e+07	0
2.525e+07	0
2.52501e+07	0
2.52502e+07	0
2.52503e+07	0
2.52504e+07	0
2.52505e+07	0
2.52506e+07	0
2.52507e+07	0
2.52508e+07	0
2.52509e+07	0
2.5251e+07	0
2.52511e+07	0
2.52512e+07	0
2.52513e+07	0
2.52514e+07	0
2.52515e+07	0
2.52516e+07	0
2.52517e+07	0
2.52518e+07	0
2.52519e+07	0
2.5252e+07	0
2.52521e+07	0
2.52522e+07	0
2.52523e+07	0
2.52524e+07	0
2.52525e+07	0
2.52526e+07	0
2.52527e+07	0
2.52528e+07	0
2.52529e+07	0
2.5253e+07	0
2.52531e+07	0
2.52532e+07	0
2.52533e+07	0
2.52534e+07	0
2.52535e+07	0
2.52536e+07	0
2.52537e+07	0
2.52538e+07	0
2.52539e+07	0
2.5254e+07	0
2.52541e+07	0
2.52542e+07	0
2.52543e+07	0
2.52544e+07	0
2.52545e+07	0
2.52546e+07	0
2.52547e+07	0
2.52548e+07	0
2.52549e+07	0
2.5255e+07	0
2.52551e+07	0
2.52552e+07	0
2.52553e+07	0
2.52554e+07	0
2.52555e+07	0
2.52556e+07	0
2.52557e+07	0
2.52558e+07	0
2.52559e+07	0
2.5256e+07	0
2.52561e+07	0
2.52562e+07	0
2.52563e+07	0
2.52564e+07	0
2.52565e+07	0
2.52566e+07	0
2.52567e+07	0
2.52568e+07	0
2.52569e+07	0
2.5257e+07	0
2.52571e+07	0
2.52572e+07	0
2.52573e+07	0
2.52574e+07	0
2.52575e+07	0
2.52576e+07	0
2.52577e+07	0
2.52578e+07	0
2.52579e+07	0
2.5258e+07	0
2.52581e+07	0
2.52582e+07	0
2.52583e+07	0
2.52584e+07	0
2.52585e+07	0
2.52586e+07	0
2.52587e+07	0
2.52588e+07	0
2.52589e+07	0
2.5259e+07	0
2.52591e+07	0
2.52592e+07	0
2.52593e+07	0
2.52594e+07	0
2.52595e+07	0
2.52596e+07	0
2.52597e+07	0
2.52598e+07	0
2.52599e+07	0
2.526e+07	0
2.52601e+07	0
2.52602e+07	0
2.52603e+07	0
2.52604e+07	0
2.52605e+07	0
2.52606e+07	0
2.52607e+07	0
2.52608e+07	0
2.52609e+07	0
2.5261e+07	0
2.52611e+07	0
2.52612e+07	0
2.52613e+07	0
2.52614e+07	0
2.52615e+07	0
2.52616e+07	0
2.52617e+07	0
2.52618e+07	0
2.52619e+07	0
2.5262e+07	0
2.52621e+07	0
2.52622e+07	0
2.52623e+07	0
2.52624e+07	0
2.52625e+07	0
2.52626e+07	0
2.52627e+07	0
2.52628e+07	0
2.52629e+07	0
2.5263e+07	0
2.52631e+07	0
2.52632e+07	0
2.52633e+07	0
2.52634e+07	0
2.52635e+07	0
2.52636e+07	0
2.52637e+07	0
2.52638e+07	0
2.52639e+07	0
2.5264e+07	0
2.52641e+07	0
2.52642e+07	0
2.52643e+07	0
2.52644e+07	0
2.52645e+07	0
2.52646e+07	0
2.52647e+07	0
2.52648e+07	0
2.52649e+07	0
2.5265e+07	0
2.52651e+07	0
2.52652e+07	0
2.52653e+07	0
2.52654e+07	0
2.52655e+07	0
2.52656e+07	0
2.52657e+07	0
2.52658e+07	0
2.52659e+07	0
2.5266e+07	0
2.52661e+07	0
2.52662e+07	0
2.52663e+07	0
2.52664e+07	0
2.52665e+07	0
2.52666e+07	0
2.52667e+07	0
2.52668e+07	0
2.52669e+07	0
2.5267e+07	0
2.52671e+07	0
2.52672e+07	0
2.52673e+07	0
2.52674e+07	0
2.52675e+07	0
2.52676e+07	0
2.52677e+07	0
2.52678e+07	0
2.52679e+07	0
2.5268e+07	0
2.52681e+07	0
2.52682e+07	0
2.52683e+07	0
2.52684e+07	0
2.52685e+07	0
2.52686e+07	0
2.52687e+07	0
2.52688e+07	0
2.52689e+07	0
2.5269e+07	0
2.52691e+07	0
2.52692e+07	0
2.52693e+07	0
2.52694e+07	0
2.52695e+07	0
2.52696e+07	0
2.52697e+07	0
2.52698e+07	0
2.52699e+07	0
2.527e+07	0
2.52701e+07	0
2.52702e+07	0
2.52703e+07	0
2.52704e+07	0
2.52705e+07	0
2.52706e+07	0
2.52707e+07	0
2.52708e+07	0
2.52709e+07	0
2.5271e+07	0
2.52711e+07	0
2.52712e+07	0
2.52713e+07	0
2.52714e+07	0
2.52715e+07	0
2.52716e+07	0
2.52717e+07	0
2.52718e+07	0
2.52719e+07	0
2.5272e+07	0
2.52721e+07	0
2.52722e+07	0
2.52723e+07	0
2.52724e+07	0
2.52725e+07	0
2.52726e+07	0
2.52727e+07	0
2.52728e+07	0
2.52729e+07	0
2.5273e+07	0
2.52731e+07	0
2.52732e+07	0
2.52733e+07	0
2.52734e+07	0
2.52735e+07	0
2.52736e+07	0
2.52737e+07	0
2.52738e+07	0
2.52739e+07	0
2.5274e+07	0
2.52741e+07	0
2.52742e+07	0
2.52743e+07	0
2.52744e+07	0
2.52745e+07	0
2.52746e+07	0
2.52747e+07	0
2.52748e+07	0
2.52749e+07	0
2.5275e+07	0
2.52751e+07	0
2.52752e+07	0
2.52753e+07	0
2.52754e+07	0
2.52755e+07	0
2.52756e+07	0
2.52757e+07	0
2.52758e+07	0
2.52759e+07	0
2.5276e+07	0
2.52761e+07	0
2.52762e+07	0
2.52763e+07	0
2.52764e+07	0
2.52765e+07	0
2.52766e+07	0
2.52767e+07	0
2.52768e+07	0
2.52769e+07	0
2.5277e+07	0
2.52771e+07	0
2.52772e+07	0
2.52773e+07	0
2.52774e+07	0
2.52775e+07	0
2.52776e+07	0
2.52777e+07	0
2.52778e+07	0
2.52779e+07	0
2.5278e+07	0
2.52781e+07	0
2.52782e+07	0
2.52783e+07	0
2.52784e+07	0
2.52785e+07	0
2.52786e+07	0
2.52787e+07	0
2.52788e+07	0
2.52789e+07	0
2.5279e+07	0
2.52791e+07	0
2.52792e+07	0
2.52793e+07	0
2.52794e+07	0
2.52795e+07	2.51973e-322
2.52796e+07	1.37202e-320
2.52797e+07	6.42142e-319
2.52798e+07	2.96239e-317
2.52799e+07	1.35292e-315
2.528e+07	6.11726e-314
2.52801e+07	2.73842e-312
2.52802e+07	1.21367e-310
2.52803e+07	5.32544e-309
2.52804e+07	2.3135e-307
2.52805e+07	9.9504e-306
2.52806e+07	4.2371e-304
2.52807e+07	1.7863e-302
2.52808e+07	7.45582e-301
2.52809e+07	3.08102e-299
2.5281e+07	1.26052e-297
2.52811e+07	5.1058e-296
2.52812e+07	2.04755e-294
2.52813e+07	8.12946e-293
2.52814e+07	3.19555e-291
2.52815e+07	1.24362e-289
2.52816e+07	4.79166e-288
2.52817e+07	1.82785e-286
2.52818e+07	6.90326e-285
2.52819e+07	2.58121e-283
2.5282e+07	9.55543e-282
2.52821e+07	3.50215e-280
2.52822e+07	1.27079e-278
2.52823e+07	4.56534e-277
2.52824e+07	1.62378e-275
2.52825e+07	5.71794e-274
2.52826e+07	1.99347e-272
2.52827e+07	6.88074e-271
2.52828e+07	2.35135e-269
2.52829e+07	7.95533e-268
2.5283e+07	2.66474e-266
2.52831e+07	8.8371e-265
2.52832e+07	2.90149e-263
2.52833e+07	9.43169e-262
2.52834e+07	3.03539e-260
2.52835e+07	9.67159e-259
2.52836e+07	3.05097e-257
2.52837e+07	9.52871e-256
2.52838e+07	2.94637e-254
2.52839e+07	9.01983e-253
2.5284e+07	2.7338e-251
2.52841e+07	8.20335e-250
2.52842e+07	2.4371e-248
2.52843e+07	7.16823e-247
2.52844e+07	2.08741e-245
2.52845e+07	6.01812e-244
2.52846e+07	1.71779e-242
2.52847e+07	4.85443e-241
2.52848e+07	1.3582e-239
2.52849e+07	3.76222e-238
2.5285e+07	1.03177e-236
2.52851e+07	2.80142e-235
2.52852e+07	7.53061e-234
2.52853e+07	2.00419e-232
2.52854e+07	5.28088e-231
2.52855e+07	1.37762e-229
2.52856e+07	3.55804e-228
2.52857e+07	9.09805e-227
2.52858e+07	2.30326e-225
2.52859e+07	5.77292e-224
2.5286e+07	1.43253e-222
2.52861e+07	3.51941e-221
2.52862e+07	8.56038e-220
2.52863e+07	2.06145e-218
2.52864e+07	4.91485e-217
2.52865e+07	1.16012e-215
2.52866e+07	2.71116e-214
2.52867e+07	6.27284e-213
2.52868e+07	1.43691e-211
2.52869e+07	3.25876e-210
2.5287e+07	7.31697e-209
2.52871e+07	1.62655e-207
2.52872e+07	3.57982e-206
2.52873e+07	7.80031e-205
2.52874e+07	1.68275e-203
2.52875e+07	3.59405e-202
2.52876e+07	7.59987e-201
2.52877e+07	1.59105e-199
2.52878e+07	3.29778e-198
2.52879e+07	6.76728e-197
2.5288e+07	1.37488e-195
2.52881e+07	2.76548e-194
2.52882e+07	5.50726e-193
2.52883e+07	1.08582e-191
2.52884e+07	2.11951e-190
2.52885e+07	4.09609e-189
2.52886e+07	7.83723e-188
2.52887e+07	1.48461e-186
2.52888e+07	2.78431e-185
2.52889e+07	5.1699e-184
2.5289e+07	9.50391e-183
2.52891e+07	1.72974e-181
2.52892e+07	3.11684e-180
2.52893e+07	5.5604e-179
2.52894e+07	9.82099e-178
2.52895e+07	1.71736e-176
2.52896e+07	2.9732e-175
2.52897e+07	5.09617e-174
2.52898e+07	8.6481e-173
2.52899e+07	1.45296e-171
2.529e+07	2.41683e-170
2.52901e+07	3.9801e-169
2.52902e+07	6.48932e-168
2.52903e+07	1.04752e-166
2.52904e+07	1.6741e-165
2.52905e+07	2.64885e-164
2.52906e+07	4.14945e-163
2.52907e+07	6.43549e-162
2.52908e+07	9.88164e-161
2.52909e+07	1.50222e-159
2.5291e+07	2.26097e-158
2.52911e+07	3.3691e-157
2.52912e+07	4.97038e-156
2.52913e+07	7.25977e-155
2.52914e+07	1.04981e-153
2.52915e+07	1.503e-152
2.52916e+07	2.13041e-151
2.52917e+07	2.98968e-150
2.52918e+07	4.15377e-149
2.52919e+07	5.71371e-148
2.5292e+07	7.78126e-147
2.52921e+07	1.04915e-145
2.52922e+07	1.40051e-144
2.52923e+07	1.85093e-143
2.52924e+07	2.42186e-142
2.52925e+07	3.13738e-141
2.52926e+07	4.02385e-140
2.52927e+07	5.10944e-139
2.52928e+07	6.42336e-138
2.52929e+07	7.9948e-137
2.5293e+07	9.85169e-136
2.52931e+07	1.20191e-134
2.52932e+07	1.45173e-133
2.52933e+07	1.73605e-132
2.52934e+07	2.05538e-131
2.52935e+07	2.40924e-130
2.52936e+07	2.79592e-129
2.52937e+07	3.21238e-128
2.52938e+07	3.65415e-127
2.52939e+07	4.11531e-126
2.5294e+07	4.58856e-125
2.52941e+07	5.06532e-124
2.52942e+07	5.53598e-123
2.52943e+07	5.99016e-122
2.52944e+07	6.41712e-121
2.52945e+07	6.80611e-120
2.52946e+07	7.14685e-119
2.52947e+07	7.42997e-118
2.52948e+07	7.64746e-117
2.52949e+07	7.79299e-116
2.5295e+07	7.86227e-115
2.52951e+07	7.85324e-114
2.52952e+07	7.76617e-113
2.52953e+07	7.60364e-112
2.52954e+07	7.37045e-111
2.52955e+07	7.07331e-110
2.52956e+07	6.72062e-109
2.52957e+07	6.32197e-108
2.52958e+07	5.8878e-107
2.52959e+07	5.42888e-106
2.5296e+07	4.95592e-105
2.52961e+07	4.47916e-104
2.52962e+07	4.00797e-103
2.52963e+07	3.55067e-102
2.52964e+07	3.11425e-101
2.52965e+07	2.70429e-100
2.52966e+07	2.32493e-99
2.52967e+07	1.9789e-98
2.52968e+07	1.66761e-97
2.52969e+07	1.3913e-96
2.5297e+07	1.14923e-95
2.52971e+07	9.39829e-95
2.52972e+07	7.60936e-94
2.52973e+07	6.09964e-93
2.52974e+07	4.8408e-92
2.52975e+07	3.80354e-91
2.52976e+07	2.9588e-90
2.52977e+07	2.27876e-89
2.52978e+07	1.73756e-88
2.52979e+07	1.31171e-87
2.5298e+07	9.80381e-87
2.52981e+07	7.2545e-86
2.52982e+07	5.31468e-85
2.52983e+07	3.85482e-84
2.52984e+07	2.76814e-83
2.52985e+07	1.96802e-82
2.52986e+07	1.38524e-81
2.52987e+07	9.65342e-81
2.52988e+07	6.66029e-80
2.52989e+07	4.54949e-79
2.5299e+07	3.07672e-78
2.52991e+07	2.06002e-77
2.52992e+07	1.36556e-76
2.52993e+07	8.96208e-76
2.52994e+07	5.82322e-75
2.52995e+07	3.74606e-74
2.52996e+07	2.38585e-73
2.52997e+07	1.50442e-72
2.52998e+07	9.39185e-72
2.52999e+07	5.80485e-71
2.53e+07	3.55212e-70
2.53001e+07	2.15199e-69
2.53002e+07	1.29078e-68
2.53003e+07	7.66513e-68
2.53004e+07	4.50655e-67
2.53005e+07	2.62317e-66
2.53006e+07	1.5117e-65
2.53007e+07	8.62505e-65
2.53008e+07	4.87208e-64
2.53009e+07	2.72474e-63
2.5301e+07	1.50866e-62
2.53011e+07	8.2702e-62
2.53012e+07	4.48846e-61
2.53013e+07	2.41177e-60
2.53014e+07	1.28301e-59
2.53015e+07	6.75746e-59
2.53016e+07	3.52365e-58
2.53017e+07	1.81911e-57
2.53018e+07	9.29787e-57
2.53019e+07	4.70505e-56
2.5302e+07	2.35723e-55
2.53021e+07	1.16922e-54
2.53022e+07	5.74181e-54
2.53023e+07	2.79163e-53
2.53024e+07	1.34377e-52
2.53025e+07	6.40393e-52
2.53026e+07	3.02153e-51
2.53027e+07	1.41144e-50
2.53028e+07	6.52766e-50
2.53029e+07	2.98888e-49
2.5303e+07	1.35493e-48
2.53031e+07	6.08111e-48
2.53032e+07	2.70212e-47
2.53033e+07	1.18873e-46
2.53034e+07	5.17751e-46
2.53035e+07	2.23262e-45
2.53036e+07	9.53159e-45
2.53037e+07	4.02877e-44
2.53038e+07	1.68592e-43
2.53039e+07	6.98489e-43
2.5304e+07	2.86509e-42
2.53041e+07	1.16352e-41
2.53042e+07	4.67808e-41
2.53043e+07	1.86216e-40
2.53044e+07	7.33879e-40
2.53045e+07	2.86344e-39
2.53046e+07	1.10614e-38
2.53047e+07	4.23046e-38
2.53048e+07	1.60185e-37
2.53049e+07	6.00503e-37
2.5305e+07	2.22877e-36
2.53051e+07	8.18976e-36
2.53052e+07	2.97944e-35
2.53053e+07	1.07314e-34
2.53054e+07	3.82678e-34
2.53055e+07	1.35104e-33
2.53056e+07	4.72236e-33
2.53057e+07	1.63421e-32
2.53058e+07	5.59905e-32
2.53059e+07	1.89923e-31
2.5306e+07	6.37818e-31
2.53061e+07	2.12067e-30
2.53062e+07	6.98085e-30
2.53063e+07	2.27509e-29
2.53064e+07	7.34087e-29
2.53065e+07	2.34505e-28
2.53066e+07	7.41677e-28
2.53067e+07	2.32238e-27
2.53068e+07	7.19964e-27
2.53069e+07	2.20975e-26
2.5307e+07	6.71482e-26
2.53071e+07	2.02014e-25
2.53072e+07	6.01709e-25
2.53073e+07	1.77439e-24
2.53074e+07	5.18045e-24
2.53075e+07	1.49742e-23
2.53076e+07	4.28525e-23
2.53077e+07	1.21413e-22
2.53078e+07	3.40575e-22
2.53079e+07	9.45838e-22
2.5308e+07	2.60062e-21
2.53081e+07	7.07939e-21
2.53082e+07	1.90797e-20
2.53083e+07	5.091e-20
2.53084e+07	1.34491e-19
2.53085e+07	3.51754e-19
2.53086e+07	9.1084e-19
2.53087e+07	2.33508e-18
2.53088e+07	5.9268e-18
2.53089e+07	1.48934e-17
2.5309e+07	3.70532e-17
2.53091e+07	9.12672e-17
2.53092e+07	2.22567e-16
2.53093e+07	5.37358e-16
2.53094e+07	1.28447e-15
2.53095e+07	3.03977e-15
2.53096e+07	7.1222e-15
2.53097e+07	1.65213e-14
2.53098e+07	3.79431e-14
2.53099e+07	8.62737e-14
2.531e+07	1.94214e-13
2.53101e+07	4.32852e-13
2.53102e+07	9.55115e-13
2.53103e+07	2.08655e-12
2.53104e+07	4.51294e-12
2.53105e+07	9.66378e-12
2.53106e+07	2.04876e-11
2.53107e+07	4.30024e-11
2.53108e+07	8.93618e-11
2.53109e+07	1.83852e-10
2.5311e+07	3.7449e-10
2.53111e+07	7.55214e-10
2.53112e+07	1.50784e-09
2.53113e+07	2.98058e-09
2.53114e+07	5.83313e-09
2.53115e+07	1.13021e-08
2.53116e+07	2.16808e-08
2.53117e+07	4.11762e-08
2.53118e+07	7.7424e-08
2.53119e+07	1.44133e-07
2.5312e+07	2.65647e-07
2.53121e+07	4.84736e-07
2.53122e+07	8.75715e-07
2.53123e+07	1.56631e-06
2.53124e+07	2.77363e-06
2.53125e+07	4.8627e-06
2.53126e+07	8.4404e-06
2.53127e+07	1.45046e-05
2.53128e+07	2.46777e-05
2.53129e+07	4.15683e-05
2.5313e+07	6.93228e-05
2.53131e+07	0.000114458
2.53132e+07	0.0001871
2.53133e+07	0.000302803
2.53134e+07	0.000485179
2.53135e+07	0.000769663
2.53136e+07	0.00120881
2.53137e+07	0.00187962
2.53138e+07	0.00289361
2.53139e+07	0.0044103
2.5314e+07	0.00665506
2.53141e+07	0.00994245
2.53142e+07	0.0147059
2.53143e+07	0.0215351
2.53144e+07	0.031222
2.53145e+07	0.0448157
2.53146e+07	0.0636878
2.53147e+07	0.0896067
2.53148e+07	0.124819
2.53149e+07	0.172139
2.5315e+07	0.235036
2.53151e+07	0.317721
2.53152e+07	0.425221
2.53153e+07	0.563431
2.53154e+07	0.739136
2.53155e+07	0.959985
2.53156e+07	1.23442
2.53157e+07	1.57151
2.53158e+07	1.98074
2.53159e+07	2.4717
2.5316e+07	3.05366
2.53161e+07	3.73511
2.53162e+07	4.52317
2.53163e+07	5.423
2.53164e+07	6.43715
2.53165e+07	7.56492
2.53166e+07	8.80181
2.53167e+07	10.139
2.53168e+07	11.5632
2.53169e+07	13.0562
2.5317e+07	14.5953
2.53171e+07	16.1535
2.53172e+07	17.7002
2.53173e+07	19.2019
2.53174e+07	20.6238
2.53175e+07	21.9306
2.53176e+07	23.0881
2.53177e+07	24.0649
2.53178e+07	24.8334
2.53179e+07	25.3715
2.5318e+07	25.6633
2.53181e+07	25.7002
2.53182e+07	25.481
2.53183e+07	25.0123
2.53184e+07	24.308
2.53185e+07	23.3884
2.53186e+07	22.2797
2.53187e+07	21.0124
2.53188e+07	19.62
2.53189e+07	18.1376
2.5319e+07	16.6003
2.53191e+07	15.0422
2.53192e+07	13.4946
2.53193e+07	11.9859
2.53194e+07	10.5399
2.53195e+07	9.17608
2.53196e+07	7.90928
2.53197e+07	6.74953
2.53198e+07	5.70252
2.53199e+07	4.76999
2.532e+07	3.95026
2.53201e+07	3.23884
2.53202e+07	2.62913
2.53203e+07	2.11296
2.53204e+07	1.68123
2.53205e+07	1.3244
2.53206e+07	1.03293
2.53207e+07	0.797584
2.53208e+07	0.609734
2.53209e+07	0.46149
2.5321e+07	0.345812
2.53211e+07	0.256552
2.53212e+07	0.188438
2.53213e+07	0.13703
2.53214e+07	0.098656
2.53215e+07	0.0703213
2.53216e+07	0.0496258
2.53217e+07	0.0346725
2.53218e+07	0.0239839
2.53219e+07	0.0164252
2.5322e+07	0.0111368
2.53221e+07	0.00747595
2.53222e+07	0.00496854
2.53223e+07	0.00326926
2.53224e+07	0.00212974
2.53225e+07	0.0013736
2.53226e+07	0.000877104
2.53227e+07	0.000554497
2.53228e+07	0.00034706
2.53229e+07	0.000215064
2.5323e+07	0.000131943
