123427	2.03298e-08
123527	3.39205e-08
123627	5.61137e-08
123727	9.20433e-08
123827	1.49718e-07
123927	2.41519e-07
124027	3.86426e-07
124127	6.13279e-07
124227	9.65522e-07
124327	1.50805e-06
124427	2.33697e-06
124527	3.59337e-06
124627	5.48268e-06
124727	8.30132e-06
124827	1.24734e-05
124927	1.86004e-05
125027	2.75275e-05
125127	4.04318e-05
125227	5.89378e-05
125327	8.52652e-05
125427	0.000122418
125527	0.000174423
125627	0.000246617
125727	0.000346005
125827	0.000481671
125927	0.000665273
126027	0.000911581
126127	0.00123908
126227	0.00167063
126327	0.00223404
126427	0.00296277
126527	0.00389635
126627	0.0050808
126727	0.00656872
126827	0.00841908
126927	0.0106966
127027	0.0134707
127127	0.0168135
127227	0.0207978
127327	0.0254941
127427	0.0309663
127527	0.0372684
127627	0.0444391
127727	0.0524976
127827	0.0614381
127927	0.0712261
128027	0.0817943
128127	0.0930401
128227	0.104825
128327	0.116973
128427	0.129278
128527	0.141502
128627	0.153387
128727	0.164662
128827	0.17505
128927	0.184284
129027	0.192115
129127	0.198323
129227	0.20273
129327	0.205204
129427	0.205671
129527	0.204115
129627	0.200578
129727	0.195162
129827	0.188022
129927	0.179355
130027	0.1694
130127	0.158416
130227	0.14668
130327	0.13447
130427	0.122057
130527	0.109692
130627	0.0976039
130727	0.0859868
130827	0.0750015
130927	0.0647708
131027	0.0553807
131127	0.0468821
131227	0.0392937
131327	0.0326066
131427	0.0267889
131527	0.0217905
131627	0.0175487
131727	0.0139923
131827	0.0110457
131927	0.00863295
132027	0.00668018
132127	0.00511775
132227	0.00388177
132327	0.00291503
132427	0.00216728
132527	0.00159532
132627	0.00116263
132727	0.000838864
132827	0.000599243
132927	0.000423812
133027	0.000296758
133127	0.000205726
133227	0.000141201
133327	9.59491e-05
133427	6.45512e-05
133527	4.29957e-05
133627	2.83534e-05
133727	1.85115e-05
133827	1.19657e-05
133927	7.65755e-06
134027	4.85177e-06
134127	3.04347e-06
134227	1.89014e-06
134327	1.16219e-06
134427	7.07489e-07
134527	4.26402e-07
134627	2.54436e-07
134727	1.50316e-07
134827	8.79256e-08
134927	5.093e-08
135027	2.92269e-08
135127	1.66419e-08
135227	9.4482e-09
135327	5.43081e-09
135427	3.30355e-09
135527	2.3553e-09
135627	2.2443e-09
135727	2.89121e-09
135827	4.44281e-09
135927	7.29379e-09
136027	1.21665e-08
136127	2.026e-08
136227	3.34899e-08
136327	5.48566e-08
136427	8.89923e-08
136527	1.42961e-07
136627	2.27407e-07
136727	3.5819e-07
136827	5.58663e-07
136927	8.62814e-07
137027	1.31954e-06
137127	1.99838e-06
137227	2.99701e-06
137327	4.45106e-06
137427	6.54659e-06
137527	9.53573e-06
137627	1.3756e-05
137727	1.96537e-05
137827	2.78114e-05
137927	3.89804e-05
138027	5.41166e-05
138127	7.44206e-05
138227	0.000101381
138327	0.000136816
138427	0.000182921
138527	0.000242303
138627	0.000318014
138727	0.000413577
138827	0.000532989
138927	0.00068071
139027	0.000861631
139127	0.00108101
139227	0.00134438
139327	0.00165742
139427	0.00202583
139527	0.00245511
139627	0.00295035
139727	0.003516
139827	0.00415562
139927	0.00487162
140027	0.00566495
140127	0.00653493
140227	0.00747893
140327	0.00849223
140427	0.00956788
140527	0.0106966
140627	0.0118667
140727	0.0130642
140827	0.0142731
140927	0.0154753
141027	0.0166514
141127	0.0177806
141227	0.0188417
141327	0.0198133
141427	0.0206748
141527	0.0214067
141627	0.0219916
141727	0.0224148
141827	0.0226648
141927	0.0227339
142027	0.0226187
142127	0.0223199
142227	0.021843
142327	0.0211977
142427	0.0203977
142527	0.0194605
142627	0.0184063
142727	0.0172577
142827	0.0160387
142927	0.0147736
143027	0.0134867
143127	0.0122009
143227	0.0109374
143327	0.00971513
143427	0.00854996
143527	0.0074548
143627	0.00643933
143727	0.00551005
143827	0.00467048
143927	0.00392136
144027	0.00326111
144127	0.00268615
144227	0.00219137
144327	0.00177055
144427	0.00141676
144527	0.0011227
144627	0.000881059
144727	0.000684709
144827	0.000526937
144927	0.000401564
145027	0.000303031
145127	0.000226437
145227	0.000167544
145327	0.000122752
145427	8.90511e-05
145527	6.39669e-05
145627	4.5496e-05
145727	3.20397e-05
145827	2.23407e-05
145927	1.5424e-05
146027	1.05435e-05
146127	7.13603e-06
146227	4.78201e-06
146327	3.17281e-06
146427	2.08428e-06
146527	1.35564e-06
146627	8.72981e-07
146727	5.56595e-07
146827	3.51353e-07
146927	2.19593e-07
147027	1.35882e-07
147127	8.3248e-08
147227	5.04953e-08
147327	3.03246e-08
147427	1.80303e-08
147527	1.06139e-08
147627	6.18602e-09
147727	3.56953e-09
147827	2.03926e-09
147927	1.15344e-09
148027	6.45921e-10
148127	3.58117e-10
148227	1.96576e-10
148327	1.06831e-10
148427	5.74811e-11
148527	3.06204e-11
148627	1.61494e-11
148727	8.43262e-12
148827	4.3594e-12
148927	2.23126e-12
149027	1.13066e-12
149127	5.67247e-13
149227	2.81754e-13
149327	1.38557e-13
149427	6.74595e-14
149527	3.25174e-14
149627	1.55184e-14
149727	7.33224e-15
149827	3.42992e-15
149927	1.58851e-15
150027	7.28368e-16
150127	3.30652e-16
150227	1.4861e-16
150327	6.61278e-17
150427	2.91324e-17
150527	1.27065e-17
150627	5.48699e-18
150727	2.34584e-18
150827	9.92936e-19
150927	4.16103e-19
151027	1.72638e-19
151127	7.09139e-20
151227	2.88392e-20
151327	1.16116e-20
151427	4.62868e-21
151527	1.82675e-21
151627	7.13773e-22
151727	2.7612e-22
151827	1.05753e-22
151927	4.00999e-23
152027	1.5054e-23
152127	5.59523e-24
152227	2.05893e-24
152327	7.50105e-25
152427	2.70561e-25
152527	9.66306e-26
152627	3.42001e-26
152727	1.20794e-26
152827	4.50527e-27
152927	2.4775e-27
153027	3.53464e-27
153127	8.89521e-27
153227	2.47953e-26
153327	6.94154e-26
153427	1.92725e-25
153527	5.29866e-25
153627	1.44232e-24
153727	3.88699e-24
153827	1.03711e-23
153927	2.73964e-23
154027	7.16505e-23
154127	1.85525e-22
154227	4.75602e-22
154327	1.2071e-21
154427	3.03319e-21
154527	7.54596e-21
154627	1.8586e-20
154727	4.53229e-20
154827	1.09423e-19
154927	2.6155e-19
155027	6.18957e-19
155127	1.45019e-18
155227	3.36394e-18
155327	7.72558e-18
155427	1.7566e-17
155527	3.95435e-17
155627	8.81327e-17
155727	1.94473e-16
155827	4.24857e-16
155927	9.18939e-16
156027	1.96785e-15
156127	4.17215e-15
156227	8.75772e-15
156327	1.82006e-14
156427	3.74493e-14
156527	7.629e-14
156627	1.53871e-13
156727	3.07266e-13
156827	6.0749e-13
156927	1.18914e-12
157027	2.30462e-12
157127	4.4222e-12
157227	8.40141e-12
157327	1.58031e-11
157427	2.94314e-11
157527	5.42703e-11
157627	9.90828e-11
157727	1.79111e-10
157827	3.2058e-10
157927	5.68129e-10
158027	9.96912e-10
158127	1.7321e-09
158227	2.97987e-09
158327	5.07622e-09
158427	8.56262e-09
158527	1.43023e-08
158627	2.36561e-08
158727	3.87462e-08
158827	6.28459e-08
158927	1.00948e-07
159027	1.60583e-07
159127	2.5299e-07
159227	3.9475e-07
159327	6.10061e-07
159427	9.33849e-07
159527	1.41597e-06
159627	2.1268e-06
159727	3.16463e-06
159827	4.66518e-06
159927	6.8139e-06
160027	9.86137e-06
160127	1.41426e-05
160227	2.01006e-05
160327	2.83153e-05
160427	3.95373e-05
160527	5.47288e-05
160627	7.511e-05
160727	0.000102213
160827	0.000137941
160927	0.000184638
161027	0.000245158
161127	0.000322944
161227	0.000422109
161327	0.00054752
161427	0.000704873
161527	0.000900771
161627	0.00114278
161727	0.0014395
161827	0.00180052
161927	0.00223649
162027	0.002759
162127	0.00338046
162227	0.00411398
162327	0.00497301
162427	0.0059711
162527	0.00712137
162627	0.00843602
162727	0.00992575
162827	0.011599
162927	0.0134613
163027	0.0155146
163127	0.0177565
163227	0.0201796
163327	0.0227715
163427	0.0255141
163527	0.0283842
163627	0.0313538
163727	0.034391
163827	0.0374615
163927	0.0405299
164027	0.0435622
164127	0.0465282
164227	0.0494039
164327	0.0521746
164427	0.0548372
164527	0.0574032
164627	0.0599008
164727	0.0623766
164827	0.0648968
164927	0.0675478
165027	0.0704356
165127	0.0736846
165227	0.0774354
165327	0.0818416
165427	0.0870653
165527	0.0932724
165627	0.100626
165727	0.109281
165827	0.119373
165927	0.131019
166027	0.144298
166127	0.159255
166227	0.175887
166327	0.19414
166427	0.213906
166527	0.235019
166627	0.257256
166727	0.280338
166827	0.30394
166927	0.327692
167027	0.351195
167127	0.374029
167227	0.39577
167327	0.416001
167427	0.434331
167527	0.450404
167627	0.463916
167727	0.474622
167827	0.482347
167927	0.486986
168027	0.488511
168127	0.486965
168227	0.482459
168327	0.475165
168427	0.465305
168527	0.453141
168627	0.438965
168727	0.423084
168827	0.405812
168927	0.387461
169027	0.368328
169127	0.348694
169227	0.328816
169327	0.308926
169427	0.289227
169527	0.269897
169627	0.25109
169727	0.232936
169827	0.215542
169927	0.199001
170027	0.183388
170127	0.168764
170227	0.155176
170327	0.142663
170427	0.131248
170527	0.120942
170627	0.111744
170727	0.103637
170827	0.0965921
170927	0.0905611
171027	0.0854825
171127	0.0812791
171227	0.0778602
171327	0.0751229
171427	0.0729555
171527	0.0712402
171627	0.0698571
171727	0.0686877
171827	0.0676194
171927	0.0665486
172027	0.0653846
172127	0.0640521
172227	0.0624928
172327	0.0606673
172427	0.0585546
172527	0.0561518
172627	0.0534726
172727	0.050545
172827	0.0474087
172927	0.0441124
173027	0.04071
173127	0.0372581
173227	0.0338127
173327	0.0304269
173427	0.0271487
173527	0.0240194
173627	0.0210727
173727	0.0183339
173827	0.0158202
173927	0.0135411
174027	0.0114987
174127	0.00968913
174227	0.00810331
174327	0.00672824
174427	0.00554804
174527	0.00454507
174627	0.00370077
174727	0.00299652
174827	0.00241421
174927	0.00193674
175027	0.00154835
175127	0.00123477
175227	0.000983389
175327	0.000783184
175427	0.000624707
175527	0.000499955
175627	0.000402251
175727	0.000326084
175827	0.00026697
175927	0.000221295
176027	0.000186184
176127	0.000159377
176227	0.000139116
176327	0.000124048
176427	0.000113144
176527	0.000105629
176627	0.000100917
176727	9.85668e-05
176827	9.82378e-05
176927	9.96562e-05
177027	0.000102588
177127	0.000106818
177227	0.000112134
177327	0.000118318
177427	0.000125138
177527	0.000132348
177627	0.000139686
177727	0.000146887
177827	0.00015368
177927	0.000159805
178027	0.000165017
178127	0.0001691
178227	0.000171871
178327	0.000173192
178427	0.000172975
178527	0.000171183
178627	0.000167833
178727	0.000162993
178827	0.000156778
178927	0.000149344
179027	0.00014088
179127	0.000131596
179227	0.000121718
179327	0.000111473
179427	0.000101083
179527	9.07545e-05
179627	8.06748e-05
179727	7.10037e-05
179827	6.1872e-05
179927	5.33794e-05
180027	4.55951e-05
180127	3.85589e-05
180227	3.22845e-05
180327	2.67623e-05
180427	2.1964e-05
180527	1.78468e-05
180627	1.43571e-05
180727	1.14349e-05
180827	9.01684e-06
180927	7.03939e-06
181027	5.44093e-06
181127	4.1636e-06
181227	3.15444e-06
181327	2.3661e-06
181427	1.75712e-06
181527	1.29189e-06
181627	9.4039e-07
181727	6.77715e-07
181827	4.83553e-07
181927	3.41584e-07
182027	2.38896e-07
182127	1.65415e-07
182227	1.13397e-07
182327	7.69631e-08
182427	5.17156e-08
182527	3.44047e-08
182627	2.26606e-08
182727	1.47768e-08
182827	9.54e-09
182927	6.09779e-09
183027	3.85882e-09
183127	2.41764e-09
183227	1.49964e-09
183327	9.20959e-10
