33923.8	1.77588e-08
34023.8	2.93364e-08
34123.8	4.8011e-08
34223.8	7.78472e-08
34323.8	1.25066e-07
34423.8	1.99097e-07
34523.8	3.14086e-07
34623.8	4.9105e-07
34723.8	7.6091e-07
34823.8	1.16872e-06
34923.8	1.77951e-06
35023.8	2.68626e-06
35123.8	4.02064e-06
35223.8	5.9675e-06
35323.8	8.7839e-06
35423.8	1.28242e-05
35523.8	1.85726e-05
35623.8	2.6685e-05
35723.8	3.80419e-05
35823.8	5.38157e-05
35923.8	7.55539e-05
36023.8	0.000105281
36123.8	0.000145625
36223.8	0.000199964
36323.8	0.000272604
36423.8	0.000368986
36523.8	0.000495916
36623.8	0.000661831
36723.8	0.000877082
36823.8	0.00115423
36923.8	0.00150836
37023.8	0.00195736
37123.8	0.00252217
37223.8	0.00322701
37323.8	0.00409943
37423.8	0.00517028
37523.8	0.0064735
37623.8	0.00804566
37723.8	0.00992527
37823.8	0.0121518
37923.8	0.0147642
38023.8	0.0177995
38123.8	0.0212908
38223.8	0.0252648
38323.8	0.0297398
38423.8	0.034723
38523.8	0.0402078
38623.8	0.0461723
38723.8	0.0525766
38823.8	0.0593621
38923.8	0.0664505
39023.8	0.0737445
39123.8	0.0811289
39223.8	0.0884727
39323.8	0.0956329
39423.8	0.102458
39523.8	0.108795
39623.8	0.114491
39723.8	0.119405
39823.8	0.123409
39923.8	0.126394
40023.8	0.128277
40123.8	0.129005
40223.8	0.128555
40323.8	0.126936
40423.8	0.12419
40523.8	0.120389
40623.8	0.115631
40723.8	0.11004
40823.8	0.103754
40923.8	0.0969236
41023.8	0.0897065
41123.8	0.0822586
41223.8	0.0747304
41323.8	0.0672616
41423.8	0.0599774
41523.8	0.052985
41623.8	0.0463725
41723.8	0.0402073
41823.8	0.0345369
41923.8	0.0293895
42023.8	0.0247756
42123.8	0.0206909
42223.8	0.0171179
42323.8	0.0140293
42423.8	0.0113902
42523.8	0.00916069
42623.8	0.00729837
42723.8	0.00575995
42823.8	0.00450301
42923.8	0.00348717
43023.8	0.00267501
43123.8	0.00203261
43223.8	0.00152987
43323.8	0.00114057
43423.8	0.000842268
43523.8	0.000616079
43623.8	0.00044635
43723.8	0.000320303
43823.8	0.000227661
43923.8	0.000160271
44023.8	0.000111751
44123.8	7.71752e-05
44223.8	5.27868e-05
44323.8	3.57594e-05
44423.8	2.39921e-05
44523.8	1.59424e-05
44623.8	1.04916e-05
44723.8	6.83804e-06
44823.8	4.41381e-06
44923.8	2.82153e-06
45023.8	1.78625e-06
45123.8	1.1199e-06
45223.8	6.95334e-07
45323.8	4.27543e-07
45423.8	2.60336e-07
45523.8	1.56983e-07
45623.8	9.37416e-08
45723.8	5.5433e-08
45823.8	3.24606e-08
45923.8	1.88233e-08
46023.8	1.08088e-08
46123.8	6.14618e-09
46223.8	3.46075e-09
46323.8	1.92962e-09
46423.8	1.06538e-09
46523.8	5.82465e-10
46623.8	3.15327e-10
46723.8	1.69035e-10
46823.8	8.97247e-11
46923.8	4.71593e-11
47023.8	2.45436e-11
47123.8	1.26481e-11
47223.8	6.45388e-12
47323.8	3.26083e-12
47423.8	1.63134e-12
47523.8	8.08121e-13
47623.8	3.96428e-13
47723.8	1.92659e-13
47823.8	9.29375e-14
47923.8	4.4887e-14
48023.8	2.25258e-14
48123.8	1.34076e-14
48223.8	1.22685e-14
48323.8	1.82313e-14
48423.8	3.42183e-14
48523.8	6.82263e-14
48623.8	1.36944e-13
48723.8	2.73167e-13
48823.8	5.39945e-13
48923.8	1.0569e-12
49023.8	2.0484e-12
49123.8	3.93085e-12
49223.8	7.46873e-12
49323.8	1.40507e-11
49423.8	2.61721e-11
49523.8	4.82699e-11
49623.8	8.81477e-11
49723.8	1.59385e-10
49823.8	2.85355e-10
49923.8	5.05862e-10
50023.8	8.87952e-10
50123.8	1.54334e-09
50223.8	2.65616e-09
50323.8	4.52659e-09
50423.8	7.63863e-09
50523.8	1.27642e-08
50623.8	2.11209e-08
50723.8	3.4608e-08
50823.8	5.61555e-08
50923.8	9.02331e-08
51023.8	1.43584e-07
51123.8	2.26265e-07
51223.8	3.53111e-07
51323.8	5.45751e-07
51423.8	8.35365e-07
51523.8	1.26639e-06
51623.8	1.90141e-06
51723.8	2.82756e-06
51823.8	4.16475e-06
51923.8	6.07599e-06
52023.8	8.78029e-06
52123.8	1.25683e-05
52223.8	1.78212e-05
52323.8	2.50322e-05
52423.8	3.48322e-05
52523.8	4.8017e-05
52623.8	6.5578e-05
52723.8	8.87331e-05
52823.8	0.000118958
52923.8	0.000158016
53023.8	0.00020798
53123.8	0.000271253
53223.8	0.000350571
53323.8	0.000448997
53423.8	0.000569896
53523.8	0.000716884
53623.8	0.000893758
53723.8	0.0011044
53823.8	0.00135264
53923.8	0.00164212
54023.8	0.0019761
54123.8	0.00235725
54223.8	0.00278749
54323.8	0.00326767
54423.8	0.00379747
54523.8	0.00437511
54623.8	0.00499726
54723.8	0.00565884
54823.8	0.00635302
54923.8	0.00707123
55023.8	0.00780318
55123.8	0.0085371
55223.8	0.00925995
55323.8	0.00995781
55423.8	0.0106162
55523.8	0.0112207
55623.8	0.0117573
55723.8	0.0122129
55823.8	0.0125761
55923.8	0.0128374
56023.8	0.0129896
56123.8	0.0130284
56223.8	0.0129523
56323.8	0.0127628
56423.8	0.0124645
56523.8	0.0120646
56623.8	0.011573
56723.8	0.0110016
56823.8	0.010364
56923.8	0.00967477
57023.8	0.00894908
57123.8	0.00820208
57223.8	0.00744836
57323.8	0.0067015
57423.8	0.00597368
57523.8	0.00527538
57623.8	0.00461524
57723.8	0.00399987
57823.8	0.00343397
57923.8	0.00292033
58023.8	0.00246003
58123.8	0.00205261
58223.8	0.00169636
58323.8	0.00138857
58423.8	0.00112574
58523.8	0.000903914
58623.8	0.000718817
58723.8	0.000566116
58823.8	0.000441548
58923.8	0.000341058
59023.8	0.000260885
59123.8	0.000197621
59223.8	0.000148242
59323.8	0.000110119
59423.8	8.10014e-05
59523.8	5.90013e-05
59623.8	4.25561e-05
59723.8	3.03941e-05
59823.8	2.14951e-05
59923.8	1.50524e-05
60023.8	1.04373e-05
60123.8	7.16602e-06
60223.8	4.87164e-06
60323.8	3.27925e-06
60423.8	2.18562e-06
60523.8	1.44236e-06
60623.8	9.42483e-07
60723.8	6.09797e-07
60823.8	3.907e-07
60923.8	2.47941e-07
61023.8	1.55953e-07
61123.8	9.74071e-08
61223.8	6.07304e-08
61323.8	3.83307e-08
61423.8	2.53667e-08
61523.8	1.89202e-08
61623.8	1.74708e-08
61723.8	2.06066e-08
61823.8	2.89311e-08
61923.8	4.41501e-08
62023.8	6.93457e-08
62123.8	1.09471e-07
62223.8	1.72117e-07
62323.8	2.68643e-07
62423.8	4.15779e-07
62523.8	6.37867e-07
62623.8	9.69933e-07
62723.8	1.46185e-06
62823.8	2.18394e-06
62923.8	3.23432e-06
63023.8	4.74856e-06
63123.8	6.91211e-06
63223.8	9.97623e-06
63323.8	1.42779e-05
63423.8	2.02647e-05
63523.8	2.85253e-05
63623.8	3.98266e-05
63723.8	5.51576e-05
63823.8	7.57818e-05
63923.8	0.000103297
64023.8	0.000139706
64123.8	0.000187491
64223.8	0.000249705
64323.8	0.000330058
64423.8	0.000433026
64523.8	0.000563946
64623.8	0.000729135
64723.8	0.000935994
64823.8	0.00119312
64923.8	0.00151044
65023.8	0.00189929
65123.8	0.00237259
65223.8	0.00294496
65323.8	0.0036329
65423.8	0.00445503
65523.8	0.00543232
65623.8	0.00658854
65723.8	0.00795067
65823.8	0.00954953
65923.8	0.0114206
66023.8	0.0136048
66123.8	0.0161498
66223.8	0.0191108
66323.8	0.0225522
66423.8	0.0265484
66523.8	0.0311851
66623.8	0.0365597
66723.8	0.0427816
66823.8	0.0499713
66923.8	0.0582592
67023.8	0.0677823
67123.8	0.0786801
67223.8	0.0910892
67323.8	0.105136
67423.8	0.120929
67523.8	0.138547
67623.8	0.158031
67723.8	0.179376
67823.8	0.202514
67923.8	0.227315
68023.8	0.253573
68123.8	0.281007
68223.8	0.309259
68323.8	0.3379
68423.8	0.366435
68523.8	0.394323
68623.8	0.420984
68723.8	0.445828
68823.8	0.468272
68923.8	0.487764
69023.8	0.503811
69123.8	0.515992
69223.8	0.523988
69323.8	0.527588
69423.8	0.526701
69523.8	0.521362
69623.8	0.511727
69723.8	0.498067
69823.8	0.480755
69923.8	0.460247
70023.8	0.437062
70123.8	0.411762
70223.8	0.384923
70323.8	0.35712
70423.8	0.328901
70523.8	0.300772
70623.8	0.273184
70723.8	0.246522
70823.8	0.221099
70923.8	0.197155
71023.8	0.174859
71123.8	0.154313
71223.8	0.135559
71323.8	0.11859
71423.8	0.103355
71523.8	0.0897717
71623.8	0.0777348
71723.8	0.0671245
71823.8	0.0578135
71923.8	0.049673
72023.8	0.0425776
72123.8	0.0364086
72223.8	0.0310561
72323.8	0.0264201
72423.8	0.0224115
72523.8	0.018951
72623.8	0.0159692
72723.8	0.0134053
72823.8	0.0112064
72923.8	0.00932609
73023.8	0.00772396
73123.8	0.00636436
73223.8	0.00521586
73323.8	0.00425059
73423.8	0.00344381
73523.8	0.00277351
73623.8	0.00222011
73723.8	0.00176626
73823.8	0.00139662
73923.8	0.00109772
74023.8	0.000857837
74123.8	0.000666787
74223.8	0.000515852
74323.8	0.000397614
74423.8	0.000305824
74523.8	0.000235267
74623.8	0.000181634
74723.8	0.000141396
74823.8	0.000111689
74923.8	9.02134e-05
75023.8	7.5133e-05
75123.8	6.49962e-05
75223.8	5.86625e-05
75323.8	5.52412e-05
75423.8	5.40396e-05
75523.8	5.45199e-05
75623.8	5.62642e-05
75723.8	5.89462e-05
75823.8	6.23077e-05
75923.8	6.6141e-05
76023.8	7.02749e-05
76123.8	7.45634e-05
76223.8	7.88784e-05
76323.8	8.31034e-05
76423.8	8.71305e-05
76523.8	9.08578e-05
76623.8	9.41894e-05
76723.8	9.70358e-05
76823.8	9.93151e-05
76923.8	0.000100956
77023.8	0.000101898
77123.8	0.000102097
77223.8	0.000101526
77323.8	0.000100176
77423.8	9.80575e-05
77523.8	9.52032e-05
77623.8	9.16636e-05
77723.8	8.75076e-05
77823.8	8.28194e-05
77923.8	7.76954e-05
78023.8	7.22404e-05
78123.8	6.65637e-05
78223.8	6.07744e-05
78323.8	5.49781e-05
78423.8	4.92727e-05
78523.8	4.37461e-05
78623.8	3.84731e-05
78723.8	3.35147e-05
78823.8	2.89167e-05
78923.8	2.47103e-05
79023.8	2.09123e-05
79123.8	1.7527e-05
79223.8	1.45471e-05
79323.8	1.19564e-05
79423.8	9.73111e-06
79523.8	7.84254e-06
79623.8	6.25854e-06
79723.8	4.94542e-06
79823.8	3.86938e-06
79923.8	2.99765e-06
80023.8	2.2994e-06
80123.8	1.74639e-06
80223.8	1.31327e-06
80323.8	9.77803e-07
80423.8	7.20822e-07
80523.8	5.26117e-07
80623.8	3.80199e-07
80723.8	2.72028e-07
80823.8	1.92702e-07
80923.8	1.35153e-07
81023.8	9.38505e-08
81123.8	6.45227e-08
81223.8	4.39191e-08
81323.8	2.95977e-08
81423.8	1.97482e-08
81523.8	1.30454e-08
81623.8	8.53201e-09
81723.8	5.52466e-09
81823.8	3.54177e-09
81923.8	2.248e-09
82023.8	1.41264e-09
82123.8	8.78874e-10
82223.8	5.41353e-10
82323.8	3.30137e-10
