88100.5	4.21694e-08
88200.5	7.17426e-08
88300.5	1.20857e-07
88400.5	2.01597e-07
88500.5	3.32972e-07
88600.5	5.44557e-07
88700.5	8.8184e-07
88800.5	1.41399e-06
88900.5	2.24498e-06
89000.5	3.52928e-06
89100.5	5.49371e-06
89200.5	8.46742e-06
89300.5	1.29223e-05
89400.5	1.9527e-05
89500.5	2.92167e-05
89600.5	4.32842e-05
89700.5	6.34934e-05
89800.5	9.22205e-05
89900.5	0.000132625
90000.5	0.000188853
90100.5	0.000266267
90200.5	0.000371715
90300.5	0.000513805
90400.5	0.000703205
90500.5	0.000952931
90600.5	0.0012786
90700.5	0.00169865
90800.5	0.00223443
90900.5	0.00291019
91000.5	0.00375293
91100.5	0.00479196
91200.5	0.00605826
91300.5	0.00758359
91400.5	0.00939929
91500.5	0.0115347
91600.5	0.0140157
91700.5	0.0168621
91800.5	0.0200865
91900.5	0.0236914
92000.5	0.0276677
92100.5	0.0319926
92200.5	0.0366289
92300.5	0.0415237
92400.5	0.0466088
92500.5	0.0518013
92600.5	0.0570056
92700.5	0.0621155
92800.5	0.0670181
92900.5	0.0715973
93000.5	0.0757387
93100.5	0.0793343
93200.5	0.082287
93300.5	0.0845154
93400.5	0.0859571
93500.5	0.0865721
93600.5	0.0863447
93700.5	0.0852839
93800.5	0.0834231
93900.5	0.0808184
94000.5	0.0775459
94100.5	0.0736978
94200.5	0.0693785
94300.5	0.0646995
94400.5	0.059775
94500.5	0.0547171
94600.5	0.049632
94700.5	0.0446162
94800.5	0.0397541
94900.5	0.0351163
95000.5	0.0307583
95100.5	0.0267205
95200.5	0.0230289
95300.5	0.0196965
95400.5	0.0167242
95500.5	0.0141034
95600.5	0.0118178
95700.5	0.00984548
95800.5	0.00816054
95900.5	0.0067352
96000.5	0.00554107
96100.5	0.00455039
96200.5	0.00373687
96300.5	0.00307637
96400.5	0.00254726
96500.5	0.00213054
96600.5	0.00180988
96700.5	0.00157143
96800.5	0.00140362
96900.5	0.00129683
97000.5	0.00124308
97100.5	0.00123566
97200.5	0.00126885
97300.5	0.00133757
97400.5	0.00143714
97500.5	0.00156303
97600.5	0.00171071
97700.5	0.00187552
97800.5	0.0020526
97900.5	0.00223686
98000.5	0.00242302
98100.5	0.00260571
98200.5	0.00277954
98300.5	0.00293931
98400.5	0.0030801
98500.5	0.00319751
98600.5	0.00328778
98700.5	0.00334796
98800.5	0.00337602
98900.5	0.00337092
99000.5	0.00333268
99100.5	0.00326231
99200.5	0.0031618
99300.5	0.003034
99400.5	0.00288247
99500.5	0.0027113
99600.5	0.00252495
99700.5	0.00232803
99800.5	0.00212512
99900.5	0.0019206
100000	0.0017185
100100	0.00152237
100200	0.0013352
100300	0.0011594
100400	0.000996722
100500	0.000848347
100600	0.000714876
100700	0.00059641
100800	0.000492624
100900	0.000402851
101000	0.000326159
101100	0.00026144
101200	0.000207478
101300	0.000163015
101400	0.000126807
101500	9.7659e-05
101600	7.44629e-05
101700	5.62115e-05
101800	4.20114e-05
101900	3.10861e-05
102000	2.27731e-05
102100	1.65171e-05
102200	1.18606e-05
102300	8.43203e-06
102400	5.93494e-06
102500	4.13578e-06
102600	2.85336e-06
102700	1.949e-06
102800	1.31803e-06
102900	8.82457e-07
103000	5.84952e-07
103100	3.83887e-07
103200	2.49427e-07
103300	1.60451e-07
103400	1.02187e-07
103500	6.4433e-08
103600	4.02233e-08
103700	2.48601e-08
103800	1.5212e-08
103900	9.21567e-09
104000	5.52745e-09
104100	3.28233e-09
104200	1.92977e-09
104300	1.12336e-09
104400	6.47593e-10
104500	3.6997e-10
104600	2.10003e-10
104700	1.19531e-10
104800	7.04109e-11
104900	4.70729e-11
105000	4.23662e-11
105100	5.58112e-11
105200	9.39852e-11
105300	1.73363e-10
105400	3.26675e-10
105500	6.14938e-10
105600	1.14902e-09
105700	2.12731e-09
105800	3.90065e-09
105900	7.08248e-09
106000	1.27339e-08
106100	2.26707e-08
106200	3.99662e-08
106300	6.97664e-08
106400	1.20594e-07
106500	2.06411e-07
106600	3.49839e-07
106700	5.87129e-07
106800	9.75731e-07
106900	1.60568e-06
107000	2.61649e-06
107100	4.22198e-06
107200	6.74602e-06
107300	1.06738e-05
107400	1.67234e-05
107500	2.59462e-05
107600	3.98624e-05
107700	6.06452e-05
107800	9.1364e-05
107900	0.000136302
108000	0.000201361
108100	0.000294578
108200	0.000426754
108300	0.000612224
108400	0.000869761
108500	0.00122363
108600	0.00170475
108700	0.00235199
108800	0.00321351
108900	0.00434803
109000	0.00582611
109100	0.00773111
109200	0.0101598
109300	0.0132224
109400	0.0170422
109500	0.0217535
109600	0.0274998
109700	0.0344295
109800	0.0426911
109900	0.0524268
110000	0.0637655
110100	0.0768138
110200	0.0916476
110300	0.108302
110400	0.126764
110500	0.146962
110600	0.168761
110700	0.191959
110800	0.216282
110900	0.24139
111000	0.266881
111100	0.2923
111200	0.31715
111300	0.340909
111400	0.363052
111500	0.383065
111600	0.400467
111700	0.414833
111800	0.425809
111900	0.433128
112000	0.436622
112100	0.436226
112200	0.431985
112300	0.424046
112400	0.412655
112500	0.39814
112600	0.3809
112700	0.361385
112800	0.340078
112900	0.317475
113000	0.294067
113100	0.270324
113200	0.246679
113300	0.223519
113400	0.201174
113500	0.179917
113600	0.159955
113700	0.141437
113800	0.124456
113900	0.109049
114000	0.0952127
114100	0.0829018
114200	0.0720429
114300	0.0625395
114400	0.0542794
114500	0.0471418
114600	0.0410024
114700	0.0357383
114800	0.0312317
114900	0.0273728
115000	0.0240617
115100	0.0212095
115200	0.0187389
115300	0.016584
115400	0.0146899
115500	0.013012
115600	0.0115143
115700	0.0101691
115800	0.00895494
115900	0.00785576
116000	0.00685962
116100	0.00595765
116200	0.00514311
116300	0.00441064
116400	0.00375565
116500	0.00317389
116600	0.00266115
116700	0.00221306
116800	0.00182504
116900	0.0014923
117000	0.00120987
117100	0.000972737
117200	0.000775936
117300	0.000614662
117400	0.00048438
117500	0.000380917
117600	0.000300525
117700	0.000239932
117800	0.00019637
117900	0.000167575
118000	0.000151779
118100	0.000147681
118200	0.000154407
118300	0.000171463
118400	0.000198668
118500	0.000236093
118600	0.000283988
118700	0.000342697
118800	0.000412585
118900	0.000493946
119000	0.000586924
119100	0.000691431
119200	0.000807077
119300	0.000933103
119400	0.00106834
119500	0.00121117
119600	0.00135954
119700	0.00151096
119800	0.00166259
119900	0.00181125
120000	0.00195358
120100	0.00208614
120200	0.00220553
120300	0.00230856
120400	0.00239236
120500	0.00245454
120600	0.00249327
120700	0.00250742
120800	0.00249655
120900	0.002461
121000	0.00240182
121100	0.00232073
121200	0.00222007
121300	0.00210265
121400	0.00197162
121500	0.00183036
121600	0.00168232
121700	0.00153086
121800	0.00137918
121900	0.00123016
122000	0.00108633
122100	0.000949764
122200	0.000822108
122300	0.000704529
122400	0.000597758
122500	0.000502123
122600	0.000417591
122700	0.000343834
122800	0.000280288
122900	0.000226212
123000	0.000180753
123100	0.000142992
123200	0.000111994
123300	8.68432e-05
123400	6.66705e-05
123500	5.06743e-05
123600	3.81329e-05
123700	2.84098e-05
123800	2.09553e-05
123900	1.5303e-05
124000	1.10641e-05
124100	7.91979e-06
124200	5.61265e-06
124300	3.93803e-06
124400	2.73556e-06
124500	1.88136e-06
124600	1.28101e-06
124700	8.63562e-07
124800	5.76355e-07
124900	3.8084e-07
125000	2.49146e-07
125100	1.61369e-07
125200	1.03477e-07
125300	6.56942e-08
125400	4.1292e-08
125500	2.56958e-08
125600	1.58312e-08
125700	9.65659e-09
125800	5.83164e-09
125900	3.4867e-09
126000	2.06393e-09
126100	1.20958e-09
126200	7.01825e-10
126300	4.03163e-10
126400	2.29293e-10
126500	1.29109e-10
126600	7.19747e-11
126700	3.97246e-11
126800	2.17069e-11
126900	1.17433e-11
127000	6.2899e-12
127100	3.33543e-12
127200	1.75113e-12
127300	9.10207e-13
127400	4.68403e-13
127500	2.38647e-13
127600	1.20379e-13
127700	6.01176e-14
127800	2.97242e-14
127900	1.45504e-14
128000	7.05175e-15
128100	3.38357e-15
128200	1.60736e-15
128300	7.55971e-16
128400	3.5201e-16
128500	1.62279e-16
128600	7.40674e-17
128700	3.34695e-17
128800	1.49736e-17
128900	6.63228e-18
129000	2.90841e-18
129100	1.26271e-18
129200	5.42765e-19
129300	2.30981e-19
129400	9.73187e-20
129500	4.05952e-20
129600	1.67652e-20
129700	6.8549e-21
129800	2.77492e-21
129900	1.11213e-21
130000	4.41285e-22
130100	1.73356e-22
130200	6.74244e-23
130300	2.59628e-23
130400	9.8979e-24
130500	3.73587e-24
130600	1.39604e-24
130700	5.16487e-25
130800	1.89182e-25
130900	6.8605e-26
131000	2.46314e-26
131100	8.75548e-27
131200	3.08126e-27
131300	1.07358e-27
131400	3.70335e-28
131500	1.26478e-28
131600	4.27651e-29
131700	1.4316e-29
131800	4.74475e-30
131900	1.5569e-30
132000	5.05784e-31
132100	1.62677e-31
132200	5.18017e-32
132300	1.63313e-32
132400	5.09744e-33
132500	1.57522e-33
132600	4.81935e-34
132700	1.4598e-34
132800	4.37777e-35
132900	1.29978e-35
133000	3.82072e-36
133100	1.11193e-36
133200	3.20381e-37
133300	9.13929e-38
133400	2.58116e-38
133500	7.21733e-39
133600	1.99805e-39
133700	5.47855e-40
133800	1.49568e-40
133900	4.3679e-41
134000	2.49673e-41
134100	5.70245e-41
134200	2.03629e-40
134300	7.5181e-40
134400	2.7567e-39
134500	1.00099e-38
134600	3.59868e-38
134700	1.28092e-37
134800	4.51404e-37
134900	1.57498e-36
135000	5.44067e-36
135100	1.86078e-35
135200	6.30093e-35
135300	2.11243e-34
135400	7.01174e-34
135500	2.30429e-33
135600	7.49752e-33
135700	2.41527e-32
135800	7.70342e-32
135900	2.4326e-31
136000	7.60549e-31
136100	2.35426e-30
136200	7.21526e-30
136300	2.18938e-29
136400	6.57752e-29
136500	1.95648e-28
136600	5.76186e-28
136700	1.68005e-27
136800	4.85019e-27
136900	1.38634e-26
137000	3.92334e-26
137100	1.09931e-25
137200	3.04973e-25
137300	8.37689e-25
137400	2.27816e-24
137500	6.13431e-24
137600	1.63542e-23
137700	4.31696e-23
137800	1.12826e-22
137900	2.91964e-22
138000	7.48059e-22
138100	1.89772e-21
138200	4.76671e-21
138300	1.18549e-20
138400	2.91926e-20
138500	7.11778e-20
138600	1.71836e-19
138700	4.10757e-19
138800	9.7221e-19
138900	2.27846e-18
139000	5.28725e-18
139100	1.21487e-17
139200	2.76406e-17
139300	6.22702e-17
139400	1.3891e-16
139500	3.06842e-16
139600	6.71155e-16
139700	1.45366e-15
139800	3.11775e-15
139900	6.62157e-15
140000	1.3926e-14
140100	2.9003e-14
140200	5.98159e-14
140300	1.22167e-13
140400	2.4709e-13
140500	4.94918e-13
140600	9.81728e-13
140700	1.92858e-12
140800	3.75212e-12
140900	7.22967e-12
141000	1.37966e-11
141100	2.6076e-11
141200	4.88132e-11
141300	9.05042e-11
141400	1.66206e-10
141500	3.02327e-10
141600	5.44718e-10
141700	9.72168e-10
141800	1.71868e-09
141900	3.00986e-09
142000	5.22162e-09
142100	8.97393e-09
142200	1.52789e-08
142300	2.57717e-08
142400	4.30674e-08
142500	7.13055e-08
142600	1.16971e-07
142700	1.90119e-07
142800	3.06182e-07
142900	4.88599e-07
143000	7.72603e-07
143100	1.21061e-06
143200	1.8798e-06
143300	2.89258e-06
143400	4.41105e-06
143500	6.6664e-06
143600	9.98494e-06
143700	1.48223e-05
143800	2.18078e-05
143900	3.18013e-05
144000	4.59647e-05
144100	6.58504e-05
144200	9.35097e-05
144300	0.000131621
144400	0.000183643
144500	0.000253985
144600	0.000348203
144700	0.00047321
144800	0.000637495
144900	0.000851346
145000	0.00112706
145100	0.00147911
145200	0.00192429
145300	0.00248178
145400	0.00317307
145500	0.00402183
145600	0.00505357
145700	0.0062952
145800	0.00777427
145900	0.00951819
146000	0.0115531
146100	0.0139028
146200	0.0165871
146300	0.0196205
146400	0.0230109
146500	0.026758
146600	0.0308519
146700	0.0352723
146800	0.0399876
146900	0.0449546
147000	0.0501188
147100	0.055415
147200	0.0607684
147300	0.0660963
147400	0.0713107
147500	0.07632
147600	0.0810329
147700	0.0853604
147800	0.0892196
147900	0.0925359
148000	0.0952461
148100	0.0973005
148200	0.0986646
148300	0.0993202
148400	0.0992663
148500	0.0985185
148600	0.0971091
148700	0.0950852
148800	0.0925074
148900	0.0894476
149000	0.0859862
149100	0.0822097
149200	0.0782075
149300	0.074069
149400	0.069881
149500	0.0657245
149600	0.0616725
149700	0.057788
149800	0.054122
149900	0.0507129
150000	0.0475855
150100	0.0447512
150200	0.0422086
150300	0.0399447
150400	0.0379364
150500	0.0361527
150600	0.0345568
150700	0.0331084
150800	0.0317666
150900	0.0304919
151000	0.0292479
151100	0.0280035
151200	0.0267342
151300	0.0254223
151400	0.0240576
151500	0.0226372
151600	0.0211648
151700	0.0196499
151800	0.0181064
151900	0.0165517
152000	0.0150048
152100	0.0134855
152200	0.0120127
152300	0.0106038
152400	0.00927388
152500	0.00803484
152600	0.00689544
152700	0.00586105
152800	0.00493384
152900	0.00411307
153000	0.00339543
153100	0.0027756
153200	0.00224665
153300	0.00180062
153400	0.00142891
153500	0.00112274
153600	0.000873444
153700	0.000672777
153800	0.000513078
153900	0.000387409
154000	0.000289621
154100	0.000214374
154200	0.000157112
154300	0.00011402
154400	8.19538e-05
154500	5.83677e-05
154600	4.1231e-05
154700	2.89525e-05
154800	2.03083e-05
154900	1.43771e-05
155000	1.04857e-05
155100	8.16441e-06
155200	7.11186e-06
155300	7.16978e-06
155400	8.30666e-06
155500	1.06095e-05
155600	1.42832e-05
155700	1.96558e-05
155800	2.719e-05
155900	3.74986e-05
156000	5.13623e-05
156100	6.97501e-05
156200	9.38374e-05
156300	0.000125022
156400	0.000164934
156500	0.000215434
156600	0.000278603
156700	0.000356714
156800	0.000452181
156900	0.000567497
157000	0.000705135
157100	0.000867437
157200	0.00105648
157300	0.00127392
157400	0.00152082
157500	0.00179751
157600	0.00210341
157700	0.00243687
157800	0.0027951
157900	0.00317409
158000	0.00356861
158100	0.00397224
158200	0.00437753
158300	0.00477617
158400	0.00515926
158500	0.00551762
158600	0.00584216
158700	0.00612424
158800	0.00635606
158900	0.00653102
159000	0.00664402
159100	0.00669173
159200	0.00667271
159300	0.00658754
159400	0.00643875
159500	0.0062307
159600	0.00596938
159700	0.00566211
159800	0.00531723
159900	0.00494366
160000	0.0045506
160100	0.00414712
160200	0.00374181
160300	0.00334251
160400	0.00295612
160500	0.00258838
160600	0.00224383
160700	0.0019258
160800	0.00163639
160900	0.00137664
161000	0.0011466
161100	0.000945498
161200	0.000771909
161300	0.000623919
161400	0.000499284
161500	0.000395571
161600	0.000310283
161700	0.000240962
161800	0.000185267
161900	0.000141028
162000	0.000106285
162100	7.93046e-05
162200	5.85861e-05
162300	4.28518e-05
162400	3.10348e-05
162500	2.2258e-05
162600	1.58121e-05
162700	1.11325e-05
162800	7.77646e-06
162900	5.40232e-06
163000	3.75044e-06
163100	2.62704e-06
163200	1.89037e-06
163300	1.43942e-06
163400	1.20478e-06
163500	1.1416e-06
163600	1.2241e-06
163700	1.44152e-06
163800	1.79521e-06
163900	2.2965e-06
164000	2.9652e-06
164100	3.82857e-06
164200	4.92049e-06
164300	6.28078e-06
164400	7.95447e-06
164500	9.99101e-06
164600	1.24432e-05
164700	1.53661e-05
164800	1.88153e-05
164900	2.28453e-05
165000	2.75071e-05
165100	3.28466e-05
165200	3.89014e-05
165300	4.56988e-05
165400	5.32534e-05
165500	6.15649e-05
165600	7.06162e-05
165700	8.03726e-05
165800	9.07811e-05
165900	0.000101771
166000	0.000113256
166100	0.000125136
166200	0.000137299
166300	0.000149632
166400	0.000162019
166500	0.000174351
166600	0.000186532
166700	0.000198486
166800	0.000210159
166900	0.000221526
167000	0.000232596
167100	0.000243404
167200	0.00025402
167300	0.000264533
167400	0.000275052
167500	0.000285692
167600	0.000296562
167700	0.000307756
167800	0.000319333
167900	0.00033131
168000	0.000343649
168100	0.000356249
168200	0.000368943
168300	0.000381495
168400	0.000393611
168500	0.000404944
168600	0.000415111
168700	0.000423712
168800	0.000430347
168900	0.000434644
169000	0.000436275
169100	0.00043498
169200	0.000430583
169300	0.000423002
169400	0.000412257
169500	0.000398473
169600	0.000381871
169700	0.000362764
169800	0.000341534
169900	0.000318622
170000	0.000294502
170100	0.000269663
170200	0.000244586
170300	0.000219726
170400	0.000195499
170500	0.000172263
170600	0.000150317
170700	0.000129889
170800	0.000111141
170900	9.41693e-05
171000	7.90094e-05
171100	6.56441e-05
171200	5.4013e-05
171300	4.40215e-05
171400	3.55512e-05
171500	2.84693e-05
171600	2.26374e-05
171700	1.79197e-05
171800	1.419e-05
171900	1.13379e-05
172000	9.274e-06
172100	7.93472e-06
172200	7.28675e-06
172300	7.33115e-06
172400	8.10754e-06
172500	9.69836e-06
172600	1.22333e-05
172700	1.58934e-05
172800	2.09154e-05
172900	2.75948e-05
173000	3.62883e-05
173100	4.74136e-05
173200	6.1447e-05
173300	7.8918e-05
173400	0.000100398
173500	0.000126487
173600	0.000157792
173700	0.000194899
173800	0.000238345
173900	0.000288581
174000	0.000345933
174100	0.000410559
174200	0.00048241
174300	0.000561197
174400	0.000646356
174500	0.00073703
174600	0.000832063
174700	0.000930002
174800	0.00102913
174900	0.00112748
175000	0.00122295
175100	0.00131331
175200	0.0013963
175300	0.00146977
175400	0.00153171
175500	0.00158038
175600	0.00161436
175700	0.00163268
175800	0.00163477
175900	0.00162057
176000	0.00159051
176100	0.00154548
176200	0.00148678
176300	0.00141608
176400	0.00133532
176500	0.00124664
176600	0.00115227
176700	0.00105444
176800	0.000955318
176900	0.000856902
177000	0.000760976
177100	0.000669065
177200	0.000582401
177300	0.000501919
177400	0.000428254
177500	0.000361766
177600	0.000302559
177700	0.000250524
177800	0.000205374
177900	0.000166686
178000	0.00013394
178100	0.000106556
178200	8.39271e-05
178300	6.54462e-05
178400	5.05269e-05
178500	3.86206e-05
178600	2.92262e-05
178700	2.18969e-05
178800	1.62424e-05
178900	1.19282e-05
179000	8.6727e-06
179100	6.24299e-06
179200	4.44926e-06
179300	3.13935e-06
179400	2.19306e-06
179500	1.51676e-06
179600	1.03858e-06
179700	7.04077e-07
179800	4.72561e-07
179900	3.14017e-07
180000	2.06588e-07
180100	1.34559e-07
180200	8.67719e-08
180300	5.5399e-08
180400	3.50172e-08
180500	2.19139e-08
180600	1.35773e-08
180700	8.32845e-09
