1.05746e+06	5.45244e-07
1.05756e+06	8.94471e-07
1.05766e+06	1.45278e-06
1.05776e+06	2.33609e-06
1.05786e+06	3.71908e-06
1.05796e+06	5.86192e-06
1.05806e+06	9.14747e-06
1.05816e+06	1.41325e-05
1.05826e+06	2.16169e-05
1.05836e+06	3.27361e-05
1.05846e+06	4.90813e-05
1.05856e+06	7.28554e-05
1.05866e+06	0.000107069
1.05876e+06	0.000155785
1.05886e+06	0.000224411
1.05896e+06	0.00032005
1.05906e+06	0.000451907
1.05916e+06	0.00063174
1.05926e+06	0.000874347
1.05936e+06	0.00119808
1.05946e+06	0.00162535
1.05956e+06	0.00218305
1.05966e+06	0.00290293
1.05976e+06	0.0038218
1.05986e+06	0.00498145
1.05996e+06	0.00642838
1.06006e+06	0.00821303
1.06016e+06	0.0103887
1.06026e+06	0.01301
1.06036e+06	0.0161307
1.06046e+06	0.0198008
1.06056e+06	0.0240641
1.06066e+06	0.0289544
1.06076e+06	0.0344918
1.06086e+06	0.0406794
1.06096e+06	0.0474996
1.06106e+06	0.0549115
1.06116e+06	0.0628482
1.06126e+06	0.0712163
1.06136e+06	0.0798957
1.06146e+06	0.088741
1.06156e+06	0.0975848
1.06166e+06	0.106242
1.06176e+06	0.114517
1.06186e+06	0.122208
1.06196e+06	0.129117
1.06206e+06	0.13506
1.06216e+06	0.139871
1.06226e+06	0.143412
1.06236e+06	0.145579
1.06246e+06	0.146309
1.06256e+06	0.145579
1.06266e+06	0.143412
1.06276e+06	0.139871
1.06286e+06	0.13506
1.06296e+06	0.129117
1.06306e+06	0.122208
1.06316e+06	0.114517
1.06326e+06	0.106242
1.06336e+06	0.0975848
1.06346e+06	0.088741
1.06356e+06	0.0798957
1.06366e+06	0.0712163
1.06376e+06	0.0628482
1.06386e+06	0.0549115
1.06396e+06	0.0474996
1.06406e+06	0.0406794
1.06416e+06	0.0344918
1.06426e+06	0.0289544
1.06436e+06	0.0240641
1.06446e+06	0.0198008
1.06456e+06	0.0161307
1.06466e+06	0.01301
1.06476e+06	0.0103887
1.06486e+06	0.00821303
1.06496e+06	0.00642838
1.06506e+06	0.00498146
1.06516e+06	0.00382182
1.06526e+06	0.00290296
1.06536e+06	0.0021831
1.06546e+06	0.00162544
1.06556e+06	0.00119823
1.06566e+06	0.000874605
1.06576e+06	0.000632175
1.06586e+06	0.000452634
1.06596e+06	0.00032125
1.06606e+06	0.000226374
1.06616e+06	0.000158965
1.06626e+06	0.000112168
1.06636e+06	8.09505e-05
1.06646e+06	6.18049e-05
1.06656e+06	5.25357e-05
1.06666e+06	5.21212e-05
1.06676e+06	6.06613e-05
1.06686e+06	7.94125e-05
1.06696e+06	0.000110916
1.06706e+06	0.000159225
1.06716e+06	0.000230231
1.06726e+06	0.000332112
1.06736e+06	0.000475883
1.06746e+06	0.000676073
1.06756e+06	0.000951503
1.06766e+06	0.00132617
1.06776e+06	0.00183018
1.06786e+06	0.00250072
1.06796e+06	0.00338301
1.06806e+06	0.00453109
1.06816e+06	0.00600843
1.06826e+06	0.00788818
1.06836e+06	0.010253
1.06846e+06	0.0131941
1.06856e+06	0.01681
1.06866e+06	0.0212038
1.06876e+06	0.0264798
1.06886e+06	0.0327396
1.06896e+06	0.0400764
1.06906e+06	0.0485693
1.06916e+06	0.0582762
1.06926e+06	0.0692275
1.06936e+06	0.0814184
1.06946e+06	0.0948033
1.06956e+06	0.10929
1.06966e+06	0.124737
1.06976e+06	0.140951
1.06986e+06	0.157688
1.06996e+06	0.174656
1.07006e+06	0.191526
1.07016e+06	0.207935
1.07026e+06	0.223504
1.07036e+06	0.237849
1.07046e+06	0.250595
1.07056e+06	0.261397
1.07066e+06	0.269952
1.07076e+06	0.276013
1.07086e+06	0.279402
1.07096e+06	0.280018
1.07106e+06	0.277844
1.07116e+06	0.272943
1.07126e+06	0.265461
1.07136e+06	0.255616
1.07146e+06	0.243687
1.07156e+06	0.230004
1.07166e+06	0.21493
1.07176e+06	0.198847
1.07186e+06	0.18214
1.07196e+06	0.165179
1.07206e+06	0.148312
1.07216e+06	0.131849
1.07226e+06	0.116056
1.07236e+06	0.101151
1.07246e+06	0.0873003
1.07256e+06	0.0746205
1.07266e+06	0.0631795
1.07276e+06	0.053003
1.07286e+06	0.0440792
1.07296e+06	0.036366
1.07306e+06	0.0297981
1.07316e+06	0.0242934
1.07326e+06	0.0197593
1.07336e+06	0.0160984
1.07346e+06	0.0132131
1.07356e+06	0.0110088
1.07366e+06	0.00939683
1.07376e+06	0.00829584
1.07386e+06	0.00763296
1.07396e+06	0.00734394
1.07406e+06	0.00737308
1.07416e+06	0.00767279
1.07426e+06	0.00820324
1.07436e+06	0.00893199
1.07446e+06	0.00983396
1.07456e+06	0.0108918
1.07466e+06	0.0120968
1.07476e+06	0.0134501
1.07486e+06	0.0149652
1.07496e+06	0.0166701
1.07506e+06	0.0186109
1.07516e+06	0.0208557
1.07526e+06	0.0234984
1.07536e+06	0.0266634
1.07546e+06	0.0305096
1.07556e+06	0.0352345
1.07566e+06	0.0410774
1.07576e+06	0.0483211
1.07586e+06	0.0572925
1.07596e+06	0.0683601
1.07606e+06	0.0819297
1.07616e+06	0.0984363
1.07626e+06	0.118332
1.07636e+06	0.142071
1.07646e+06	0.17009
1.07656e+06	0.202785
1.07666e+06	0.240484
1.07676e+06	0.283419
1.07686e+06	0.331699
1.07696e+06	0.385278
1.07706e+06	0.443928
1.07716e+06	0.507225
1.07726e+06	0.574526
1.07736e+06	0.64497
1.07746e+06	0.717481
1.07756e+06	0.790786
1.07766e+06	0.863445
1.07776e+06	0.933892
1.07786e+06	1.00049
1.07796e+06	1.06158
1.07806e+06	1.11558
1.07816e+06	1.16099
1.07826e+06	1.19655
1.07836e+06	1.2212
1.07846e+06	1.23421
1.07856e+06	1.23518
1.07866e+06	1.22404
1.07876e+06	1.2011
1.07886e+06	1.16702
1.07896e+06	1.12276
1.07906e+06	1.06953
1.07916e+06	1.00879
1.07926e+06	0.942115
1.07936e+06	0.871157
1.07946e+06	0.797583
1.07956e+06	0.723003
1.07966e+06	0.648912
1.07976e+06	0.576649
1.07986e+06	0.507358
1.07996e+06	0.44197
1.08006e+06	0.381193
1.08016e+06	0.325513
1.08026e+06	0.27521
1.08036e+06	0.230371
1.08046e+06	0.190924
1.08056e+06	0.156661
1.08066e+06	0.12727
1.08076e+06	0.102367
1.08086e+06	0.0815184
1.08096e+06	0.0642713
1.08106e+06	0.05017
1.08116e+06	0.0387736
1.08126e+06	0.0296686
1.08136e+06	0.0224767
1.08146e+06	0.0168599
1.08156e+06	0.0125225
1.08166e+06	0.00921064
1.08176e+06	0.00671059
1.08186e+06	0.00484523
1.08196e+06	0.00347038
1.08206e+06	0.00247056
1.08216e+06	0.00175483
1.08226e+06	0.00125283
1.08236e+06	0.00091114
1.08246e+06	0.000690105
1.08256e+06	0.000561132
1.08266e+06	0.00050441
1.08276e+06	0.000507073
1.08286e+06	0.00056173
1.08296e+06	0.000665316
1.08306e+06	0.000818203
1.08316e+06	0.00102352
1.08326e+06	0.00128662
1.08336e+06	0.00161468
1.08346e+06	0.00201635
1.08356e+06	0.00250149
1.08366e+06	0.00308087
1.08376e+06	0.00376592
1.08386e+06	0.00456847
1.08396e+06	0.00550048
1.08406e+06	0.00657371
1.08416e+06	0.0077994
1.08426e+06	0.00918793
1.08436e+06	0.0107484
1.08446e+06	0.0124881
1.08456e+06	0.0144124
1.08466e+06	0.0165237
1.08476e+06	0.0188213
1.08486e+06	0.0213006
1.08496e+06	0.0239527
1.08506e+06	0.0267636
1.08516e+06	0.029714
1.08526e+06	0.0327785
1.08536e+06	0.0359256
1.08546e+06	0.0391177
1.08556e+06	0.0423109
1.08566e+06	0.0454562
1.08576e+06	0.0484999
1.08586e+06	0.051385
1.08596e+06	0.054053
1.08606e+06	0.0564459
1.08616e+06	0.0585083
1.08626e+06	0.0601903
1.08636e+06	0.0614498
1.08646e+06	0.0622552
1.08656e+06	0.062588
1.08666e+06	0.0624446
1.08676e+06	0.0618383
1.08686e+06	0.0608008
1.08696e+06	0.059383
1.08706e+06	0.0576555
1.08716e+06	0.055709
1.08726e+06	0.0536544
1.08736e+06	0.0516227
1.08746e+06	0.0497652
1.08756e+06	0.0482545
1.08766e+06	0.0472849
1.08776e+06	0.0470751
1.08786e+06	0.0478699
1.08796e+06	0.0499439
1.08806e+06	0.0536047
1.08816e+06	0.0591973
1.08826e+06	0.0671078
1.08836e+06	0.0777661
1.08846e+06	0.0916482
1.08856e+06	0.109275
1.08866e+06	0.131211
1.08876e+06	0.158055
1.08886e+06	0.190428
1.08896e+06	0.228961
1.08906e+06	0.274269
1.08916e+06	0.326924
1.08926e+06	0.387424
1.08936e+06	0.456156
1.08946e+06	0.533354
1.08956e+06	0.619061
1.08966e+06	0.713088
1.08976e+06	0.814977
1.08986e+06	0.923977
1.08996e+06	1.03902
1.09006e+06	1.15872
1.09016e+06	1.28137
1.09026e+06	1.40498
1.09036e+06	1.52733
1.09046e+06	1.64598
1.09056e+06	1.7584
1.09066e+06	1.86203
1.09076e+06	1.95438
1.09086e+06	2.03311
1.09096e+06	2.09617
1.09106e+06	2.14183
1.09116e+06	2.16882
1.09126e+06	2.17633
1.09136e+06	2.16409
1.09146e+06	2.13237
1.09156e+06	2.08197
1.09166e+06	2.01419
1.09176e+06	1.93076
1.09186e+06	1.8338
1.09196e+06	1.72566
1.09206e+06	1.60892
1.09216e+06	1.4862
1.09226e+06	1.36012
1.09236e+06	1.23317
1.09246e+06	1.10766
1.09256e+06	0.985647
1.09266e+06	0.868878
1.09276e+06	0.75877
1.09286e+06	0.656399
1.09296e+06	0.562503
1.09306e+06	0.477499
1.09316e+06	0.401517
1.09326e+06	0.334434
1.09336e+06	0.275923
1.09346e+06	0.225489
1.09356e+06	0.182523
1.09366e+06	0.146338
1.09376e+06	0.116209
1.09386e+06	0.0914015
1.09396e+06	0.0712026
1.09406e+06	0.0549363
1.09416e+06	0.0419796
1.09426e+06	0.0317706
1.09436e+06	0.0238131
1.09446e+06	0.0176768
1.09456e+06	0.0129951
1.09466e+06	0.00946119
1.09476e+06	0.00682167
1.09486e+06	0.00487092
1.09496e+06	0.00344431
1.09506e+06	0.00241189
1.09516e+06	0.00167254
1.09526e+06	0.00114855
1.09536e+06	0.000781042
1.09546e+06	0.000525954
1.09556e+06	0.000350723
1.09566e+06	0.000231591
1.09576e+06	0.000151431
1.09586e+06	9.8048e-05
1.09596e+06	6.28627e-05
1.09606e+06	3.99091e-05
1.09616e+06	2.50885e-05
1.09626e+06	1.56169e-05
1.09636e+06	9.62571e-06
1.09646e+06	5.87468e-06
1.09656e+06	3.55015e-06
1.09666e+06	2.1243e-06
1.09676e+06	1.25861e-06
1.09686e+06	7.38366e-07
1.09696e+06	4.28897e-07
1.09706e+06	2.46679e-07
1.09716e+06	1.40478e-07
1.09726e+06	7.92101e-08
1.09736e+06	4.42227e-08
1.09746e+06	2.44457e-08
1.09756e+06	1.33797e-08
1.09766e+06	7.25073e-09
1.09776e+06	3.89047e-09
1.09786e+06	2.06684e-09
1.09796e+06	1.08717e-09
1.09806e+06	5.66198e-10
1.09816e+06	2.91958e-10
1.09826e+06	1.49057e-10
1.09836e+06	7.53469e-11
1.09846e+06	3.77104e-11
1.09856e+06	1.86877e-11
1.09866e+06	9.17122e-12
1.09876e+06	4.46094e-12
1.09886e+06	2.15829e-12
1.09896e+06	1.05497e-12
1.09906e+06	5.54572e-13
1.09916e+06	3.77762e-13
1.09926e+06	4.19239e-13
1.09936e+06	6.90239e-13
1.09946e+06	1.31794e-12
1.09956e+06	2.59844e-12
1.09966e+06	5.12227e-12
1.09976e+06	1.00194e-11
1.09986e+06	1.9413e-11
1.09996e+06	3.72436e-11
1.10006e+06	7.07423e-11
1.10016e+06	1.33035e-10
1.10026e+06	2.47691e-10
1.10036e+06	4.56574e-10
1.10046e+06	8.33238e-10
1.10056e+06	1.50551e-09
1.10066e+06	2.69313e-09
1.10076e+06	4.76965e-09
1.10086e+06	8.36322e-09
1.10096e+06	1.45183e-08
1.10106e+06	2.49527e-08
1.10116e+06	4.24596e-08
1.10126e+06	7.15303e-08
1.10136e+06	1.19306e-07
1.10146e+06	1.97011e-07
1.10156e+06	3.2209e-07
1.10166e+06	5.21339e-07
1.10176e+06	8.3545e-07
1.10186e+06	1.32549e-06
1.10196e+06	2.08205e-06
1.10206e+06	3.2379e-06
1.10216e+06	4.9853e-06
1.10226e+06	7.59935e-06
1.10236e+06	1.14688e-05
1.10246e+06	1.71364e-05
1.10256e+06	2.53498e-05
1.10266e+06	3.71269e-05
1.10276e+06	5.38343e-05
1.10286e+06	7.72835e-05
1.10296e+06	0.000109843
1.10306e+06	0.000154566
1.10316e+06	0.000215334
1.10326e+06	0.000297008
1.10336e+06	0.000405585
1.10346e+06	0.000548342
1.10356e+06	0.00073397
1.10366e+06	0.000972664
1.10376e+06	0.00127616
1.10386e+06	0.00165769
1.10396e+06	0.00213185
1.10406e+06	0.00271438
1.10416e+06	0.00342168
1.10426e+06	0.00427038
1.10436e+06	0.00527655
1.10446e+06	0.00645492
1.10456e+06	0.00781787
1.10466e+06	0.0093744
1.10476e+06	0.011129
1.10486e+06	0.0130805
1.10496e+06	0.0152213
1.10506e+06	0.0175363
1.10516e+06	0.0200023
1.10526e+06	0.0225881
1.10536e+06	0.0252546
1.10546e+06	0.0279549
1.10556e+06	0.0306364
1.10566e+06	0.0332414
1.10576e+06	0.0357096
1.10586e+06	0.0379802
1.10596e+06	0.0399946
1.10606e+06	0.0416989
1.10616e+06	0.0430463
1.10626e+06	0.0439997
1.10636e+06	0.0445332
1.10646e+06	0.0446344
1.10656e+06	0.0443045
1.10666e+06	0.043559
1.10676e+06	0.0424273
1.10686e+06	0.040952
1.10696e+06	0.0391871
1.10706e+06	0.0371963
1.10716e+06	0.0350512
1.10726e+06	0.0328284
1.10736e+06	0.0306074
1.10746e+06	0.0284686
1.10756e+06	0.0264906
1.10766e+06	0.0247487
1.10776e+06	0.023313
1.10786e+06	0.0222469
1.10796e+06	0.0216057
1.10806e+06	0.0214355
1.10816e+06	0.0217722
1.10826e+06	0.0226405
1.10836e+06	0.0240527
1.10846e+06	0.0260078
1.10856e+06	0.0284912
1.10866e+06	0.0314734
1.10876e+06	0.0349101
1.10886e+06	0.0387418
1.10896e+06	0.0428948
1.10906e+06	0.047282
1.10916e+06	0.0518048
1.10926e+06	0.0563556
1.10936e+06	0.0608215
1.10946e+06	0.0650879
1.10956e+06	0.0690434
1.10966e+06	0.0725848
1.10976e+06	0.0756227
1.10986e+06	0.0780862
1.10996e+06	0.0799287
1.11006e+06	0.0811322
1.11016e+06	0.0817113
1.11026e+06	0.0817167
1.11036e+06	0.0812369
1.11046e+06	0.0804001
1.11056e+06	0.0793738
1.11066e+06	0.0783641
1.11076e+06	0.0776137
1.11086e+06	0.0773985
1.11096e+06	0.0780235
1.11106e+06	0.079817
1.11116e+06	0.0831238
1.11126e+06	0.088297
1.11136e+06	0.0956874
1.11146e+06	0.105633
1.11156e+06	0.118444
1.11166e+06	0.13439
1.11176e+06	0.153685
1.11186e+06	0.176467
1.11196e+06	0.202786
1.11206e+06	0.232587
1.11216e+06	0.265697
1.11226e+06	0.301815
1.11236e+06	0.340507
1.11246e+06	0.381206
1.11256e+06	0.423222
1.11266e+06	0.46575
1.11276e+06	0.507896
1.11286e+06	0.548704
1.11296e+06	0.587186
1.11306e+06	0.622363
1.11316e+06	0.653307
1.11326e+06	0.679174
1.11336e+06	0.69925
1.11346e+06	0.712979
1.11356e+06	0.71999
1.11366e+06	0.720116
1.11376e+06	0.713401
1.11386e+06	0.700097
1.11396e+06	0.680652
1.11406e+06	0.655685
1.11416e+06	0.625963
1.11426e+06	0.59236
1.11436e+06	0.55582
1.11446e+06	0.517322
1.11456e+06	0.477838
1.11466e+06	0.438307
1.11476e+06	0.399602
1.11486e+06	0.362515
1.11496e+06	0.327742
1.11506e+06	0.295882
1.11516e+06	0.267436
1.11526e+06	0.242814
1.11536e+06	0.222353
1.11546e+06	0.206321
1.11556e+06	0.194942
1.11566e+06	0.188398
1.11576e+06	0.186846
1.11586e+06	0.190418
1.11596e+06	0.199224
1.11606e+06	0.21334
1.11616e+06	0.232803
1.11626e+06	0.257591
1.11636e+06	0.287605
1.11646e+06	0.322647
1.11656e+06	0.362401
1.11666e+06	0.406413
1.11676e+06	0.454082
1.11686e+06	0.504649
1.11696e+06	0.557203
1.11706e+06	0.610692
1.11716e+06	0.663946
1.11726e+06	0.715706
1.11736e+06	0.764667
1.11746e+06	0.809526
1.11756e+06	0.849028
1.11766e+06	0.882028
1.11776e+06	0.907531
1.11786e+06	0.924746
1.11796e+06	0.933119
1.11806e+06	0.932358
1.11816e+06	0.922451
1.11826e+06	0.903661
1.11836e+06	0.876516
1.11846e+06	0.84178
1.11856e+06	0.800415
1.11866e+06	0.753539
1.11876e+06	0.70237
1.11886e+06	0.648176
1.11896e+06	0.592223
1.11906e+06	0.535724
1.11916e+06	0.479798
1.11926e+06	0.425438
1.11936e+06	0.373486
1.11946e+06	0.324617
1.11956e+06	0.279337
1.11966e+06	0.237981
1.11976e+06	0.200732
1.11986e+06	0.167628
1.11996e+06	0.138591
1.12006e+06	0.113444
1.12016e+06	0.091936
1.12026e+06	0.0737644
1.12036e+06	0.0585956
1.12046e+06	0.046083
1.12056e+06	0.0358818
1.12066e+06	0.0276607
1.12076e+06	0.0211111
1.12086e+06	0.015952
1.12096e+06	0.0119338
1.12106e+06	0.00883885
1.12116e+06	0.00648144
1.12126e+06	0.00470548
1.12136e+06	0.00338216
1.12146e+06	0.0024068
1.12156e+06	0.00169568
1.12166e+06	0.00118278
1.12176e+06	0.000816815
1.12186e+06	0.000558469
1.12196e+06	0.000378034
1.12206e+06	0.00025335
1.12216e+06	0.0001681
1.12226e+06	0.000110426
1.12236e+06	7.18176e-05
1.12246e+06	4.62432e-05
1.12256e+06	2.94797e-05
1.12266e+06	1.86061e-05
1.12276e+06	1.16263e-05
1.12286e+06	7.19265e-06
1.12296e+06	4.40547e-06
1.12306e+06	2.67148e-06
1.12316e+06	1.60387e-06
1.12326e+06	9.53328e-07
1.12336e+06	5.61014e-07
1.12346e+06	3.2686e-07
1.12356e+06	1.88541e-07
1.12366e+06	1.07674e-07
1.12376e+06	6.08791e-08
1.12386e+06	3.40788e-08
1.12396e+06	1.88868e-08
1.12406e+06	1.03631e-08
1.12416e+06	5.62958e-09
1.12426e+06	3.02775e-09
1.12436e+06	1.61221e-09
1.12446e+06	8.49925e-10
1.12456e+06	4.43605e-10
1.12466e+06	2.29229e-10
1.12476e+06	1.17273e-10
1.12486e+06	5.93999e-11
1.12496e+06	2.97872e-11
1.12506e+06	1.47887e-11
1.12516e+06	7.26923e-12
1.12526e+06	3.53756e-12
1.12536e+06	1.70442e-12
1.12546e+06	8.13027e-13
1.12556e+06	3.83964e-13
1.12566e+06	1.79529e-13
1.12576e+06	8.31064e-14
1.12586e+06	3.80883e-14
1.12596e+06	1.72825e-14
1.12606e+06	7.76387e-15
1.12616e+06	3.45308e-15
1.12626e+06	1.52052e-15
1.12636e+06	6.6288e-16
1.12646e+06	2.86111e-16
1.12656e+06	1.22262e-16
1.12666e+06	5.17256e-17
1.12676e+06	2.16659e-17
1.12686e+06	8.98471e-18
1.12696e+06	3.68883e-18
1.12706e+06	1.49945e-18
1.12716e+06	6.03435e-19
1.12726e+06	2.40429e-19
1.12736e+06	9.48418e-20
1.12746e+06	3.70399e-20
1.12756e+06	1.43218e-20
1.12766e+06	5.48254e-21
1.12776e+06	2.07789e-21
1.12786e+06	7.7969e-22
1.12796e+06	2.89652e-22
1.12806e+06	1.06534e-22
1.12816e+06	3.87936e-23
1.12826e+06	1.39858e-23
1.12836e+06	4.99195e-24
1.12846e+06	1.76405e-24
1.12856e+06	6.17176e-25
1.12866e+06	2.13778e-25
1.12876e+06	7.33121e-26
1.12886e+06	2.48911e-26
1.12896e+06	8.36702e-27
1.12906e+06	2.78454e-27
1.12916e+06	9.17475e-28
1.12926e+06	2.9929e-28
1.12936e+06	9.66598e-29
1.12946e+06	3.0907e-29
1.12956e+06	9.78421e-30
1.12966e+06	3.06656e-30
1.12976e+06	9.51555e-31
1.12986e+06	2.9233e-31
1.12996e+06	8.8914e-32
1.13006e+06	2.67747e-32
1.13016e+06	7.98242e-33
1.13026e+06	2.35615e-33
1.13036e+06	6.88537e-34
1.13046e+06	1.99209e-34
1.13056e+06	5.70622e-35
1.13066e+06	1.61825e-35
1.13076e+06	4.54357e-36
1.13086e+06	1.26301e-36
1.13096e+06	3.47596e-37
1.13106e+06	9.47107e-38
1.13116e+06	2.55494e-38
1.13126e+06	6.82368e-39
1.13136e+06	1.80432e-39
1.13146e+06	4.72353e-40
1.13156e+06	1.22427e-40
1.13166e+06	3.14154e-41
1.13176e+06	7.98117e-42
1.13186e+06	2.00746e-42
1.13196e+06	4.99902e-43
1.13206e+06	1.23248e-43
1.13216e+06	3.00837e-44
1.13226e+06	7.2701e-45
1.13236e+06	1.73943e-45
1.13246e+06	4.12031e-46
1.13256e+06	9.66295e-47
1.13266e+06	2.24361e-47
1.13276e+06	5.15752e-48
1.13286e+06	1.1738e-48
1.13296e+06	2.64485e-49
1.13306e+06	5.90019e-50
1.13316e+06	1.30313e-50
1.13326e+06	2.8495e-51
1.13336e+06	6.16885e-52
1.13346e+06	1.3222e-52
1.13356e+06	2.80575e-53
1.13366e+06	5.89463e-54
1.13376e+06	1.22609e-54
1.13386e+06	2.52489e-55
1.13396e+06	5.1478e-56
1.13406e+06	1.0391e-56
1.13416e+06	2.07659e-57
1.13426e+06	4.10867e-58
1.13436e+06	8.04837e-59
1.13446e+06	1.56089e-59
1.13456e+06	2.99705e-60
1.13466e+06	5.69733e-61
1.13476e+06	1.07228e-61
1.13486e+06	1.99802e-62
1.13496e+06	3.68594e-63
1.13506e+06	6.73217e-64
1.13516e+06	1.21736e-64
1.13526e+06	2.17941e-65
1.13536e+06	3.86293e-66
1.13546e+06	6.77878e-67
1.13556e+06	1.17772e-67
1.13566e+06	2.02578e-68
1.13576e+06	3.44983e-69
1.13586e+06	5.81649e-70
1.13596e+06	9.70915e-71
1.13606e+06	1.60457e-71
1.13616e+06	2.62538e-72
1.13626e+06	4.25288e-73
1.13636e+06	6.82074e-74
1.13646e+06	1.08302e-74
1.13656e+06	1.70255e-75
1.13666e+06	2.64983e-76
1.13676e+06	4.08314e-77
1.13686e+06	6.22914e-78
1.13696e+06	9.40847e-79
1.13706e+06	1.40691e-79
1.13716e+06	2.08291e-80
1.13726e+06	3.05304e-81
1.13736e+06	4.43049e-82
1.13746e+06	6.36542e-83
1.13756e+06	9.05441e-84
1.13766e+06	1.27512e-84
1.13776e+06	1.77786e-85
1.13786e+06	2.45415e-86
1.13796e+06	3.35399e-87
1.13806e+06	4.53816e-88
1.13816e+06	6.07933e-89
1.13826e+06	8.06283e-90
1.13836e+06	1.05871e-90
1.13846e+06	1.37633e-91
1.13856e+06	1.77144e-92
1.13866e+06	2.25729e-93
1.13876e+06	2.84777e-94
1.13886e+06	3.55696e-95
1.13896e+06	4.39856e-96
1.13906e+06	5.38517e-97
1.13916e+06	6.52748e-98
1.13926e+06	7.83336e-99
1.13936e+06	9.30696e-100
1.13946e+06	1.09478e-100
1.13956e+06	1.27497e-101
1.13966e+06	1.47004e-102
1.13976e+06	1.6781e-103
1.13986e+06	1.89654e-104
1.13996e+06	2.1221e-105
1.14006e+06	2.35085e-106
1.14016e+06	2.57834e-107
1.14026e+06	2.79972e-108
1.14036e+06	3.00985e-109
1.14046e+06	3.20355e-110
1.14056e+06	3.3758e-111
1.14066e+06	3.52191e-112
1.14076e+06	3.63778e-113
1.14086e+06	3.72008e-114
1.14096e+06	3.76639e-115
1.14106e+06	3.77533e-116
1.14116e+06	3.74664e-117
1.14126e+06	3.68117e-118
1.14136e+06	3.58085e-119
1.14146e+06	3.44861e-120
1.14156e+06	3.28821e-121
1.14166e+06	3.10407e-122
1.14176e+06	2.90109e-123
1.14186e+06	2.6844e-124
1.14196e+06	2.45918e-125
1.14206e+06	2.23044e-126
1.14216e+06	2.00285e-127
1.14226e+06	1.78059e-128
1.14236e+06	1.56724e-129
1.14246e+06	1.36572e-130
1.14256e+06	1.17828e-131
1.14266e+06	1.00645e-132
1.14276e+06	8.5112e-134
1.14286e+06	7.12603e-135
1.14296e+06	5.90693e-136
1.14306e+06	4.84766e-137
1.14316e+06	3.93877e-138
1.14326e+06	3.16844e-139
1.14336e+06	2.52341e-140
1.14346e+06	1.98969e-141
1.14356e+06	1.55325e-142
1.14366e+06	1.20048e-143
1.14376e+06	9.18599e-145
1.14386e+06	6.95911e-146
1.14396e+06	5.21961e-147
1.14406e+06	3.87596e-148
1.14416e+06	2.84956e-149
1.14426e+06	2.07412e-150
1.14436e+06	1.49467e-151
1.14446e+06	1.06639e-152
1.14456e+06	7.53256e-154
1.14466e+06	5.26776e-155
1.14476e+06	3.64726e-156
1.14486e+06	2.50014e-157
1.14496e+06	1.69676e-158
1.14506e+06	1.14007e-159
1.14516e+06	7.58404e-161
1.14526e+06	4.9949e-162
1.14536e+06	3.25694e-163
1.14546e+06	2.10257e-164
1.14556e+06	1.34384e-165
1.14566e+06	8.50358e-167
1.14576e+06	5.32738e-168
1.14586e+06	3.30432e-169
1.14596e+06	2.02912e-170
1.14606e+06	1.23364e-171
1.14616e+06	7.42556e-173
1.14626e+06	4.42513e-174
1.14636e+06	2.61084e-175
1.14646e+06	1.52507e-176
1.14656e+06	8.81979e-178
1.14666e+06	5.04991e-179
1.14676e+06	2.86263e-180
1.14686e+06	1.60659e-181
1.14696e+06	8.92689e-183
1.14706e+06	4.91081e-184
1.14716e+06	2.67463e-185
1.14726e+06	1.44222e-186
1.14736e+06	7.69937e-188
1.14746e+06	4.06946e-189
1.14756e+06	2.12949e-190
1.14766e+06	1.10324e-191
1.14776e+06	5.65878e-193
1.14786e+06	2.87364e-194
1.14796e+06	1.44477e-195
1.14806e+06	7.19155e-197
1.14816e+06	3.54408e-198
1.14826e+06	1.72918e-199
1.14836e+06	8.35287e-201
1.14846e+06	3.99473e-202
1.14856e+06	1.89146e-203
1.14866e+06	8.86671e-205
1.14876e+06	4.11515e-206
1.14886e+06	1.89089e-207
1.14896e+06	8.60207e-209
1.14906e+06	3.87433e-210
1.14916e+06	1.72762e-211
1.14926e+06	7.62705e-213
1.14936e+06	3.33367e-214
1.14946e+06	1.44259e-215
1.14956e+06	6.18051e-217
1.14966e+06	2.62382e-218
1.14976e+06	1.64339e-219
1.14986e+06	1.29579e-218
1.14996e+06	3.04283e-217
1.15006e+06	7.0992e-216
1.15016e+06	1.63984e-214
1.15026e+06	3.75015e-213
1.15036e+06	8.49091e-212
1.15046e+06	1.90334e-210
1.15056e+06	4.22411e-209
1.15066e+06	9.28137e-208
1.15076e+06	2.01904e-206
1.15086e+06	4.34846e-205
1.15096e+06	9.27221e-204
1.15106e+06	1.95744e-202
1.15116e+06	4.09119e-201
1.15126e+06	8.4658e-200
1.15136e+06	1.73438e-198
1.15146e+06	3.51784e-197
1.15156e+06	7.06426e-196
1.15166e+06	1.40447e-194
1.15176e+06	2.7645e-193
1.15186e+06	5.38739e-192
1.15196e+06	1.03943e-190
1.15206e+06	1.98551e-189
1.15216e+06	3.75495e-188
1.15226e+06	7.03061e-187
1.15236e+06	1.30328e-185
1.15246e+06	2.3919e-184
1.15256e+06	4.34613e-183
1.15266e+06	7.81845e-182
1.15276e+06	1.3925e-180
1.15286e+06	2.45542e-179
1.15296e+06	4.28662e-178
1.15306e+06	7.40902e-177
1.15316e+06	1.26784e-175
1.15326e+06	2.14795e-174
1.15336e+06	3.6028e-173
1.15346e+06	5.98293e-172
1.15356e+06	9.8366e-171
1.15366e+06	1.60115e-169
1.15376e+06	2.58035e-168
1.15386e+06	4.11699e-167
1.15396e+06	6.50338e-166
1.15406e+06	1.01708e-164
1.15416e+06	1.57481e-163
1.15426e+06	2.41412e-162
1.15436e+06	3.66393e-161
1.15446e+06	5.50543e-160
1.15456e+06	8.19016e-159
1.15466e+06	1.20629e-157
1.15476e+06	1.759e-156
1.15486e+06	2.53945e-155
1.15496e+06	3.62969e-154
1.15506e+06	5.13637e-153
1.15516e+06	7.19614e-152
1.15526e+06	9.98161e-151
1.15536e+06	1.37075e-149
1.15546e+06	1.86369e-148
1.15556e+06	2.50868e-147
1.15566e+06	3.3433e-146
1.15576e+06	4.41124e-145
1.15586e+06	5.76241e-144
1.15596e+06	7.45254e-143
1.15606e+06	9.54249e-142
1.15616e+06	1.2097e-140
1.15626e+06	1.51827e-139
1.15636e+06	1.88658e-138
1.15646e+06	2.32093e-137
1.15656e+06	2.82686e-136
1.15666e+06	3.40882e-135
1.15676e+06	4.06968e-134
1.15686e+06	4.81032e-133
1.15696e+06	5.62918e-132
1.15706e+06	6.52188e-131
1.15716e+06	7.48097e-130
1.15726e+06	8.49572e-129
1.15736e+06	9.5521e-128
1.15746e+06	1.0633e-126
1.15756e+06	1.17184e-125
1.15766e+06	1.27861e-124
1.15776e+06	1.38123e-123
1.15786e+06	1.47724e-122
1.15796e+06	1.5642e-121
1.15806e+06	1.6398e-120
1.15816e+06	1.70194e-119
1.15826e+06	1.74887e-118
1.15836e+06	1.77921e-117
1.15846e+06	1.79207e-116
1.15856e+06	1.78706e-115
1.15866e+06	1.76433e-114
1.15876e+06	1.72455e-113
1.15886e+06	1.6689e-112
1.15896e+06	1.59898e-111
1.15906e+06	1.51674e-110
1.15916e+06	1.42442e-109
1.15926e+06	1.32441e-108
1.15936e+06	1.21916e-107
1.15946e+06	1.11111e-106
1.15956e+06	1.00257e-105
1.15966e+06	8.95621e-105
1.15976e+06	7.92123e-104
1.15986e+06	6.93615e-103
1.15996e+06	6.01313e-102
1.16006e+06	5.16108e-101
1.16016e+06	4.38568e-100
1.16026e+06	3.6897e-99
1.16036e+06	3.07327e-98
1.16046e+06	2.53436e-97
1.16056e+06	2.06916e-96
1.16066e+06	1.67254e-95
1.16076e+06	1.33849e-94
1.16086e+06	1.0605e-93
1.16096e+06	8.31886e-93
1.16106e+06	6.46061e-92
1.16116e+06	4.96753e-91
1.16126e+06	3.78151e-90
1.16136e+06	2.85001e-89
1.16146e+06	2.12659e-88
1.16156e+06	1.57101e-87
1.16166e+06	1.14903e-86
1.16176e+06	8.32035e-86
1.16186e+06	5.96497e-85
1.16196e+06	4.23382e-84
1.16206e+06	2.97518e-83
1.16216e+06	2.0699e-82
1.16226e+06	1.42576e-81
1.16236e+06	9.72292e-81
1.16246e+06	6.56456e-80
1.16256e+06	4.38805e-79
1.16266e+06	2.90399e-78
1.16276e+06	1.90272e-77
1.16286e+06	1.23427e-76
1.16296e+06	7.92694e-76
1.16306e+06	5.04031e-75
1.16316e+06	3.17296e-74
1.16326e+06	1.97756e-73
1.16336e+06	1.22026e-72
1.16346e+06	7.45474e-72
1.16356e+06	4.50888e-71
1.16366e+06	2.69999e-70
1.16376e+06	1.60071e-69
1.16386e+06	9.39551e-69
1.16396e+06	5.45991e-68
1.16406e+06	3.14128e-67
1.16416e+06	1.78931e-66
1.16426e+06	1.00907e-65
1.16436e+06	5.63397e-65
1.16446e+06	3.11433e-64
1.16456e+06	1.7044e-63
1.16466e+06	9.23497e-63
1.16476e+06	4.95401e-62
1.16486e+06	2.63109e-61
1.16496e+06	1.38347e-60
1.16506e+06	7.20216e-60
1.16516e+06	3.71203e-59
1.16526e+06	1.89417e-58
1.16536e+06	9.56933e-58
1.16546e+06	4.78633e-57
1.16556e+06	2.37017e-56
1.16566e+06	1.16202e-55
1.16576e+06	5.64035e-55
1.16586e+06	2.71053e-54
1.16596e+06	1.28962e-53
1.16606e+06	6.07468e-53
1.16616e+06	2.83298e-52
1.16626e+06	1.30804e-51
1.16636e+06	5.97936e-51
1.16646e+06	2.70611e-50
1.16656e+06	1.21253e-49
1.16666e+06	5.37897e-49
1.16676e+06	2.36244e-48
1.16686e+06	1.02726e-47
1.16696e+06	4.42239e-47
1.16706e+06	1.88491e-46
1.16716e+06	7.95391e-46
1.16726e+06	3.32298e-45
1.16736e+06	1.37446e-44
1.16746e+06	5.62852e-44
1.16756e+06	2.28199e-43
1.16766e+06	9.15985e-43
1.16776e+06	3.64017e-42
1.16786e+06	1.43222e-41
1.16796e+06	5.57902e-41
1.16806e+06	2.1516e-40
1.16816e+06	8.21529e-40
1.16826e+06	3.10557e-39
1.16836e+06	1.16229e-38
1.16846e+06	4.30674e-38
1.16856e+06	1.57993e-37
1.16866e+06	5.73831e-37
1.16876e+06	2.06342e-36
1.16886e+06	7.34594e-36
1.16896e+06	2.5892e-35
1.16906e+06	9.03524e-35
1.16916e+06	3.12156e-34
1.16926e+06	1.06773e-33
1.16936e+06	3.61581e-33
1.16946e+06	1.21229e-32
1.16956e+06	4.02409e-32
1.16966e+06	1.32247e-31
1.16976e+06	4.30287e-31
1.16986e+06	1.38608e-30
1.16996e+06	4.42056e-30
1.17006e+06	1.3958e-29
1.17016e+06	4.3634e-29
1.17026e+06	1.35047e-28
1.17036e+06	4.13809e-28
1.17046e+06	1.25537e-27
1.17056e+06	3.77054e-27
1.17066e+06	1.12122e-26
1.17076e+06	3.30092e-26
1.17086e+06	9.62137e-26
1.17096e+06	2.77649e-25
1.17106e+06	7.93252e-25
1.17116e+06	2.2438e-24
1.17126e+06	6.28367e-24
1.17136e+06	1.74221e-23
1.17146e+06	4.78238e-23
1.17156e+06	1.29971e-22
1.17166e+06	3.49706e-22
1.17176e+06	9.31576e-22
1.17186e+06	2.45691e-21
1.17196e+06	6.41533e-21
1.17206e+06	1.65846e-20
1.17216e+06	4.24472e-20
1.17226e+06	1.0756e-19
1.17236e+06	2.6984e-19
1.17246e+06	6.70225e-19
1.17256e+06	1.64813e-18
1.17266e+06	4.01255e-18
1.17276e+06	9.67177e-18
1.17286e+06	2.30807e-17
1.17296e+06	5.45316e-17
1.17306e+06	1.27557e-16
1.17316e+06	2.95406e-16
1.17326e+06	6.77313e-16
1.17336e+06	1.53751e-15
1.17346e+06	3.45543e-15
1.17356e+06	7.68855e-15
1.17366e+06	1.69373e-14
1.17376e+06	3.69402e-14
1.17386e+06	7.97651e-14
1.17396e+06	1.70523e-13
1.17406e+06	3.60919e-13
1.17416e+06	7.56301e-13
1.17426e+06	1.56905e-12
1.17436e+06	3.22281e-12
1.17446e+06	6.55375e-12
1.17456e+06	1.31948e-11
1.17466e+06	2.6301e-11
1.17476e+06	5.19037e-11
1.17486e+06	1.0141e-10
1.17496e+06	1.96166e-10
1.17506e+06	3.75682e-10
1.17516e+06	7.12321e-10
1.17526e+06	1.33717e-09
1.17536e+06	2.48517e-09
1.17546e+06	4.5728e-09
1.17556e+06	8.3304e-09
1.17566e+06	1.50247e-08
1.17576e+06	2.68289e-08
1.17586e+06	4.74305e-08
1.17596e+06	8.30173e-08
1.17606e+06	1.43859e-07
1.17616e+06	2.4681e-07
1.17626e+06	4.19223e-07
1.17636e+06	7.04992e-07
1.17646e+06	1.17376e-06
1.17656e+06	1.93479e-06
1.17666e+06	3.15751e-06
1.17676e+06	5.10168e-06
1.17686e+06	8.1609e-06
1.17696e+06	1.29247e-05
1.17706e+06	2.02656e-05
1.17716e+06	3.14597e-05
1.17726e+06	4.83513e-05
1.17736e+06	7.35729e-05
1.17746e+06	0.000110837
1.17756e+06	0.000165314
1.17766e+06	0.000244113
1.17776e+06	0.000356885
1.17786e+06	0.000516564
1.17796e+06	0.000740247
1.17806e+06	0.00105023
1.17816e+06	0.00147521
1.17826e+06	0.00205152
1.17836e+06	0.0028246
1.17846e+06	0.0038503
1.17856e+06	0.00519624
1.17866e+06	0.0069429
1.17876e+06	0.00918438
1.17886e+06	0.0120286
1.17896e+06	0.0155969
1.17906e+06	0.0200225
1.17916e+06	0.0254481
1.17926e+06	0.0320221
1.17936e+06	0.0398934
1.17946e+06	0.049205
1.17956e+06	0.0600862
1.17966e+06	0.0726435
1.17976e+06	0.0869514
1.17986e+06	0.103042
1.17996e+06	0.120894
1.18006e+06	0.140429
1.18016e+06	0.161497
1.18026e+06	0.183878
1.18036e+06	0.207277
1.18046e+06	0.231329
1.18056e+06	0.255603
1.18066e+06	0.279614
1.18076e+06	0.302837
1.18086e+06	0.324725
1.18096e+06	0.34473
1.18106e+06	0.362327
1.18116e+06	0.377033
1.18126e+06	0.388431
1.18136e+06	0.396193
1.18146e+06	0.400088
1.18156e+06	0.400002
1.18166e+06	0.395937
1.18176e+06	0.388013
1.18186e+06	0.376464
1.18196e+06	0.361625
1.18206e+06	0.343914
1.18216e+06	0.323816
1.18226e+06	0.301859
1.18236e+06	0.278591
1.18246e+06	0.254559
1.18256e+06	0.230285
1.18266e+06	0.206253
1.18276e+06	0.182891
1.18286e+06	0.160561
1.18296e+06	0.139556
1.18306e+06	0.120092
1.18316e+06	0.102316
1.18326e+06	0.0863042
1.18336e+06	0.0720757
1.18346e+06	0.0595962
1.18356e+06	0.0487905
1.18366e+06	0.0395511
1.18376e+06	0.0317487
1.18386e+06	0.0252405
1.18396e+06	0.0198786
1.18406e+06	0.0155157
1.18416e+06	0.0120109
1.18426e+06	0.00923296
1.18436e+06	0.00706283
1.18446e+06	0.00539514
1.18456e+06	0.00413852
1.18466e+06	0.00321533
1.18476e+06	0.00256082
1.18486e+06	0.0021219
1.18496e+06	0.00185576
1.18506e+06	0.00172831
1.18516e+06	0.00171269
1.18526e+06	0.00178781
1.18536e+06	0.00193702
1.18546e+06	0.00214693
1.18556e+06	0.00240642
1.18566e+06	0.0027058
1.18576e+06	0.00303615
1.18586e+06	0.00338884
1.18596e+06	0.00375522
1.18606e+06	0.00412645
1.18616e+06	0.00449348
1.18626e+06	0.0048471
1.18636e+06	0.00517816
1.18646e+06	0.0054778
1.18656e+06	0.00573772
1.18666e+06	0.00595053
1.18676e+06	0.00611005
1.18686e+06	0.00621155
1.18696e+06	0.00625198
1.18706e+06	0.0062301
1.18716e+06	0.00614655
1.18726e+06	0.0060038
1.18736e+06	0.00580601
1.18746e+06	0.00555888
1.18756e+06	0.00526931
1.18766e+06	0.00494513
1.18776e+06	0.00459472
1.18786e+06	0.00422665
1.18796e+06	0.00384939
1.18806e+06	0.00347092
1.18816e+06	0.00309851
1.18826e+06	0.00273854
1.18836e+06	0.00239631
1.18846e+06	0.00207598
1.18856e+06	0.00178058
1.18866e+06	0.00151201
1.18876e+06	0.00127118
1.18886e+06	0.00105807
1.18896e+06	0.000871929
1.18906e+06	0.000711384
1.18916e+06	0.000574624
1.18926e+06	0.000459537
1.18936e+06	0.000363843
1.18946e+06	0.00028521
1.18956e+06	0.000221347
1.18966e+06	0.000170074
1.18976e+06	0.000129378
1.18986e+06	9.74405e-05
1.18996e+06	7.26567e-05
1.19006e+06	5.36376e-05
1.19016e+06	3.9203e-05
1.19026e+06	2.83679e-05
1.19036e+06	2.03232e-05
1.19046e+06	1.44149e-05
1.19056e+06	1.01226e-05
1.19066e+06	7.03764e-06
1.19076e+06	4.84417e-06
1.19086e+06	3.30118e-06
1.19096e+06	2.22729e-06
1.19106e+06	1.48778e-06
1.19116e+06	9.83923e-07
1.19126e+06	6.44227e-07
1.19136e+06	4.17613e-07
1.19146e+06	2.68019e-07
1.19156e+06	1.703e-07
1.19166e+06	1.07132e-07
1.19176e+06	6.67244e-08
1.19186e+06	4.11438e-08
1.19196e+06	2.51178e-08
