2.52825e+07	3.50504e-05
2.52826e+07	5.75001e-05
2.52827e+07	9.33902e-05
2.52828e+07	0.000150173
2.52829e+07	0.000239077
2.5283e+07	0.000376827
2.52831e+07	0.000588035
2.52832e+07	0.000908492
2.52833e+07	0.00138962
2.52834e+07	0.0021044
2.52835e+07	0.00315513
2.52836e+07	0.00468343
2.52837e+07	0.00688284
2.52838e+07	0.0100145
2.52839e+07	0.014426
2.5284e+07	0.0205741
2.52841e+07	0.0290504
2.52842e+07	0.0406107
2.52843e+07	0.0562064
2.52844e+07	0.0770173
2.52845e+07	0.104484
2.52846e+07	0.140335
2.52847e+07	0.186612
2.52848e+07	0.24568
2.52849e+07	0.320227
2.5285e+07	0.413241
2.52851e+07	0.527965
2.52852e+07	0.667828
2.52853e+07	0.836336
2.52854e+07	1.03694
2.52855e+07	1.27287
2.52856e+07	1.54693
2.52857e+07	1.8613
2.52858e+07	2.21727
2.52859e+07	2.61503
2.5286e+07	3.05346
2.52861e+07	3.52992
2.52862e+07	4.04012
2.52863e+07	4.57806
2.52864e+07	5.136
2.52865e+07	5.70461
2.52866e+07	6.27313
2.52867e+07	6.82966
2.52868e+07	7.36159
2.52869e+07	7.85598
2.5287e+07	8.30017
2.52871e+07	8.6822
2.52872e+07	8.99146
2.52873e+07	9.21908
2.52874e+07	9.35841
2.52875e+07	9.40532
2.52876e+07	9.35841
2.52877e+07	9.21908
2.52878e+07	8.99146
2.52879e+07	8.6822
2.5288e+07	8.30017
2.52881e+07	7.85598
2.52882e+07	7.36159
2.52883e+07	6.82966
2.52884e+07	6.27313
2.52885e+07	5.70461
2.52886e+07	5.136
2.52887e+07	4.57806
2.52888e+07	4.04012
2.52889e+07	3.52992
2.5289e+07	3.05346
2.52891e+07	2.61503
2.52892e+07	2.21727
2.52893e+07	1.8613
2.52894e+07	1.54693
2.52895e+07	1.27287
2.52896e+07	1.03694
2.52897e+07	0.836336
2.52898e+07	0.667828
2.52899e+07	0.527965
2.529e+07	0.413241
2.52901e+07	0.320227
2.52902e+07	0.24568
2.52903e+07	0.186612
2.52904e+07	0.140335
2.52905e+07	0.104484
2.52906e+07	0.0770173
2.52907e+07	0.0562064
2.52908e+07	0.0406107
2.52909e+07	0.0290504
2.5291e+07	0.0205741
2.52911e+07	0.014426
2.52912e+07	0.0100145
2.52913e+07	0.00688284
2.52914e+07	0.00468343
2.52915e+07	0.00315513
2.52916e+07	0.0021044
2.52917e+07	0.00138962
2.52918e+07	0.000908492
2.52919e+07	0.000588035
2.5292e+07	0.000376827
2.52921e+07	0.000239077
2.52922e+07	0.000150173
2.52923e+07	9.33902e-05
2.52924e+07	5.75001e-05
2.52925e+07	3.50504e-05
2.52926e+07	2.11531e-05
2.52927e+07	1.2639e-05
2.52928e+07	7.47666e-06
2.52929e+07	4.37885e-06
2.5293e+07	2.53904e-06
2.52931e+07	1.45759e-06
2.52932e+07	8.28437e-07
2.52933e+07	4.66166e-07
2.52934e+07	2.59704e-07
2.52935e+07	1.43243e-07
2.52936e+07	7.82212e-08
2.52937e+07	4.22896e-08
2.52938e+07	2.2636e-08
2.52939e+07	1.19956e-08
2.5294e+07	6.29365e-09
2.52941e+07	3.26919e-09
2.52942e+07	1.68126e-09
2.52943e+07	8.56022e-10
2.52944e+07	4.31513e-10
2.52945e+07	2.15357e-10
2.52946e+07	1.0641e-10
2.52947e+07	5.20548e-11
2.52948e+07	2.52114e-11
2.52949e+07	1.2089e-11
2.5295e+07	5.73907e-12
2.52951e+07	2.69742e-12
2.52952e+07	1.2552e-12
2.52953e+07	5.78276e-13
2.52954e+07	2.63763e-13
2.52955e+07	1.19111e-13
2.52956e+07	5.32529e-14
2.52957e+07	2.35718e-14
2.52958e+07	1.033e-14
2.52959e+07	4.48192e-15
2.5296e+07	1.92524e-15
2.52961e+07	8.18773e-16
2.52962e+07	3.44746e-16
2.52963e+07	1.43711e-16
2.52964e+07	5.93117e-17
2.52965e+07	2.42352e-17
2.52966e+07	9.80416e-18
2.52967e+07	3.92673e-18
2.52968e+07	1.55707e-18
2.52969e+07	6.11284e-19
2.5297e+07	2.37594e-19
2.52971e+07	9.1429e-20
2.52972e+07	3.48329e-20
2.52973e+07	1.31387e-20
2.52974e+07	4.90651e-21
2.52975e+07	1.81405e-21
2.52976e+07	6.64024e-22
2.52977e+07	2.40644e-22
2.52978e+07	8.63421e-23
2.52979e+07	3.0671e-23
2.5298e+07	1.07867e-23
2.52981e+07	3.75586e-24
2.52982e+07	1.29475e-24
2.52983e+07	4.41895e-25
2.52984e+07	1.49317e-25
2.52985e+07	4.99525e-26
2.52986e+07	1.65448e-26
2.52987e+07	5.4253e-27
2.52988e+07	1.76134e-27
2.52989e+07	5.66133e-28
2.5299e+07	1.80157e-28
2.52991e+07	5.67598e-29
2.52992e+07	1.77047e-29
2.52993e+07	5.46754e-30
2.52994e+07	1.67168e-30
2.52995e+07	5.06024e-31
2.52996e+07	1.51651e-31
2.52997e+07	4.49964e-32
2.52998e+07	1.32181e-32
2.52999e+07	3.84427e-33
2.53e+07	1.10692e-33
2.53001e+07	3.15557e-34
2.53002e+07	8.90625e-35
2.53003e+07	2.48868e-35
2.53004e+07	6.88496e-36
2.53005e+07	1.88577e-36
2.53006e+07	5.1137e-37
2.53007e+07	1.3729e-37
2.53008e+07	3.6492e-38
2.53009e+07	9.60318e-39
2.5301e+07	2.50201e-39
2.53011e+07	6.45386e-40
2.53012e+07	1.64819e-40
2.53013e+07	4.16728e-41
2.53014e+07	1.04317e-41
2.53015e+07	2.58532e-42
2.53016e+07	6.34352e-43
2.53017e+07	1.541e-43
2.53018e+07	3.70625e-44
2.53019e+07	8.82514e-45
2.5302e+07	2.08049e-45
2.53021e+07	4.85588e-46
2.53022e+07	1.12209e-46
2.53023e+07	2.56709e-47
2.53024e+07	5.81453e-48
2.53025e+07	1.3039e-48
2.53026e+07	2.89488e-49
2.53027e+07	6.36319e-50
2.53028e+07	1.38476e-50
2.53029e+07	2.98355e-51
2.5303e+07	6.36427e-52
2.53031e+07	1.34407e-52
2.53032e+07	2.81028e-53
2.53033e+07	5.8175e-54
2.53034e+07	1.19228e-54
2.53035e+07	2.41925e-55
2.53036e+07	4.86001e-56
2.53037e+07	9.66611e-57
2.53038e+07	1.90337e-57
2.53039e+07	3.71066e-58
2.5304e+07	7.16205e-59
2.53041e+07	1.36861e-59
2.53042e+07	2.58928e-60
2.53043e+07	4.84994e-61
2.53044e+07	8.99394e-62
2.53045e+07	1.65128e-62
2.53046e+07	3.00157e-63
2.53047e+07	5.40174e-64
2.53048e+07	9.62445e-65
2.53049e+07	1.69775e-65
2.5305e+07	2.96504e-66
2.53051e+07	5.12677e-67
2.53052e+07	8.77636e-68
2.53053e+07	1.48745e-68
2.53054e+07	2.49589e-69
2.53055e+07	4.14636e-70
2.53056e+07	6.81971e-71
2.53057e+07	1.11051e-71
2.53058e+07	1.79033e-72
2.53059e+07	2.85761e-73
2.5306e+07	4.51575e-74
2.53061e+07	7.06503e-75
2.53062e+07	1.09435e-75
2.53063e+07	1.67823e-76
2.53064e+07	2.54805e-77
2.53065e+07	3.83018e-78
2.53066e+07	5.70018e-79
2.53067e+07	8.39875e-80
2.53068e+07	1.22517e-80
2.53069e+07	1.76945e-81
2.5307e+07	2.53009e-82
2.53071e+07	3.5817e-83
2.53072e+07	5.01997e-84
2.53073e+07	6.96577e-85
2.53074e+07	9.56962e-86
2.53075e+07	1.3016e-86
2.53076e+07	1.75274e-87
2.53077e+07	2.33676e-88
2.53078e+07	3.08437e-89
2.53079e+07	4.03067e-90
2.5308e+07	5.21489e-91
2.53081e+07	6.67991e-92
2.53082e+07	8.47134e-93
2.53083e+07	1.06363e-93
2.53084e+07	1.32217e-94
2.53085e+07	1.6272e-95
2.53086e+07	1.98267e-96
2.53087e+07	2.39176e-97
2.53088e+07	2.85655e-98
2.53089e+07	3.37772e-99
2.5309e+07	3.95423e-100
2.53091e+07	4.58307e-101
2.53092e+07	5.25907e-102
2.53093e+07	5.97474e-103
2.53094e+07	6.72025e-104
2.53095e+07	7.48357e-105
2.53096e+07	8.25068e-106
2.53097e+07	9.0059e-107
2.53098e+07	9.73245e-108
2.53099e+07	1.0413e-108
2.531e+07	1.10302e-109
2.53101e+07	1.15677e-110
2.53102e+07	1.20108e-111
2.53103e+07	1.23467e-112
2.53104e+07	1.25658e-113
2.53105e+07	1.26614e-114
2.53106e+07	1.26309e-115
2.53107e+07	1.24751e-116
2.53108e+07	1.21985e-117
2.53109e+07	1.18095e-118
2.5311e+07	1.1319e-119
2.53111e+07	1.0741e-120
2.53112e+07	1.00911e-121
2.53113e+07	9.38621e-123
2.53114e+07	8.64367e-124
2.53115e+07	7.88066e-125
2.53116e+07	7.11352e-126
2.53117e+07	6.35716e-127
2.53118e+07	5.6247e-128
2.53119e+07	4.92711e-129
2.5312e+07	4.27309e-130
2.53121e+07	3.66901e-131
2.53122e+07	3.11899e-132
2.53123e+07	2.62503e-133
2.53124e+07	2.18732e-134
2.53125e+07	1.80446e-135
2.53126e+07	1.47381e-136
2.53127e+07	1.19176e-137
2.53128e+07	9.54105e-139
2.53129e+07	7.5624e-140
2.5313e+07	5.93445e-141
2.53131e+07	4.6106e-142
2.53132e+07	3.54644e-143
2.53133e+07	2.70075e-144
2.53134e+07	2.03626e-145
2.53135e+07	1.51998e-146
2.53136e+07	1.12331e-147
2.53137e+07	8.21905e-149
2.53138e+07	5.95386e-150
2.53139e+07	4.27005e-151
2.5314e+07	3.03196e-152
2.53141e+07	2.13143e-153
2.53142e+07	1.48346e-154
2.53143e+07	1.02221e-155
2.53144e+07	6.97362e-157
2.53145e+07	4.71015e-158
2.53146e+07	3.14969e-159
2.53147e+07	2.08525e-160
2.53148e+07	1.3668e-161
2.53149e+07	8.86974e-163
2.5315e+07	5.69866e-164
2.53151e+07	3.62486e-165
2.53152e+07	2.2828e-166
2.53153e+07	1.42331e-167
2.53154e+07	8.78597e-169
2.53155e+07	5.36953e-170
2.53156e+07	3.24893e-171
2.53157e+07	1.94626e-172
2.53158e+07	1.1543e-173
2.53159e+07	6.7779e-175
2.5316e+07	3.94028e-176
2.53161e+07	2.26786e-177
2.53162e+07	1.2923e-178
2.53163e+07	7.29065e-180
2.53164e+07	4.07218e-181
2.53165e+07	2.25187e-182
2.53166e+07	1.23287e-183
2.53167e+07	6.68267e-185
2.53168e+07	3.58623e-186
2.53169e+07	1.90539e-187
2.5317e+07	1.00228e-188
2.53171e+07	5.21972e-190
2.53172e+07	2.69131e-191
2.53173e+07	1.37384e-192
2.53174e+07	6.94334e-194
2.53175e+07	3.47422e-195
2.53176e+07	1.72108e-196
2.53177e+07	8.44119e-198
2.53178e+07	4.09886e-199
2.53179e+07	1.97051e-200
2.5318e+07	9.37892e-202
2.53181e+07	4.4196e-203
2.53182e+07	2.06191e-204
2.53183e+07	9.5239e-206
2.53184e+07	4.35528e-207
2.53185e+07	1.97186e-208
2.53186e+07	8.83875e-210
2.53187e+07	3.9225e-211
2.53188e+07	1.72343e-212
2.53189e+07	7.49687e-214
2.5319e+07	3.22867e-215
2.53191e+07	1.37665e-216
2.53192e+07	5.81142e-218
2.53193e+07	2.42883e-219
2.53194e+07	1.00501e-220
2.53195e+07	4.11717e-222
2.53196e+07	1.66988e-223
2.53197e+07	6.70545e-225
2.53198e+07	2.66581e-226
2.53199e+07	1.04927e-227
2.532e+07	4.08884e-229
2.53201e+07	1.57751e-230
2.53202e+07	6.0256e-232
2.53203e+07	2.27869e-233
2.53204e+07	8.53156e-235
2.53205e+07	3.16248e-236
2.53206e+07	1.16061e-237
2.53207e+07	4.21695e-239
2.53208e+07	1.51694e-240
2.53209e+07	5.40253e-242
2.5321e+07	1.90494e-243
2.53211e+07	6.65004e-245
2.53212e+07	2.29839e-246
2.53213e+07	7.86465e-248
2.53214e+07	2.66436e-249
2.53215e+07	8.93641e-251
2.53216e+07	2.9675e-252
2.53217e+07	9.75606e-254
2.53218e+07	3.17553e-255
2.53219e+07	1.02333e-256
2.5322e+07	3.2649e-258
2.53221e+07	1.03129e-259
2.53222e+07	3.22517e-261
2.53223e+07	9.98571e-263
2.53224e+07	3.06099e-264
2.53225e+07	9.28974e-266
2.53226e+07	2.79127e-267
2.53227e+07	8.3034e-269
2.53228e+07	2.4455e-270
2.53229e+07	7.13078e-272
2.5323e+07	2.05856e-273
2.53231e+07	5.88364e-275
2.53232e+07	1.66489e-276
2.53233e+07	4.66427e-278
2.53234e+07	1.29371e-279
2.53235e+07	3.55262e-281
2.53236e+07	9.65868e-283
2.53237e+07	2.59982e-284
2.53238e+07	6.92828e-286
2.53239e+07	1.82795e-287
2.5324e+07	4.77487e-289
2.53241e+07	1.23485e-290
2.53242e+07	3.16174e-292
2.53243e+07	8.01482e-294
2.53244e+07	2.01149e-295
2.53245e+07	4.99805e-297
2.53246e+07	1.22953e-298
2.53247e+07	2.99458e-300
2.53248e+07	7.22086e-302
2.53249e+07	1.72385e-303
2.5325e+07	4.07442e-305
2.53251e+07	9.53433e-307
2.53252e+07	2.20888e-308
2.53253e+07	5.06652e-310
2.53254e+07	1.15055e-311
2.53255e+07	2.58677e-313
2.53256e+07	5.75794e-315
2.53257e+07	1.26892e-316
2.53258e+07	2.76859e-318
2.53259e+07	5.98066e-320
2.5326e+07	1.29939e-321
2.53261e+07	4.44659e-323
2.53262e+07	0
2.53263e+07	0
2.53264e+07	0
2.53265e+07	0
2.53266e+07	0
2.53267e+07	0
2.53268e+07	0
2.53269e+07	0
2.5327e+07	0
2.53271e+07	0
2.53272e+07	0
2.53273e+07	0
2.53274e+07	0
2.53275e+07	0
2.53276e+07	0
2.53277e+07	0
2.53278e+07	0
2.53279e+07	0
2.5328e+07	0
2.53281e+07	0
2.53282e+07	0
2.53283e+07	0
2.53284e+07	0
2.53285e+07	0
2.53286e+07	0
2.53287e+07	0
2.53288e+07	0
2.53289e+07	0
2.5329e+07	0
2.53291e+07	0
2.53292e+07	0
2.53293e+07	0
2.53294e+07	0
2.53295e+07	0
2.53296e+07	0
2.53297e+07	0
2.53298e+07	0
2.53299e+07	0
2.533e+07	0
2.53301e+07	0
2.53302e+07	0
2.53303e+07	0
2.53304e+07	0
2.53305e+07	0
2.53306e+07	0
2.53307e+07	0
2.53308e+07	0
2.53309e+07	0
2.5331e+07	0
2.53311e+07	0
2.53312e+07	0
2.53313e+07	0
2.53314e+07	0
2.53315e+07	0
2.53316e+07	0
2.53317e+07	0
2.53318e+07	0
2.53319e+07	0
2.5332e+07	0
2.53321e+07	0
2.53322e+07	0
2.53323e+07	0
2.53324e+07	0
2.53325e+07	0
2.53326e+07	0
2.53327e+07	0
2.53328e+07	0
2.53329e+07	0
2.5333e+07	0
2.53331e+07	0
2.53332e+07	0
2.53333e+07	0
2.53334e+07	0
2.53335e+07	0
2.53336e+07	0
2.53337e+07	0
2.53338e+07	0
2.53339e+07	0
2.5334e+07	0
2.53341e+07	0
2.53342e+07	0
2.53343e+07	0
2.53344e+07	0
2.53345e+07	0
2.53346e+07	0
2.53347e+07	0
2.53348e+07	0
2.53349e+07	0
2.5335e+07	0
2.53351e+07	0
2.53352e+07	0
2.53353e+07	0
2.53354e+07	0
2.53355e+07	0
2.53356e+07	0
2.53357e+07	0
2.53358e+07	0
2.53359e+07	0
2.5336e+07	0
2.53361e+07	0
2.53362e+07	0
2.53363e+07	0
2.53364e+07	0
2.53365e+07	0
2.53366e+07	0
2.53367e+07	0
2.53368e+07	0
2.53369e+07	0
2.5337e+07	0
2.53371e+07	0
2.53372e+07	0
2.53373e+07	0
2.53374e+07	0
2.53375e+07	0
2.53376e+07	0
2.53377e+07	0
2.53378e+07	0
2.53379e+07	0
2.5338e+07	0
2.53381e+07	0
2.53382e+07	0
2.53383e+07	0
2.53384e+07	0
2.53385e+07	0
2.53386e+07	0
2.53387e+07	0
2.53388e+07	0
2.53389e+07	0
2.5339e+07	0
2.53391e+07	0
2.53392e+07	0
2.53393e+07	0
2.53394e+07	0
2.53395e+07	0
2.53396e+07	0
2.53397e+07	0
2.53398e+07	0
2.53399e+07	0
2.534e+07	0
2.53401e+07	0
2.53402e+07	0
2.53403e+07	0
2.53404e+07	0
2.53405e+07	0
2.53406e+07	0
2.53407e+07	0
2.53408e+07	0
2.53409e+07	0
2.5341e+07	0
2.53411e+07	0
2.53412e+07	0
2.53413e+07	0
2.53414e+07	0
2.53415e+07	0
2.53416e+07	0
2.53417e+07	0
2.53418e+07	0
2.53419e+07	0
2.5342e+07	0
2.53421e+07	0
2.53422e+07	0
2.53423e+07	0
2.53424e+07	0
2.53425e+07	0
2.53426e+07	0
2.53427e+07	0
2.53428e+07	0
2.53429e+07	0
2.5343e+07	0
2.53431e+07	0
2.53432e+07	0
2.53433e+07	0
2.53434e+07	0
2.53435e+07	0
2.53436e+07	0
2.53437e+07	0
2.53438e+07	0
2.53439e+07	0
2.5344e+07	0
2.53441e+07	0
2.53442e+07	0
2.53443e+07	0
2.53444e+07	0
2.53445e+07	0
2.53446e+07	0
2.53447e+07	0
2.53448e+07	0
2.53449e+07	0
2.5345e+07	0
2.53451e+07	0
2.53452e+07	0
2.53453e+07	0
2.53454e+07	0
2.53455e+07	0
2.53456e+07	0
2.53457e+07	0
2.53458e+07	0
2.53459e+07	0
2.5346e+07	0
2.53461e+07	0
2.53462e+07	0
2.53463e+07	0
2.53464e+07	0
2.53465e+07	0
2.53466e+07	0
2.53467e+07	0
2.53468e+07	0
2.53469e+07	0
2.5347e+07	0
2.53471e+07	0
2.53472e+07	0
2.53473e+07	0
2.53474e+07	0
2.53475e+07	0
2.53476e+07	0
2.53477e+07	0
2.53478e+07	0
2.53479e+07	0
2.5348e+07	0
2.53481e+07	0
2.53482e+07	0
2.53483e+07	0
2.53484e+07	0
2.53485e+07	0
2.53486e+07	0
2.53487e+07	0
2.53488e+07	0
2.53489e+07	0
2.5349e+07	0
2.53491e+07	0
2.53492e+07	0
2.53493e+07	0
2.53494e+07	0
2.53495e+07	0
2.53496e+07	0
2.53497e+07	0
2.53498e+07	0
2.53499e+07	0
2.535e+07	0
2.53501e+07	0
2.53502e+07	0
2.53503e+07	0
2.53504e+07	0
2.53505e+07	0
2.53506e+07	0
2.53507e+07	0
2.53508e+07	0
2.53509e+07	0
2.5351e+07	0
2.53511e+07	0
2.53512e+07	0
2.53513e+07	0
2.53514e+07	0
2.53515e+07	0
2.53516e+07	0
2.53517e+07	0
2.53518e+07	0
2.53519e+07	0
2.5352e+07	0
2.53521e+07	0
2.53522e+07	0
2.53523e+07	0
2.53524e+07	0
2.53525e+07	0
2.53526e+07	0
2.53527e+07	0
2.53528e+07	0
2.53529e+07	0
2.5353e+07	0
2.53531e+07	0
2.53532e+07	0
2.53533e+07	0
2.53534e+07	0
2.53535e+07	0
2.53536e+07	0
2.53537e+07	0
2.53538e+07	0
2.53539e+07	0
2.5354e+07	0
2.53541e+07	0
2.53542e+07	0
2.53543e+07	0
2.53544e+07	0
2.53545e+07	0
2.53546e+07	0
2.53547e+07	0
2.53548e+07	0
2.53549e+07	0
2.5355e+07	0
2.53551e+07	0
2.53552e+07	0
2.53553e+07	0
2.53554e+07	0
2.53555e+07	0
2.53556e+07	0
2.53557e+07	0
2.53558e+07	0
2.53559e+07	0
2.5356e+07	0
2.53561e+07	0
2.53562e+07	0
2.53563e+07	0
2.53564e+07	0
2.53565e+07	0
2.53566e+07	0
2.53567e+07	0
2.53568e+07	0
2.53569e+07	0
2.5357e+07	0
2.53571e+07	0
2.53572e+07	0
2.53573e+07	0
2.53574e+07	0
2.53575e+07	0
2.53576e+07	0
2.53577e+07	0
2.53578e+07	0
2.53579e+07	0
2.5358e+07	0
2.53581e+07	0
2.53582e+07	0
2.53583e+07	0
2.53584e+07	0
2.53585e+07	0
2.53586e+07	0
2.53587e+07	0
2.53588e+07	0
2.53589e+07	0
2.5359e+07	0
2.53591e+07	0
2.53592e+07	0
2.53593e+07	0
2.53594e+07	0
2.53595e+07	0
2.53596e+07	0
2.53597e+07	0
2.53598e+07	0
2.53599e+07	0
2.536e+07	0
2.53601e+07	0
2.53602e+07	0
2.53603e+07	0
2.53604e+07	0
2.53605e+07	0
2.53606e+07	0
2.53607e+07	0
2.53608e+07	0
2.53609e+07	0
2.5361e+07	0
2.53611e+07	0
2.53612e+07	0
2.53613e+07	0
2.53614e+07	0
2.53615e+07	0
2.53616e+07	0
2.53617e+07	0
2.53618e+07	0
2.53619e+07	0
2.5362e+07	0
2.53621e+07	0
2.53622e+07	0
2.53623e+07	0
2.53624e+07	0
2.53625e+07	0
2.53626e+07	0
2.53627e+07	0
2.53628e+07	0
2.53629e+07	0
2.5363e+07	0
2.53631e+07	0
2.53632e+07	0
2.53633e+07	0
2.53634e+07	0
2.53635e+07	0
2.53636e+07	0
2.53637e+07	0
2.53638e+07	0
2.53639e+07	0
2.5364e+07	0
2.53641e+07	0
2.53642e+07	0
2.53643e+07	0
2.53644e+07	0
2.53645e+07	0
2.53646e+07	0
2.53647e+07	0
2.53648e+07	0
2.53649e+07	0
2.5365e+07	0
2.53651e+07	0
2.53652e+07	0
2.53653e+07	0
2.53654e+07	0
2.53655e+07	0
2.53656e+07	0
2.53657e+07	0
2.53658e+07	0
2.53659e+07	0
2.5366e+07	0
2.53661e+07	0
2.53662e+07	0
2.53663e+07	0
2.53664e+07	0
2.53665e+07	0
2.53666e+07	0
2.53667e+07	0
2.53668e+07	0
2.53669e+07	0
2.5367e+07	0
2.53671e+07	0
2.53672e+07	0
2.53673e+07	0
2.53674e+07	0
2.53675e+07	0
2.53676e+07	0
2.53677e+07	0
2.53678e+07	0
2.53679e+07	0
2.5368e+07	0
2.53681e+07	0
2.53682e+07	0
2.53683e+07	0
2.53684e+07	0
2.53685e+07	0
2.53686e+07	0
2.53687e+07	0
2.53688e+07	0
2.53689e+07	0
2.5369e+07	0
2.53691e+07	0
2.53692e+07	0
2.53693e+07	0
2.53694e+07	0
2.53695e+07	0
2.53696e+07	0
2.53697e+07	0
2.53698e+07	0
2.53699e+07	0
2.537e+07	0
2.53701e+07	0
2.53702e+07	0
2.53703e+07	0
2.53704e+07	0
2.53705e+07	0
2.53706e+07	0
2.53707e+07	0
2.53708e+07	0
2.53709e+07	0
2.5371e+07	0
2.53711e+07	0
2.53712e+07	0
2.53713e+07	0
2.53714e+07	0
2.53715e+07	0
2.53716e+07	0
2.53717e+07	0
2.53718e+07	0
2.53719e+07	0
2.5372e+07	0
2.53721e+07	0
2.53722e+07	0
2.53723e+07	0
2.53724e+07	0
2.53725e+07	0
2.53726e+07	0
2.53727e+07	0
2.53728e+07	0
2.53729e+07	0
2.5373e+07	0
2.53731e+07	0
2.53732e+07	0
2.53733e+07	0
2.53734e+07	0
2.53735e+07	0
2.53736e+07	0
2.53737e+07	0
2.53738e+07	0
2.53739e+07	0
2.5374e+07	0
2.53741e+07	0
2.53742e+07	0
2.53743e+07	0
2.53744e+07	0
2.53745e+07	0
2.53746e+07	0
2.53747e+07	0
2.53748e+07	0
2.53749e+07	0
2.5375e+07	0
2.53751e+07	0
2.53752e+07	0
2.53753e+07	0
2.53754e+07	0
2.53755e+07	0
2.53756e+07	0
2.53757e+07	0
2.53758e+07	0
2.53759e+07	0
2.5376e+07	0
2.53761e+07	0
2.53762e+07	0
2.53763e+07	0
2.53764e+07	0
2.53765e+07	0
2.53766e+07	0
2.53767e+07	0
2.53768e+07	0
2.53769e+07	0
2.5377e+07	0
2.53771e+07	0
2.53772e+07	0
2.53773e+07	0
2.53774e+07	0
2.53775e+07	0
2.53776e+07	0
2.53777e+07	0
2.53778e+07	0
2.53779e+07	0
2.5378e+07	0
2.53781e+07	0
2.53782e+07	0
2.53783e+07	0
2.53784e+07	0
2.53785e+07	0
2.53786e+07	0
2.53787e+07	0
2.53788e+07	0
2.53789e+07	0
2.5379e+07	0
2.53791e+07	0
2.53792e+07	0
2.53793e+07	0
2.53794e+07	0
2.53795e+07	0
2.53796e+07	0
2.53797e+07	0
2.53798e+07	0
2.53799e+07	0
2.538e+07	0
2.53801e+07	0
2.53802e+07	0
2.53803e+07	0
2.53804e+07	0
2.53805e+07	0
2.53806e+07	0
2.53807e+07	0
2.53808e+07	0
2.53809e+07	0
2.5381e+07	0
2.53811e+07	0
2.53812e+07	0
2.53813e+07	0
2.53814e+07	0
2.53815e+07	0
2.53816e+07	0
2.53817e+07	0
2.53818e+07	0
2.53819e+07	0
2.5382e+07	0
2.53821e+07	0
2.53822e+07	0
2.53823e+07	0
2.53824e+07	0
2.53825e+07	0
2.53826e+07	0
2.53827e+07	0
2.53828e+07	0
2.53829e+07	0
2.5383e+07	0
2.53831e+07	0
2.53832e+07	0
2.53833e+07	0
2.53834e+07	0
2.53835e+07	0
2.53836e+07	0
2.53837e+07	0
2.53838e+07	0
2.53839e+07	0
2.5384e+07	0
2.53841e+07	0
2.53842e+07	0
2.53843e+07	0
2.53844e+07	0
2.53845e+07	0
2.53846e+07	0
2.53847e+07	0
2.53848e+07	0
2.53849e+07	0
2.5385e+07	0
2.53851e+07	0
2.53852e+07	0
2.53853e+07	0
2.53854e+07	0
2.53855e+07	0
2.53856e+07	0
2.53857e+07	0
2.53858e+07	0
2.53859e+07	0
2.5386e+07	0
2.53861e+07	0
2.53862e+07	0
2.53863e+07	0
2.53864e+07	0
2.53865e+07	0
2.53866e+07	0
2.53867e+07	0
2.53868e+07	0
2.53869e+07	0
2.5387e+07	0
2.53871e+07	0
2.53872e+07	0
2.53873e+07	0
2.53874e+07	0
2.53875e+07	0
2.53876e+07	0
2.53877e+07	0
2.53878e+07	0
2.53879e+07	0
2.5388e+07	0
2.53881e+07	0
2.53882e+07	0
2.53883e+07	0
2.53884e+07	0
2.53885e+07	0
2.53886e+07	0
2.53887e+07	0
2.53888e+07	0
2.53889e+07	0
2.5389e+07	0
2.53891e+07	0
2.53892e+07	0
2.53893e+07	0
2.53894e+07	0
2.53895e+07	0
2.53896e+07	0
2.53897e+07	0
2.53898e+07	0
2.53899e+07	0
2.539e+07	0
2.53901e+07	0
2.53902e+07	0
2.53903e+07	0
2.53904e+07	0
2.53905e+07	0
2.53906e+07	0
2.53907e+07	0
2.53908e+07	0
2.53909e+07	0
2.5391e+07	0
2.53911e+07	0
2.53912e+07	0
2.53913e+07	0
2.53914e+07	0
2.53915e+07	0
2.53916e+07	0
2.53917e+07	0
2.53918e+07	0
2.53919e+07	0
2.5392e+07	0
2.53921e+07	0
2.53922e+07	0
2.53923e+07	0
2.53924e+07	0
2.53925e+07	0
2.53926e+07	0
2.53927e+07	0
2.53928e+07	0
2.53929e+07	0
2.5393e+07	0
2.53931e+07	0
2.53932e+07	0
2.53933e+07	0
2.53934e+07	0
2.53935e+07	0
2.53936e+07	0
2.53937e+07	0
2.53938e+07	0
2.53939e+07	0
2.5394e+07	0
2.53941e+07	0
2.53942e+07	0
2.53943e+07	0
2.53944e+07	0
2.53945e+07	0
2.53946e+07	0
2.53947e+07	0
2.53948e+07	0
2.53949e+07	0
2.5395e+07	0
2.53951e+07	0
2.53952e+07	0
2.53953e+07	0
2.53954e+07	0
2.53955e+07	0
2.53956e+07	0
2.53957e+07	0
2.53958e+07	0
2.53959e+07	0
2.5396e+07	0
2.53961e+07	0
2.53962e+07	0
2.53963e+07	0
2.53964e+07	0
2.53965e+07	0
2.53966e+07	0
2.53967e+07	0
2.53968e+07	0
2.53969e+07	0
2.5397e+07	0
2.53971e+07	0
2.53972e+07	0
2.53973e+07	0
2.53974e+07	0
2.53975e+07	0
2.53976e+07	0
2.53977e+07	0
2.53978e+07	0
2.53979e+07	0
2.5398e+07	0
2.53981e+07	0
2.53982e+07	0
2.53983e+07	0
2.53984e+07	0
2.53985e+07	0
2.53986e+07	0
2.53987e+07	0
2.53988e+07	0
2.53989e+07	0
2.5399e+07	0
2.53991e+07	0
2.53992e+07	0
2.53993e+07	0
2.53994e+07	0
2.53995e+07	0
2.53996e+07	0
2.53997e+07	0
2.53998e+07	0
2.53999e+07	0
2.54e+07	0
2.54001e+07	0
2.54002e+07	0
2.54003e+07	0
2.54004e+07	0
2.54005e+07	0
2.54006e+07	0
2.54007e+07	0
2.54008e+07	0
2.54009e+07	0
2.5401e+07	0
2.54011e+07	0
2.54012e+07	0
2.54013e+07	0
2.54014e+07	0
2.54015e+07	0
2.54016e+07	0
2.54017e+07	0
2.54018e+07	0
2.54019e+07	0
2.5402e+07	0
2.54021e+07	0
2.54022e+07	0
2.54023e+07	0
2.54024e+07	0
2.54025e+07	0
2.54026e+07	0
2.54027e+07	0
2.54028e+07	0
2.54029e+07	0
2.5403e+07	0
2.54031e+07	0
2.54032e+07	0
2.54033e+07	0
2.54034e+07	0
2.54035e+07	0
2.54036e+07	0
2.54037e+07	0
2.54038e+07	0
2.54039e+07	0
2.5404e+07	0
2.54041e+07	0
2.54042e+07	0
2.54043e+07	0
2.54044e+07	0
2.54045e+07	0
2.54046e+07	0
2.54047e+07	0
2.54048e+07	0
2.54049e+07	0
2.5405e+07	0
2.54051e+07	0
2.54052e+07	0
2.54053e+07	0
2.54054e+07	0
2.54055e+07	0
2.54056e+07	0
2.54057e+07	0
2.54058e+07	0
2.54059e+07	0
2.5406e+07	0
2.54061e+07	0
2.54062e+07	0
2.54063e+07	0
2.54064e+07	0
2.54065e+07	0
2.54066e+07	0
2.54067e+07	0
2.54068e+07	0
2.54069e+07	0
2.5407e+07	0
2.54071e+07	0
2.54072e+07	0
2.54073e+07	0
2.54074e+07	0
2.54075e+07	0
2.54076e+07	0
2.54077e+07	0
2.54078e+07	0
2.54079e+07	0
2.5408e+07	0
2.54081e+07	0
2.54082e+07	0
2.54083e+07	0
2.54084e+07	0
2.54085e+07	0
2.54086e+07	0
2.54087e+07	0
2.54088e+07	0
2.54089e+07	0
2.5409e+07	0
2.54091e+07	0
2.54092e+07	0
2.54093e+07	0
2.54094e+07	0
2.54095e+07	0
2.54096e+07	0
2.54097e+07	0
2.54098e+07	0
2.54099e+07	0
2.541e+07	0
2.54101e+07	0
2.54102e+07	0
2.54103e+07	0
2.54104e+07	0
2.54105e+07	0
2.54106e+07	0
2.54107e+07	0
2.54108e+07	0
2.54109e+07	0
2.5411e+07	0
2.54111e+07	0
2.54112e+07	0
2.54113e+07	0
2.54114e+07	0
2.54115e+07	0
2.54116e+07	0
2.54117e+07	0
2.54118e+07	0
2.54119e+07	0
2.5412e+07	0
2.54121e+07	0
2.54122e+07	0
2.54123e+07	0
2.54124e+07	0
2.54125e+07	0
2.54126e+07	0
2.54127e+07	0
2.54128e+07	0
2.54129e+07	0
2.5413e+07	0
2.54131e+07	0
2.54132e+07	0
2.54133e+07	0
2.54134e+07	0
2.54135e+07	0
2.54136e+07	0
2.54137e+07	0
2.54138e+07	0
2.54139e+07	0
2.5414e+07	0
2.54141e+07	0
2.54142e+07	0
2.54143e+07	0
2.54144e+07	0
2.54145e+07	0
2.54146e+07	0
2.54147e+07	0
2.54148e+07	0
2.54149e+07	0
2.5415e+07	0
2.54151e+07	0
2.54152e+07	0
2.54153e+07	0
2.54154e+07	0
2.54155e+07	0
2.54156e+07	0
2.54157e+07	0
2.54158e+07	0
2.54159e+07	0
2.5416e+07	0
2.54161e+07	0
2.54162e+07	0
2.54163e+07	0
2.54164e+07	0
2.54165e+07	0
2.54166e+07	0
2.54167e+07	0
2.54168e+07	0
2.54169e+07	0
2.5417e+07	0
2.54171e+07	0
2.54172e+07	0
2.54173e+07	0
2.54174e+07	0
2.54175e+07	0
2.54176e+07	0
2.54177e+07	0
2.54178e+07	0
2.54179e+07	0
2.5418e+07	0
2.54181e+07	0
2.54182e+07	0
2.54183e+07	0
2.54184e+07	0
2.54185e+07	0
2.54186e+07	0
2.54187e+07	0
2.54188e+07	0
2.54189e+07	0
2.5419e+07	0
2.54191e+07	0
2.54192e+07	0
2.54193e+07	0
2.54194e+07	0
2.54195e+07	0
2.54196e+07	0
2.54197e+07	0
2.54198e+07	0
2.54199e+07	0
2.542e+07	0
2.54201e+07	0
2.54202e+07	0
2.54203e+07	0
2.54204e+07	0
2.54205e+07	0
2.54206e+07	0
2.54207e+07	0
2.54208e+07	0
2.54209e+07	0
2.5421e+07	0
2.54211e+07	0
2.54212e+07	0
2.54213e+07	0
2.54214e+07	0
2.54215e+07	0
2.54216e+07	0
2.54217e+07	0
2.54218e+07	0
2.54219e+07	0
2.5422e+07	0
2.54221e+07	0
2.54222e+07	0
2.54223e+07	0
2.54224e+07	0
2.54225e+07	0
2.54226e+07	0
2.54227e+07	0
2.54228e+07	0
2.54229e+07	0
2.5423e+07	0
2.54231e+07	0
2.54232e+07	0
2.54233e+07	0
2.54234e+07	0
2.54235e+07	0
2.54236e+07	0
2.54237e+07	0
2.54238e+07	0
2.54239e+07	0
2.5424e+07	0
2.54241e+07	0
2.54242e+07	0
2.54243e+07	0
2.54244e+07	0
2.54245e+07	0
2.54246e+07	0
2.54247e+07	0
2.54248e+07	0
2.54249e+07	0
2.5425e+07	0
2.54251e+07	0
2.54252e+07	0
2.54253e+07	0
2.54254e+07	0
2.54255e+07	0
2.54256e+07	0
2.54257e+07	0
2.54258e+07	0
2.54259e+07	0
2.5426e+07	0
2.54261e+07	0
2.54262e+07	0
2.54263e+07	0
2.54264e+07	0
2.54265e+07	0
2.54266e+07	0
2.54267e+07	0
2.54268e+07	0
2.54269e+07	0
2.5427e+07	0
2.54271e+07	0
2.54272e+07	0
2.54273e+07	0
2.54274e+07	0
2.54275e+07	0
2.54276e+07	0
2.54277e+07	0
2.54278e+07	0
2.54279e+07	0
2.5428e+07	0
2.54281e+07	0
2.54282e+07	0
2.54283e+07	0
2.54284e+07	0
2.54285e+07	0
2.54286e+07	0
2.54287e+07	0
2.54288e+07	0
2.54289e+07	0
2.5429e+07	0
2.54291e+07	0
2.54292e+07	0
2.54293e+07	0
2.54294e+07	0
2.54295e+07	0
2.54296e+07	0
2.54297e+07	0
2.54298e+07	0
2.54299e+07	0
2.543e+07	0
2.54301e+07	0
2.54302e+07	0
2.54303e+07	0
2.54304e+07	0
2.54305e+07	0
2.54306e+07	0
2.54307e+07	0
2.54308e+07	0
2.54309e+07	0
2.5431e+07	0
2.54311e+07	0
2.54312e+07	0
2.54313e+07	0
2.54314e+07	0
2.54315e+07	0
2.54316e+07	0
2.54317e+07	0
2.54318e+07	0
2.54319e+07	0
2.5432e+07	0
2.54321e+07	0
2.54322e+07	0
2.54323e+07	0
2.54324e+07	0
2.54325e+07	0
2.54326e+07	0
2.54327e+07	0
2.54328e+07	0
2.54329e+07	0
2.5433e+07	0
2.54331e+07	0
2.54332e+07	0
2.54333e+07	0
2.54334e+07	0
2.54335e+07	0
2.54336e+07	0
2.54337e+07	0
2.54338e+07	0
2.54339e+07	0
2.5434e+07	0
2.54341e+07	0
2.54342e+07	0
2.54343e+07	0
2.54344e+07	0
2.54345e+07	0
2.54346e+07	0
2.54347e+07	0
2.54348e+07	0
2.54349e+07	0
2.5435e+07	0
2.54351e+07	0
2.54352e+07	0
2.54353e+07	0
2.54354e+07	0
2.54355e+07	0
2.54356e+07	0
2.54357e+07	0
2.54358e+07	0
2.54359e+07	0
2.5436e+07	0
2.54361e+07	0
2.54362e+07	0
2.54363e+07	0
2.54364e+07	0
2.54365e+07	0
2.54366e+07	0
2.54367e+07	0
2.54368e+07	0
2.54369e+07	0
2.5437e+07	0
2.54371e+07	0
2.54372e+07	0
2.54373e+07	0
2.54374e+07	0
2.54375e+07	0
2.54376e+07	0
2.54377e+07	0
2.54378e+07	0
2.54379e+07	0
2.5438e+07	0
2.54381e+07	0
2.54382e+07	0
2.54383e+07	0
2.54384e+07	0
2.54385e+07	0
2.54386e+07	0
2.54387e+07	0
2.54388e+07	0
2.54389e+07	0
2.5439e+07	0
2.54391e+07	0
2.54392e+07	0
2.54393e+07	0
2.54394e+07	0
2.54395e+07	0
2.54396e+07	0
2.54397e+07	0
2.54398e+07	0
2.54399e+07	0
2.544e+07	0
2.54401e+07	0
2.54402e+07	0
2.54403e+07	0
2.54404e+07	0
2.54405e+07	0
2.54406e+07	0
2.54407e+07	0
2.54408e+07	0
2.54409e+07	0
2.5441e+07	0
2.54411e+07	0
2.54412e+07	0
2.54413e+07	0
2.54414e+07	0
2.54415e+07	0
2.54416e+07	0
2.54417e+07	0
2.54418e+07	0
2.54419e+07	0
2.5442e+07	0
2.54421e+07	0
2.54422e+07	0
2.54423e+07	0
2.54424e+07	0
2.54425e+07	0
2.54426e+07	0
2.54427e+07	0
2.54428e+07	0
2.54429e+07	0
2.5443e+07	0
2.54431e+07	0
2.54432e+07	0
2.54433e+07	0
2.54434e+07	0
2.54435e+07	0
2.54436e+07	0
2.54437e+07	0
2.54438e+07	0
2.54439e+07	0
2.5444e+07	0
2.54441e+07	0
2.54442e+07	0
2.54443e+07	0
2.54444e+07	0
2.54445e+07	0
2.54446e+07	0
2.54447e+07	0
2.54448e+07	0
2.54449e+07	0
2.5445e+07	0
2.54451e+07	0
2.54452e+07	0
2.54453e+07	0
2.54454e+07	0
2.54455e+07	0
2.54456e+07	0
2.54457e+07	0
2.54458e+07	0
2.54459e+07	0
2.5446e+07	0
2.54461e+07	0
2.54462e+07	0
2.54463e+07	0
2.54464e+07	0
2.54465e+07	0
2.54466e+07	0
2.54467e+07	0
2.54468e+07	0
2.54469e+07	0
2.5447e+07	0
2.54471e+07	0
2.54472e+07	0
2.54473e+07	0
2.54474e+07	0
2.54475e+07	0
2.54476e+07	0
2.54477e+07	0
2.54478e+07	0
2.54479e+07	0
2.5448e+07	0
2.54481e+07	0
2.54482e+07	0
2.54483e+07	0
2.54484e+07	0
2.54485e+07	0
2.54486e+07	0
2.54487e+07	0
2.54488e+07	0
2.54489e+07	0
2.5449e+07	0
2.54491e+07	0
2.54492e+07	0
2.54493e+07	0
2.54494e+07	0
2.54495e+07	0
2.54496e+07	0
2.54497e+07	0
2.54498e+07	0
2.54499e+07	0
2.545e+07	0
2.54501e+07	0
2.54502e+07	0
2.54503e+07	0
2.54504e+07	0
2.54505e+07	0
2.54506e+07	0
2.54507e+07	0
2.54508e+07	0
2.54509e+07	0
2.5451e+07	0
2.54511e+07	0
2.54512e+07	0
2.54513e+07	0
2.54514e+07	0
2.54515e+07	0
2.54516e+07	0
2.54517e+07	0
2.54518e+07	0
2.54519e+07	0
2.5452e+07	0
2.54521e+07	0
2.54522e+07	0
2.54523e+07	0
2.54524e+07	0
2.54525e+07	0
2.54526e+07	0
2.54527e+07	0
2.54528e+07	0
2.54529e+07	0
2.5453e+07	0
2.54531e+07	0
2.54532e+07	0
2.54533e+07	0
2.54534e+07	0
2.54535e+07	7.90505e-323
2.54536e+07	3.33988e-321
2.54537e+07	1.54662e-319
2.54538e+07	7.15101e-318
2.54539e+07	3.274e-316
2.5454e+07	1.48404e-314
2.54541e+07	6.65991e-313
2.54542e+07	2.95903e-311
2.54543e+07	1.30163e-309
2.54544e+07	5.66868e-308
2.54545e+07	2.44418e-306
2.54546e+07	1.04338e-304
2.54547e+07	4.40969e-303
2.54548e+07	1.84515e-301
2.54549e+07	7.64384e-300
2.5455e+07	3.13508e-298
2.54551e+07	1.27304e-296
2.54552e+07	5.11792e-295
2.54553e+07	2.03705e-293
2.54554e+07	8.02726e-292
2.54555e+07	3.13177e-290
2.54556e+07	1.20968e-288
2.54557e+07	4.626e-287
2.54558e+07	1.75146e-285
2.54559e+07	6.56523e-284
2.5456e+07	2.43645e-282
2.54561e+07	8.95204e-281
2.54562e+07	3.25645e-279
2.54563e+07	1.1728e-277
2.54564e+07	4.18175e-276
2.54565e+07	1.47622e-274
2.54566e+07	5.15943e-273
2.54567e+07	1.78529e-271
2.54568e+07	6.11607e-270
2.54569e+07	2.07441e-268
2.5457e+07	6.96581e-267
2.54571e+07	2.31583e-265
2.54572e+07	7.62253e-264
2.54573e+07	2.48398e-262
2.54574e+07	8.01411e-261
2.54575e+07	2.55987e-259
2.54576e+07	8.09541e-258
2.54577e+07	2.53464e-256
2.54578e+07	7.8569e-255
2.54579e+07	2.41125e-253
2.5458e+07	7.32642e-252
2.54581e+07	2.20393e-250
2.54582e+07	6.56388e-249
2.54583e+07	1.93544e-247
2.54584e+07	5.65011e-246
2.54585e+07	1.63302e-244
2.54586e+07	4.67286e-243
2.54587e+07	1.32382e-241
2.54588e+07	3.71309e-240
2.54589e+07	1.03109e-238
2.5459e+07	2.83477e-237
2.54591e+07	7.71602e-236
2.54592e+07	2.07935e-234
2.54593e+07	5.54776e-233
2.54594e+07	1.46543e-231
2.54595e+07	3.83239e-230
2.54596e+07	9.92273e-229
2.54597e+07	2.54361e-227
2.54598e+07	6.45544e-226
2.54599e+07	1.62203e-224
2.546e+07	4.03504e-223
2.54601e+07	9.93791e-222
2.54602e+07	2.42325e-220
2.54603e+07	5.85006e-219
2.54604e+07	1.39823e-217
2.54605e+07	3.30867e-216
2.54606e+07	7.75149e-215
2.54607e+07	1.79794e-213
2.54608e+07	4.12877e-212
2.54609e+07	9.38695e-211
2.5461e+07	2.11293e-209
2.54611e+07	4.70871e-208
2.54612e+07	1.03891e-206
2.54613e+07	2.26939e-205
2.54614e+07	4.90791e-204
2.54615e+07	1.05085e-202
2.54616e+07	2.22764e-201
2.54617e+07	4.67525e-200
2.54618e+07	9.71453e-199
2.54619e+07	1.99846e-197
2.5462e+07	4.0703e-196
2.54621e+07	8.20757e-195
2.54622e+07	1.63855e-193
2.54623e+07	3.23863e-192
2.54624e+07	6.33754e-191
2.54625e+07	1.22783e-189
2.54626e+07	2.35511e-188
2.54627e+07	4.4724e-187
2.54628e+07	8.40869e-186
2.54629e+07	1.56521e-184
2.5463e+07	2.88452e-183
2.54631e+07	5.26299e-182
2.54632e+07	9.50711e-181
2.54633e+07	1.70028e-179
2.54634e+07	3.01058e-178
2.54635e+07	5.27761e-177
2.54636e+07	9.1597e-176
2.54637e+07	1.57392e-174
2.54638e+07	2.67757e-173
2.54639e+07	4.50978e-172
2.5464e+07	7.52016e-171
2.54641e+07	1.24153e-169
2.54642e+07	2.02928e-168
2.54643e+07	3.28387e-167
2.54644e+07	5.26121e-166
2.54645e+07	8.34533e-165
2.54646e+07	1.31056e-163
2.54647e+07	2.03765e-162
2.54648e+07	3.13659e-161
2.54649e+07	4.78017e-160
2.5465e+07	7.2125e-159
2.54651e+07	1.07742e-157
2.54652e+07	1.59346e-156
2.54653e+07	2.33322e-155
2.54654e+07	3.38241e-154
2.54655e+07	4.85461e-153
2.54656e+07	6.89826e-152
2.54657e+07	9.70469e-151
2.54658e+07	1.3517e-149
2.54659e+07	1.86396e-148
2.5466e+07	2.54478e-147
2.54661e+07	3.4397e-146
2.54662e+07	4.60307e-145
2.54663e+07	6.09862e-144
2.54664e+07	7.99969e-143
2.54665e+07	1.03889e-141
2.54666e+07	1.33576e-140
2.54667e+07	1.70035e-139
2.54668e+07	2.14294e-138
2.54669e+07	2.67384e-137
2.5467e+07	3.30308e-136
2.54671e+07	4.0398e-135
2.54672e+07	4.89168e-134
2.54673e+07	5.86426e-133
2.54674e+07	6.96025e-132
2.54675e+07	8.17888e-131
2.54676e+07	9.51524e-130
2.54677e+07	1.09598e-128
2.54678e+07	1.24981e-127
2.54679e+07	1.41104e-126
2.5468e+07	1.57723e-125
2.54681e+07	1.74544e-124
2.54682e+07	1.91238e-123
2.54683e+07	2.07443e-122
2.54684e+07	2.22783e-121
2.54685e+07	2.36876e-120
2.54686e+07	2.49355e-119
2.54687e+07	2.5988e-118
2.54688e+07	2.68153e-117
2.54689e+07	2.73937e-116
2.5469e+07	2.77061e-115
2.54691e+07	2.77432e-114
2.54692e+07	2.7504e-113
2.54693e+07	2.69955e-112
2.54694e+07	2.62328e-111
2.54695e+07	2.5238e-110
2.54696e+07	2.40393e-109
2.54697e+07	2.26697e-108
2.54698e+07	2.11655e-107
2.54699e+07	1.95644e-106
2.547e+07	1.79045e-105
2.54701e+07	1.62224e-104
2.54702e+07	1.4552e-103
2.54703e+07	1.29238e-102
2.54704e+07	1.13635e-101
2.54705e+07	9.89223e-101
2.54706e+07	8.52573e-100
2.54707e+07	7.27489e-99
2.54708e+07	6.1458e-98
2.54709e+07	5.14029e-97
2.5471e+07	4.2565e-96
2.54711e+07	3.4896e-95
2.54712e+07	2.83241e-94
2.54713e+07	2.27611e-93
2.54714e+07	1.81087e-92
2.54715e+07	1.42639e-91
2.54716e+07	1.11236e-90
2.54717e+07	8.5884e-90
2.54718e+07	6.565e-89
2.54719e+07	4.96837e-88
2.5472e+07	3.72263e-87
2.54721e+07	2.76149e-86
2.54722e+07	2.02812e-85
2.54723e+07	1.47469e-84
2.54724e+07	1.06161e-83
2.54725e+07	7.56639e-83
2.54726e+07	5.33909e-82
2.54727e+07	3.72995e-81
2.54728e+07	2.57986e-80
2.54729e+07	1.76663e-79
2.5473e+07	1.19771e-78
2.54731e+07	8.03928e-78
2.54732e+07	5.34242e-77
2.54733e+07	3.51493e-76
2.54734e+07	2.28956e-75
2.54735e+07	1.47654e-74
2.54736e+07	9.42743e-74
2.54737e+07	5.95936e-73
2.54738e+07	3.72961e-72
2.54739e+07	2.31091e-71
2.5474e+07	1.41762e-70
2.54741e+07	8.60986e-70
2.54742e+07	5.17711e-69
2.54743e+07	3.08203e-68
2.54744e+07	1.81653e-67
2.54745e+07	1.06e-66
2.54746e+07	6.12385e-66
2.54747e+07	3.50269e-65
2.54748e+07	1.98352e-64
2.54749e+07	1.11206e-63
2.5475e+07	6.1727e-63
2.54751e+07	3.39219e-62
2.54752e+07	1.84562e-61
2.54753e+07	9.94172e-61
2.54754e+07	5.30198e-60
2.54755e+07	2.79944e-59
2.54756e+07	1.4634e-58
2.54757e+07	7.57372e-58
2.54758e+07	3.88074e-57
2.54759e+07	1.96868e-56
2.5476e+07	9.88768e-56
2.54761e+07	4.91666e-55
2.54762e+07	2.42049e-54
2.54763e+07	1.17976e-53
2.54764e+07	5.69298e-53
2.54765e+07	2.71984e-52
2.54766e+07	1.28648e-51
2.54767e+07	6.02452e-51
2.54768e+07	2.79317e-50
2.54769e+07	1.28212e-49
2.5477e+07	5.82665e-49
2.54771e+07	2.62159e-48
2.54772e+07	1.1678e-47
2.54773e+07	5.15026e-47
2.54774e+07	2.24878e-46
2.54775e+07	9.72123e-46
2.54776e+07	4.16057e-45
2.54777e+07	1.76295e-44
2.54778e+07	7.39583e-44
2.54779e+07	3.07178e-43
2.5478e+07	1.26313e-42
2.54781e+07	5.1424e-42
2.54782e+07	2.07272e-41
2.54783e+07	8.27125e-41
2.54784e+07	3.26783e-40
2.54785e+07	1.27822e-39
2.54786e+07	4.95001e-39
2.54787e+07	1.89787e-38
2.54788e+07	7.20413e-38
2.54789e+07	2.70742e-37
2.5479e+07	1.00736e-36
2.54791e+07	3.71084e-36
2.54792e+07	1.35337e-35
2.54793e+07	4.88673e-35
2.54794e+07	1.74694e-34
2.54795e+07	6.18291e-34
2.54796e+07	2.16653e-33
2.54797e+07	7.51614e-33
2.54798e+07	2.58156e-32
2.54799e+07	8.77861e-32
2.548e+07	2.95547e-31
2.54801e+07	9.85109e-31
2.54802e+07	3.25087e-30
2.54803e+07	1.06211e-29
2.54804e+07	3.43558e-29
2.54805e+07	1.10024e-28
2.54806e+07	3.48843e-28
2.54807e+07	1.09504e-27
2.54808e+07	3.4032e-27
2.54809e+07	1.04713e-26
2.5481e+07	3.18987e-26
2.54811e+07	9.62059e-26
2.54812e+07	2.87268e-25
2.54813e+07	8.49239e-25
2.54814e+07	2.48559e-24
2.54815e+07	7.20255e-24
2.54816e+07	2.06633e-23
2.54817e+07	5.86909e-23
2.54818e+07	1.65044e-22
2.54819e+07	4.59498e-22
2.5482e+07	1.26656e-21
2.54821e+07	3.45641e-21
2.54822e+07	9.33858e-21
2.54823e+07	2.49801e-20
2.54824e+07	6.61552e-20
2.54825e+07	1.73457e-19
2.54826e+07	4.50273e-19
2.54827e+07	1.15722e-18
2.54828e+07	2.94453e-18
2.54829e+07	7.41773e-18
2.5483e+07	1.85005e-17
2.54831e+07	4.56829e-17
2.54832e+07	1.11681e-16
2.54833e+07	2.70311e-16
2.54834e+07	6.47745e-16
2.54835e+07	1.53675e-15
2.54836e+07	3.60958e-15
2.54837e+07	8.394e-15
2.54838e+07	1.93258e-14
2.54839e+07	4.40518e-14
2.5484e+07	9.94139e-14
2.54841e+07	2.2212e-13
2.54842e+07	4.91343e-13
2.54843e+07	1.07607e-12
2.54844e+07	2.33319e-12
2.54845e+07	5.00862e-12
2.54846e+07	1.0645e-11
2.54847e+07	2.23989e-11
2.54848e+07	4.66623e-11
2.54849e+07	9.62415e-11
2.5485e+07	1.96524e-10
2.54851e+07	3.97307e-10
2.54852e+07	7.95233e-10
2.54853e+07	1.57587e-09
2.54854e+07	3.09173e-09
2.54855e+07	6.00537e-09
2.54856e+07	1.15488e-08
2.54857e+07	2.19882e-08
2.54858e+07	4.14476e-08
2.54859e+07	7.73511e-08
2.5486e+07	1.42919e-07
2.54861e+07	2.6144e-07
2.54862e+07	4.73489e-07
2.54863e+07	8.48995e-07
2.54864e+07	1.50715e-06
2.54865e+07	2.64891e-06
2.54866e+07	4.60929e-06
2.54867e+07	7.94067e-06
2.54868e+07	1.35437e-05
2.54869e+07	2.28705e-05
2.5487e+07	3.82358e-05
2.54871e+07	6.32881e-05
2.54872e+07	0.000103712
2.54873e+07	0.000168266
2.54874e+07	0.000270284
2.54875e+07	0.000429833
2.54876e+07	0.000676764
2.54877e+07	0.00105495
2.54878e+07	0.0016281
2.54879e+07	0.00248766
2.5488e+07	0.00376319
2.54881e+07	0.00563609
2.54882e+07	0.00835714
2.54883e+07	0.0122686
2.54884e+07	0.0178315
2.54885e+07	0.0256589
2.54886e+07	0.0365549
2.54887e+07	0.0515597
2.54888e+07	0.072
2.54889e+07	0.0995431
2.5489e+07	0.136253
2.54891e+07	0.184646
2.54892e+07	0.247736
2.54893e+07	0.329076
2.54894e+07	0.432774
2.54895e+07	0.563485
2.54896e+07	0.726374
2.54897e+07	0.927033
2.54898e+07	1.17135
2.54899e+07	1.46534
2.549e+07	1.81486
2.54901e+07	2.22539
2.54902e+07	2.70164
2.54903e+07	3.24717
2.54904e+07	3.86402
2.54905e+07	4.5523
2.54906e+07	5.30982
2.54907e+07	6.13177
2.54908e+07	7.01049
2.54909e+07	7.93539
2.5491e+07	8.89294
2.54911e+07	9.86687
2.54912e+07	10.8385
2.54913e+07	11.7874
2.54914e+07	12.6918
2.54915e+07	13.5296
2.54916e+07	14.2792
2.54917e+07	14.9204
2.54918e+07	15.4353
2.54919e+07	15.809
2.5492e+07	16.0307
2.54921e+07	16.0938
2.54922e+07	15.9963
2.54923e+07	15.7412
2.54924e+07	15.3361
2.54925e+07	14.7927
2.54926e+07	14.1266
2.54927e+07	13.3562
2.54928e+07	12.5022
2.54929e+07	11.5864
2.5493e+07	10.6308
2.54931e+07	9.65698
2.54932e+07	8.68507
2.54933e+07	7.73326
2.54934e+07	6.81725
2.54935e+07	5.94994
2.54936e+07	5.1413
2.54937e+07	4.39835
2.54938e+07	3.72533
2.54939e+07	3.12389
2.5494e+07	2.59349
2.54941e+07	2.13172
2.54942e+07	1.73473
2.54943e+07	1.39763
2.54944e+07	1.11483
2.54945e+07	0.880407
2.54946e+07	0.688358
2.54947e+07	0.532847
2.54948e+07	0.408364
2.54949e+07	0.309849
2.5495e+07	0.23276
2.54951e+07	0.173111
2.54952e+07	0.127467
2.54953e+07	0.0929242
2.54954e+07	0.0670681
2.54955e+07	0.0479248
2.54956e+07	0.0339049
2.54957e+07	0.0237476
2.54958e+07	0.0164678
2.54959e+07	0.011306
2.5496e+07	0.0076849
2.54961e+07	0.0051716
2.54962e+07	0.00344563
2.54963e+07	0.00227285
2.54964e+07	0.00148432
2.54965e+07	0.000959716
2.54966e+07	0.000614349
2.54967e+07	0.000389353
2.54968e+07	0.000244304
2.54969e+07	0.000151766
2.5497e+07	9.33412e-05
