2.33642e+06	3.75153e-07
2.33652e+06	6.15438e-07
2.33662e+06	9.99579e-07
2.33672e+06	1.60734e-06
2.33682e+06	2.5589e-06
2.33692e+06	4.03328e-06
2.33702e+06	6.29389e-06
2.33712e+06	9.72382e-06
2.33722e+06	1.48735e-05
2.33732e+06	2.25239e-05
2.33742e+06	3.37702e-05
2.33752e+06	5.0128e-05
2.33762e+06	7.36688e-05
2.33772e+06	0.000107187
2.33782e+06	0.000154405
2.33792e+06	0.000220209
2.33802e+06	0.000310933
2.33812e+06	0.000434667
2.33822e+06	0.000601592
2.33832e+06	0.000824337
2.33842e+06	0.00111832
2.33852e+06	0.00150204
2.33862e+06	0.00199736
2.33872e+06	0.00262958
2.33882e+06	0.00342749
2.33892e+06	0.00442304
2.33902e+06	0.00565098
2.33912e+06	0.007148
2.33922e+06	0.00895163
2.33932e+06	0.0110988
2.33942e+06	0.0136242
2.33952e+06	0.0165578
2.33962e+06	0.0199228
2.33972e+06	0.0237334
2.33982e+06	0.0279916
2.33992e+06	0.0326856
2.34002e+06	0.0377874
2.34012e+06	0.0432515
2.34022e+06	0.0490142
2.34032e+06	0.0549937
2.34042e+06	0.0610911
2.34052e+06	0.067193
2.34062e+06	0.0731746
2.34072e+06	0.0789041
2.34082e+06	0.0842477
2.34092e+06	0.0890758
2.34102e+06	0.0932688
2.34112e+06	0.0967235
2.34122e+06	0.0993588
2.34132e+06	0.101121
2.34142e+06	0.101988
2.34152e+06	0.101973
2.34162e+06	0.101123
2.34172e+06	0.0995219
2.34182e+06	0.0972886
2.34192e+06	0.0945718
2.34202e+06	0.0915466
2.34212e+06	0.0884087
2.34222e+06	0.0853676
2.34232e+06	0.0826389
2.34242e+06	0.0804365
2.34252e+06	0.0789648
2.34262e+06	0.0784104
2.34272e+06	0.0789346
2.34282e+06	0.0806665
2.34292e+06	0.0836962
2.34302e+06	0.0880702
2.34312e+06	0.0937869
2.34322e+06	0.100794
2.34332e+06	0.108987
2.34342e+06	0.118213
2.34352e+06	0.128269
2.34362e+06	0.13891
2.34372e+06	0.149856
2.34382e+06	0.160801
2.34392e+06	0.17142
2.34402e+06	0.181389
2.34412e+06	0.190387
2.34422e+06	0.19812
2.34432e+06	0.204324
2.34442e+06	0.208781
2.34452e+06	0.211328
2.34462e+06	0.211861
2.34472e+06	0.210344
2.34482e+06	0.206803
2.34492e+06	0.20133
2.34502e+06	0.194073
2.34512e+06	0.185231
2.34522e+06	0.175043
2.34532e+06	0.163777
2.34542e+06	0.151716
2.34552e+06	0.139148
2.34562e+06	0.126353
2.34572e+06	0.113594
2.34582e+06	0.101109
2.34592e+06	0.0891008
2.34602e+06	0.077738
2.34612e+06	0.0671495
2.34622e+06	0.0574263
2.34632e+06	0.0486224
2.34642e+06	0.0407587
2.34652e+06	0.0338268
2.34662e+06	0.0277945
2.34672e+06	0.0226107
2.34682e+06	0.0182107
2.34692e+06	0.014521
2.34702e+06	0.0114637
2.34712e+06	0.00896001
2.34722e+06	0.00693346
2.34732e+06	0.00531188
2.34742e+06	0.00402906
2.34752e+06	0.00302563
2.34762e+06	0.0022495
2.34772e+06	0.00165582
2.34782e+06	0.00120669
2.34792e+06	0.000870636
2.34802e+06	0.00062192
2.34812e+06	0.000439835
2.34822e+06	0.000307965
2.34832e+06	0.000213486
2.34842e+06	0.00014652
2.34852e+06	9.95588e-05
2.34862e+06	6.69761e-05
2.34872e+06	4.46084e-05
2.34882e+06	2.94152e-05
2.34892e+06	1.92036e-05
2.34902e+06	1.24123e-05
2.34912e+06	7.94285e-06
2.34922e+06	5.03221e-06
2.34932e+06	3.15644e-06
2.34942e+06	1.96017e-06
2.34952e+06	1.20517e-06
2.34962e+06	7.336e-07
2.34972e+06	4.42106e-07
2.34982e+06	2.63786e-07
2.34992e+06	1.55824e-07
2.35002e+06	9.11323e-08
2.35012e+06	5.27677e-08
2.35022e+06	3.02497e-08
2.35032e+06	1.71685e-08
2.35042e+06	9.64714e-09
2.35052e+06	5.36689e-09
2.35062e+06	2.956e-09
2.35072e+06	1.61192e-09
2.35082e+06	8.70237e-10
2.35092e+06	4.65147e-10
2.35102e+06	2.4615e-10
2.35112e+06	1.28963e-10
2.35122e+06	6.68944e-11
2.35132e+06	3.43535e-11
2.35142e+06	1.74666e-11
2.35152e+06	8.79231e-12
2.35162e+06	4.38182e-12
2.35172e+06	2.16204e-12
2.35182e+06	1.05616e-12
2.35192e+06	5.10802e-13
2.35202e+06	2.44586e-13
2.35212e+06	1.1595e-13
2.35222e+06	5.44206e-14
2.35232e+06	2.5288e-14
2.35242e+06	1.16338e-14
2.35252e+06	5.29893e-15
2.35262e+06	2.38952e-15
2.35272e+06	1.06682e-15
2.35282e+06	4.71549e-16
2.35292e+06	2.06357e-16
2.35302e+06	8.94068e-17
2.35312e+06	3.83511e-17
2.35322e+06	1.62871e-17
2.35332e+06	6.84801e-18
2.35342e+06	2.85065e-18
2.35352e+06	1.17484e-18
2.35362e+06	4.79371e-19
2.35372e+06	1.93652e-19
2.35382e+06	7.74514e-20
2.35392e+06	3.06686e-20
2.35402e+06	1.2023e-20
2.35412e+06	4.66651e-21
2.35422e+06	1.7932e-21
2.35432e+06	6.82213e-22
2.35442e+06	2.56962e-22
2.35452e+06	9.58243e-23
2.35462e+06	3.53785e-23
2.35472e+06	1.29318e-23
2.35482e+06	4.67991e-24
2.35492e+06	1.67676e-24
2.35502e+06	5.9479e-25
2.35512e+06	2.08887e-25
2.35522e+06	7.26304e-26
2.35532e+06	2.50024e-26
2.35542e+06	8.5212e-27
2.35552e+06	2.87526e-27
2.35562e+06	9.60532e-28
2.35572e+06	3.1769e-28
2.35582e+06	1.04028e-28
2.35592e+06	3.37253e-29
2.35602e+06	1.08248e-29
2.35612e+06	3.43984e-30
2.35622e+06	1.08222e-30
2.35632e+06	3.37091e-31
2.35642e+06	1.03953e-31
2.35652e+06	3.17384e-32
2.35662e+06	9.59378e-33
2.35672e+06	2.87112e-33
2.35682e+06	8.50688e-34
2.35692e+06	2.49543e-34
2.35702e+06	7.24734e-35
2.35712e+06	2.08386e-35
2.35722e+06	5.9322e-36
2.35732e+06	1.67194e-36
2.35742e+06	4.66531e-37
2.35752e+06	1.28884e-37
2.35762e+06	3.52512e-38
2.35772e+06	9.54566e-39
2.35782e+06	2.55915e-39
2.35792e+06	6.79268e-40
2.35802e+06	1.78503e-40
2.35812e+06	4.64414e-41
2.35822e+06	1.19625e-41
2.35832e+06	3.05068e-42
2.35842e+06	7.70244e-43
2.35852e+06	1.92538e-43
2.35862e+06	4.765e-44
2.35872e+06	1.16752e-44
2.35882e+06	2.83221e-45
2.35892e+06	6.80209e-46
2.35902e+06	1.61739e-46
2.35912e+06	3.80756e-47
2.35922e+06	8.87432e-48
2.35932e+06	2.04776e-48
2.35942e+06	4.67823e-49
2.35952e+06	1.05814e-49
2.35962e+06	2.3695e-50
2.35972e+06	5.25328e-51
2.35982e+06	1.15308e-51
2.35992e+06	2.50581e-52
2.36002e+06	5.39129e-53
2.36012e+06	1.1484e-53
2.36022e+06	2.42188e-54
2.36032e+06	5.05671e-55
2.36042e+06	1.0453e-55
2.36052e+06	2.1393e-56
2.36062e+06	4.33469e-57
2.36072e+06	8.69564e-58
2.36082e+06	1.72704e-58
2.36092e+06	3.39594e-59
2.36102e+06	6.61112e-60
2.36112e+06	1.27423e-60
2.36122e+06	2.43151e-61
2.36132e+06	4.5937e-62
2.36142e+06	8.59223e-63
2.36152e+06	1.59113e-63
2.36162e+06	2.91718e-64
2.36172e+06	5.29514e-65
2.36182e+06	9.51588e-66
2.36192e+06	1.69308e-66
2.36202e+06	2.98238e-67
2.36212e+06	5.20124e-68
2.36222e+06	8.98144e-69
2.36232e+06	1.54024e-69
2.36242e+06	2.89929e-70
2.36252e+06	2.21117e-70
2.36262e+06	1.04421e-69
2.36272e+06	5.99647e-69
2.36282e+06	3.43167e-68
2.36292e+06	1.9447e-67
2.36302e+06	1.09109e-66
2.36312e+06	6.0607e-66
2.36322e+06	3.33306e-65
2.36332e+06	1.81477e-64
2.36342e+06	9.78264e-64
2.36352e+06	5.22093e-63
2.36362e+06	2.75865e-62
2.36372e+06	1.44312e-61
2.36382e+06	7.47423e-61
2.36392e+06	3.83254e-60
2.36402e+06	1.94565e-59
2.36412e+06	9.77908e-59
2.36422e+06	4.86619e-58
2.36432e+06	2.39739e-57
2.36442e+06	1.16935e-56
2.36452e+06	5.64684e-56
2.36462e+06	2.69976e-55
2.36472e+06	1.27792e-54
2.36482e+06	5.98874e-54
2.36492e+06	2.7786e-53
2.36502e+06	1.27636e-52
2.36512e+06	5.80469e-52
2.36522e+06	2.61361e-51
2.36532e+06	1.16509e-50
2.36542e+06	5.14205e-50
2.36552e+06	2.24682e-49
2.36562e+06	9.71984e-49
2.36572e+06	4.163e-48
2.36582e+06	1.76527e-47
2.36592e+06	7.41091e-47
2.36602e+06	3.08028e-46
2.36612e+06	1.26755e-45
2.36622e+06	5.16414e-45
2.36632e+06	2.08299e-44
2.36642e+06	8.31829e-44
2.36652e+06	3.2888e-43
2.36662e+06	1.28736e-42
2.36672e+06	4.98903e-42
2.36682e+06	1.91422e-41
2.36692e+06	7.27148e-41
2.36702e+06	2.73471e-40
2.36712e+06	1.01826e-39
2.36722e+06	3.75371e-39
2.36732e+06	1.37e-38
2.36742e+06	4.95037e-38
2.36752e+06	1.77097e-37
2.36762e+06	6.27254e-37
2.36772e+06	2.19954e-36
2.36782e+06	7.63619e-36
2.36792e+06	2.6247e-35
2.36802e+06	8.93179e-35
2.36812e+06	3.00923e-34
2.36822e+06	1.00376e-33
2.36832e+06	3.31482e-33
2.36842e+06	1.08379e-32
2.36852e+06	3.50826e-32
2.36862e+06	1.12433e-31
2.36872e+06	3.56741e-31
2.36882e+06	1.12065e-30
2.36892e+06	3.48531e-30
2.36902e+06	1.07318e-29
2.36912e+06	3.27159e-29
2.36922e+06	9.87422e-29
2.36932e+06	2.95056e-28
2.36942e+06	8.72896e-28
2.36952e+06	2.55669e-27
2.36962e+06	7.41396e-27
2.36972e+06	2.12853e-26
2.36982e+06	6.05015e-26
2.36992e+06	1.70259e-25
2.37002e+06	4.74363e-25
2.37012e+06	1.30848e-24
2.37022e+06	3.57341e-24
2.37032e+06	9.66173e-24
2.37042e+06	2.58633e-23
2.37052e+06	6.85441e-23
2.37062e+06	1.79851e-22
2.37072e+06	4.67212e-22
2.37082e+06	1.20163e-21
2.37092e+06	3.05975e-21
2.37102e+06	7.71361e-21
2.37112e+06	1.92525e-20
2.37122e+06	4.75743e-20
2.37132e+06	1.1639e-19
2.37142e+06	2.81913e-19
2.37152e+06	6.76041e-19
2.37162e+06	1.60505e-18
2.37172e+06	3.77276e-18
2.37182e+06	8.77988e-18
2.37192e+06	2.0229e-17
2.37202e+06	4.61443e-17
2.37212e+06	1.04212e-16
2.37222e+06	2.33012e-16
2.37232e+06	5.15814e-16
2.37242e+06	1.13049e-15
2.37252e+06	2.453e-15
2.37262e+06	5.26969e-15
2.37272e+06	1.12081e-14
2.37282e+06	2.36012e-14
2.37292e+06	4.92035e-14
2.37302e+06	1.01558e-13
2.37312e+06	2.07536e-13
2.37322e+06	4.19883e-13
2.37332e+06	8.4105e-13
2.37342e+06	1.66792e-12
2.37352e+06	3.2748e-12
2.37362e+06	6.36583e-12
2.37372e+06	1.22514e-11
2.37382e+06	2.33439e-11
2.37392e+06	4.40374e-11
2.37402e+06	8.22491e-11
2.37412e+06	1.5209e-10
2.37422e+06	2.7844e-10
2.37432e+06	5.04691e-10
2.37442e+06	9.05694e-10
2.37452e+06	1.60917e-09
2.37462e+06	2.83065e-09
2.37472e+06	4.92989e-09
2.37482e+06	8.5007e-09
2.37492e+06	1.45125e-08
2.37502e+06	2.45301e-08
2.37512e+06	4.10516e-08
2.37522e+06	6.802e-08
2.37532e+06	1.11589e-07
2.37542e+06	1.81254e-07
2.37552e+06	2.91502e-07
2.37562e+06	4.64178e-07
2.37572e+06	7.31856e-07
2.37582e+06	1.14253e-06
2.37592e+06	1.76613e-06
2.37602e+06	2.70332e-06
2.37612e+06	4.09734e-06
2.37622e+06	6.14964e-06
2.37632e+06	9.14019e-06
2.37642e+06	1.34535e-05
2.37652e+06	1.96115e-05
2.37662e+06	2.83142e-05
2.37672e+06	4.04898e-05
2.37682e+06	5.73543e-05
2.37692e+06	8.04831e-05
2.37702e+06	0.000111894
2.37712e+06	0.000154142
2.37722e+06	0.000210432
2.37732e+06	0.00028474
2.37742e+06	0.000381957
2.37752e+06	0.000508046
2.37762e+06	0.000670227
2.37772e+06	0.000877191
2.37782e+06	0.00113935
2.37792e+06	0.00146917
2.37802e+06	0.0018815
2.37812e+06	0.00239413
2.37822e+06	0.00302833
2.37832e+06	0.00380965
2.37842e+06	0.00476891
2.37852e+06	0.00594333
2.37862e+06	0.00737796
2.37872e+06	0.0091274
2.37882e+06	0.0112577
2.37892e+06	0.0138482
2.37902e+06	0.0169943
2.37912e+06	0.0208087
2.37922e+06	0.0254239
2.37932e+06	0.0309932
2.37942e+06	0.0376913
2.37952e+06	0.0457137
2.37962e+06	0.0552741
2.37972e+06	0.066601
2.37982e+06	0.0799308
2.37992e+06	0.0955001
2.38002e+06	0.113534
2.38012e+06	0.134234
2.38022e+06	0.157761
2.38032e+06	0.184221
2.38042e+06	0.213646
2.38052e+06	0.245982
2.38062e+06	0.281067
2.38072e+06	0.318625
2.38082e+06	0.358256
2.38092e+06	0.399437
2.38102e+06	0.44152
2.38112e+06	0.48375
2.38122e+06	0.525282
2.38132e+06	0.565204
2.38142e+06	0.60257
2.38152e+06	0.636438
2.38162e+06	0.665908
2.38172e+06	0.690157
2.38182e+06	0.708486
2.38192e+06	0.720344
2.38202e+06	0.725359
2.38212e+06	0.723359
2.38222e+06	0.714376
2.38232e+06	0.69865
2.38242e+06	0.676613
2.38252e+06	0.648873
2.38262e+06	0.616181
2.38272e+06	0.579403
2.38282e+06	0.539471
2.38292e+06	0.497356
2.38302e+06	0.454016
2.38312e+06	0.410371
2.38322e+06	0.367265
2.38332e+06	0.325444
2.38342e+06	0.285538
2.38352e+06	0.248051
2.38362e+06	0.213355
2.38372e+06	0.181697
2.38382e+06	0.153205
2.38392e+06	0.127903
2.38402e+06	0.105722
2.38412e+06	0.0865218
2.38422e+06	0.070107
2.38432e+06	0.0562434
2.38442e+06	0.0446739
2.38452e+06	0.0351324
2.38462e+06	0.0273548
2.38472e+06	0.0210876
2.38482e+06	0.016095
2.38492e+06	0.0121625
2.38502e+06	0.0090996
2.38512e+06	0.00674044
2.38522e+06	0.00494333
2.38532e+06	0.00358936
2.38542e+06	0.00258036
2.38552e+06	0.00183657
2.38562e+06	0.00129419
2.38572e+06	0.000902928
2.38582e+06	0.000623693
2.38592e+06	0.000426532
2.38602e+06	0.000288798
2.38612e+06	0.000193598
2.38622e+06	0.000128489
2.38632e+06	8.44297e-05
2.38642e+06	5.49269e-05
2.38652e+06	3.53782e-05
2.38662e+06	2.25604e-05
2.38672e+06	1.42436e-05
2.38682e+06	8.9033e-06
2.38692e+06	5.50989e-06
2.38702e+06	3.37594e-06
2.38712e+06	2.04789e-06
2.38722e+06	1.22992e-06
2.38732e+06	7.31322e-07
2.38742e+06	4.30525e-07
2.38752e+06	2.50927e-07
2.38762e+06	1.44796e-07
2.38772e+06	8.27223e-08
2.38782e+06	4.67895e-08
2.38792e+06	2.62019e-08
2.38802e+06	1.4527e-08
2.38812e+06	7.97401e-09
2.38822e+06	4.33348e-09
2.38832e+06	2.3316e-09
2.38842e+06	1.24203e-09
2.38852e+06	6.55036e-10
2.38862e+06	3.42025e-10
2.38872e+06	1.7681e-10
2.38882e+06	9.04933e-11
2.38892e+06	4.58546e-11
2.38902e+06	2.30042e-11
2.38912e+06	1.14259e-11
2.38922e+06	5.6186e-12
2.38932e+06	2.73543e-12
2.38942e+06	1.3185e-12
2.38952e+06	6.29207e-13
2.38962e+06	2.97278e-13
2.38972e+06	1.39056e-13
2.38982e+06	6.43986e-14
2.38992e+06	2.9527e-14
2.39002e+06	1.34035e-14
2.39012e+06	6.0239e-15
2.39022e+06	2.68036e-15
2.39032e+06	1.18077e-15
2.39042e+06	5.14986e-16
2.39052e+06	2.22373e-16
2.39062e+06	9.50664e-17
2.39072e+06	4.02373e-17
2.39082e+06	1.68612e-17
2.39092e+06	6.99528e-18
2.39102e+06	2.87329e-18
2.39112e+06	1.16845e-18
2.39122e+06	4.70434e-19
2.39132e+06	1.87518e-19
2.39142e+06	7.40026e-20
2.39152e+06	2.89139e-20
2.39162e+06	1.11847e-20
2.39172e+06	4.2835e-21
2.39182e+06	1.62416e-21
2.39192e+06	6.09704e-22
2.39202e+06	2.26603e-22
2.39212e+06	8.33812e-23
2.39222e+06	3.03758e-23
2.39232e+06	1.09558e-23
2.39242e+06	3.91219e-24
2.39252e+06	1.3831e-24
2.39262e+06	4.84107e-25
2.39272e+06	1.67759e-25
2.39282e+06	5.75559e-26
2.39292e+06	1.95502e-26
2.39302e+06	6.57458e-27
2.39312e+06	2.18898e-27
2.39322e+06	7.21562e-28
2.39332e+06	2.35485e-28
2.39342e+06	7.60866e-29
2.39352e+06	2.43395e-29
2.39362e+06	7.70852e-30
2.39372e+06	2.41707e-30
2.39382e+06	7.50348e-31
2.39392e+06	2.30618e-31
2.39402e+06	7.0175e-32
2.39412e+06	2.11411e-32
2.39422e+06	6.30565e-33
2.39432e+06	1.86204e-33
2.39442e+06	5.44385e-34
2.39452e+06	1.57572e-34
2.39462e+06	4.51555e-35
2.39472e+06	1.28115e-35
2.39482e+06	3.59869e-36
2.39492e+06	1.0008e-36
2.39502e+06	2.75553e-37
2.39512e+06	7.51141e-38
2.39522e+06	2.02719e-38
2.39532e+06	5.41658e-39
2.39542e+06	1.43289e-39
2.39552e+06	3.75281e-40
2.39562e+06	9.73102e-41
2.39572e+06	2.49814e-41
2.39582e+06	6.3494e-42
2.39592e+06	1.59774e-42
2.39602e+06	3.98048e-43
2.39612e+06	9.81798e-44
2.39622e+06	2.39754e-44
2.39632e+06	5.79652e-45
2.39642e+06	1.38748e-45
2.39652e+06	3.28807e-46
2.39662e+06	7.71459e-47
2.39672e+06	1.79202e-47
2.39682e+06	4.12124e-48
2.39692e+06	9.38365e-49
2.39702e+06	2.1153e-49
2.39712e+06	4.72095e-50
2.39722e+06	1.04314e-50
2.39732e+06	2.282e-51
2.39742e+06	4.94247e-52
2.39752e+06	1.05982e-52
2.39762e+06	2.24995e-53
2.39772e+06	4.72904e-54
2.39782e+06	9.84078e-55
2.39792e+06	2.02742e-55
2.39802e+06	4.13537e-56
2.39812e+06	8.35108e-57
2.39822e+06	1.66966e-57
2.39832e+06	3.30499e-58
2.39842e+06	6.47693e-59
2.39852e+06	1.25668e-59
2.39862e+06	2.41401e-60
2.39872e+06	4.59102e-61
2.39882e+06	8.64444e-62
2.39892e+06	1.61147e-62
2.39902e+06	2.97415e-63
2.39912e+06	5.43453e-64
2.39922e+06	9.83145e-65
2.39932e+06	1.76088e-65
2.39942e+06	3.12248e-66
2.39952e+06	5.48185e-67
2.39962e+06	9.5282e-68
2.39972e+06	1.63965e-68
2.39982e+06	2.79351e-69
2.39992e+06	4.712e-70
2.40002e+06	7.86896e-71
2.40012e+06	1.30103e-71
2.40022e+06	2.12967e-72
2.40032e+06	3.4514e-73
2.40042e+06	5.53779e-74
2.40052e+06	8.79698e-75
2.40062e+06	1.38353e-75
2.40072e+06	2.15427e-76
2.40082e+06	3.321e-77
2.40092e+06	5.06867e-78
2.40102e+06	7.65908e-79
2.40112e+06	1.14582e-79
2.40122e+06	1.69712e-80
2.40132e+06	2.48867e-81
2.40142e+06	3.61308e-82
2.40152e+06	5.19333e-83
2.40162e+06	7.39045e-84
2.40172e+06	1.04125e-84
2.40182e+06	1.45242e-85
2.40192e+06	2.0058e-86
2.40202e+06	2.74247e-87
2.40212e+06	3.71238e-88
2.40222e+06	4.9753e-89
2.40232e+06	6.60152e-90
2.40242e+06	8.67212e-91
2.40252e+06	1.12788e-91
2.40262e+06	1.45231e-92
2.40272e+06	1.85145e-93
2.40282e+06	2.3368e-94
2.40292e+06	2.92004e-95
2.40302e+06	3.61254e-96
2.40312e+06	4.4248e-97
2.40322e+06	5.36576e-98
2.40332e+06	6.44208e-99
2.40342e+06	7.65735e-100
2.40352e+06	9.0113e-101
2.40362e+06	1.04991e-101
2.40372e+06	1.21109e-102
2.40382e+06	1.38311e-103
2.40392e+06	1.56385e-104
2.40402e+06	1.75061e-105
2.40412e+06	1.94017e-106
2.40422e+06	2.12887e-107
2.40432e+06	2.31267e-108
2.40442e+06	2.48735e-109
2.40452e+06	2.6486e-110
2.40462e+06	2.79224e-111
2.40472e+06	2.91439e-112
2.40482e+06	3.0116e-113
2.40492e+06	3.0811e-114
2.40502e+06	3.12083e-115
2.40512e+06	3.12963e-116
2.40522e+06	3.10722e-117
2.40532e+06	3.05427e-118
2.40542e+06	2.97236e-119
2.40552e+06	2.86385e-120
2.40562e+06	2.73186e-121
2.40572e+06	2.58002e-122
2.40582e+06	2.41237e-123
2.40592e+06	2.23317e-124
2.40602e+06	2.04672e-125
2.40612e+06	1.85716e-126
2.40622e+06	1.6684e-127
2.40632e+06	1.48391e-128
2.40642e+06	1.30668e-129
2.40652e+06	1.13918e-130
2.40662e+06	9.83261e-132
2.40672e+06	8.40241e-133
2.40682e+06	7.10879e-134
2.40692e+06	5.95449e-135
2.40702e+06	4.93799e-136
2.40712e+06	4.05428e-137
2.40722e+06	3.29559e-138
2.40732e+06	2.65223e-139
2.40742e+06	2.11322e-140
2.40752e+06	1.667e-141
2.40762e+06	1.30192e-142
2.40772e+06	1.00668e-143
2.40782e+06	7.70642e-145
2.40792e+06	5.8408e-146
2.40802e+06	4.38277e-147
2.40812e+06	3.25599e-148
2.40822e+06	2.39482e-149
2.40832e+06	1.7439e-150
2.40842e+06	1.25726e-151
2.40852e+06	8.97403e-153
2.40862e+06	6.34171e-154
2.40872e+06	4.43693e-155
2.40882e+06	3.07337e-156
2.40892e+06	2.10768e-157
2.40902e+06	1.43104e-158
2.40912e+06	9.6196e-160
2.40922e+06	6.40204e-161
2.40932e+06	4.21877e-162
2.40942e+06	2.82636e-163
2.40952e+06	1.32587e-163
2.40962e+06	1.75093e-162
2.40972e+06	2.64019e-161
2.40982e+06	3.944e-160
2.40992e+06	5.83306e-159
2.41002e+06	8.54109e-158
2.41012e+06	1.23819e-156
2.41022e+06	1.77713e-155
2.41032e+06	2.52526e-154
2.41042e+06	3.55264e-153
2.41052e+06	4.94827e-152
2.41062e+06	6.82359e-151
2.41072e+06	9.31599e-150
2.41082e+06	1.25922e-148
2.41092e+06	1.68513e-147
2.41102e+06	2.23265e-146
2.41112e+06	2.92863e-145
2.41122e+06	3.80335e-144
2.41132e+06	4.89018e-143
2.41142e+06	6.22502e-142
2.41152e+06	7.84537e-141
2.41162e+06	9.78912e-140
2.41172e+06	1.20929e-138
2.41182e+06	1.47902e-137
2.41192e+06	1.79092e-136
2.41202e+06	2.14701e-135
2.41212e+06	2.54829e-134
2.41222e+06	2.99447e-133
2.41232e+06	3.48377e-132
2.41242e+06	4.01269e-131
2.41252e+06	4.57593e-130
2.41262e+06	5.1663e-129
2.41272e+06	5.7748e-128
2.41282e+06	6.39074e-127
2.41292e+06	7.00201e-126
2.41302e+06	7.59542e-125
2.41312e+06	8.15713e-124
2.41322e+06	8.67321e-123
2.41332e+06	9.13019e-122
2.41342e+06	9.51561e-121
2.41352e+06	9.81862e-120
2.41362e+06	1.00305e-118
2.41372e+06	1.01449e-117
2.41382e+06	1.01586e-116
2.41392e+06	1.00711e-115
2.41402e+06	9.88497e-115
2.41412e+06	9.60576e-114
2.41422e+06	9.24155e-113
2.41432e+06	8.80268e-112
2.41442e+06	8.30123e-111
2.41452e+06	7.75045e-110
2.41462e+06	7.16421e-109
2.41472e+06	6.55642e-108
2.41482e+06	5.94049e-107
2.41492e+06	5.32887e-106
2.41502e+06	4.73265e-105
2.41512e+06	4.16132e-104
2.41522e+06	3.62256e-103
2.41532e+06	3.12217e-102
2.41542e+06	2.66412e-101
2.41552e+06	2.25066e-100
2.41562e+06	1.88244e-99
2.41572e+06	1.5588e-98
2.41582e+06	1.27796e-97
2.41592e+06	1.03729e-96
2.41602e+06	8.33565e-96
2.41612e+06	6.63188e-95
2.41622e+06	5.22386e-94
2.41632e+06	4.07383e-93
2.41642e+06	3.14537e-92
2.41652e+06	2.40434e-91
2.41662e+06	1.81961e-90
2.41672e+06	1.36339e-89
2.41682e+06	1.01138e-88
2.41692e+06	7.42796e-88
2.41702e+06	5.40107e-87
2.41712e+06	3.88819e-86
2.41722e+06	2.77123e-85
2.41732e+06	1.95549e-84
2.41742e+06	1.36614e-83
2.41752e+06	9.44909e-83
2.41762e+06	6.47058e-82
2.41772e+06	4.38685e-81
2.41782e+06	2.94456e-80
2.41792e+06	1.95679e-79
2.41802e+06	1.28744e-78
2.41812e+06	8.38618e-78
2.41822e+06	5.40829e-77
2.41832e+06	3.45313e-76
2.41842e+06	2.18284e-75
2.41852e+06	1.36612e-74
2.41862e+06	8.46471e-74
2.41872e+06	5.1927e-73
2.41882e+06	3.15377e-72
2.41892e+06	1.89638e-71
2.41902e+06	1.12896e-70
2.41912e+06	6.65405e-70
2.41922e+06	3.88287e-69
2.41932e+06	2.24324e-68
2.41942e+06	1.28309e-67
2.41952e+06	7.26596e-67
2.41962e+06	4.07368e-66
2.41972e+06	2.2612e-65
2.41982e+06	1.24264e-64
2.41992e+06	6.76102e-64
2.42002e+06	3.64195e-63
2.42012e+06	1.94229e-62
2.42022e+06	1.02553e-61
2.42032e+06	5.36098e-61
2.42042e+06	2.77456e-60
2.42052e+06	1.42168e-59
2.42062e+06	7.21219e-59
2.42072e+06	3.62234e-58
2.42082e+06	1.80122e-57
2.42092e+06	8.86755e-57
2.42102e+06	4.32212e-56
2.42112e+06	2.08568e-55
2.42122e+06	9.96447e-55
2.42132e+06	4.71322e-54
2.42142e+06	2.20719e-53
2.42152e+06	1.02333e-52
2.42162e+06	4.69735e-52
2.42172e+06	2.13474e-51
2.42182e+06	9.60494e-51
2.42192e+06	4.2786e-50
2.42202e+06	1.88697e-49
2.42212e+06	8.23921e-49
2.42222e+06	3.56175e-48
2.42232e+06	1.5244e-47
2.42242e+06	6.45936e-47
2.42252e+06	2.70981e-46
2.42262e+06	1.1255e-45
2.42272e+06	4.62815e-45
2.42282e+06	1.8842e-44
2.42292e+06	7.59459e-44
2.42302e+06	3.03067e-43
2.42312e+06	1.19737e-42
2.42322e+06	4.68358e-42
2.42332e+06	1.81377e-41
2.42342e+06	6.95417e-41
2.42352e+06	2.63976e-40
2.42362e+06	9.92067e-40
2.42372e+06	3.69126e-39
2.42382e+06	1.35977e-38
2.42392e+06	4.95921e-38
2.42402e+06	1.79068e-37
2.42412e+06	6.40146e-37
2.42422e+06	2.26568e-36
2.42432e+06	7.93915e-36
2.42442e+06	2.75427e-35
2.42452e+06	9.46012e-35
2.42462e+06	3.21694e-34
2.42472e+06	1.08305e-33
2.42482e+06	3.61001e-33
2.42492e+06	1.19132e-32
2.42502e+06	3.89226e-32
2.42512e+06	1.25903e-31
2.42522e+06	4.03203e-31
2.42532e+06	1.27841e-30
2.42542e+06	4.01304e-30
2.42552e+06	1.24719e-29
2.42562e+06	3.83753e-29
2.42572e+06	1.16903e-28
2.42582e+06	3.52581e-28
2.42592e+06	1.0528e-27
2.42602e+06	3.11238e-27
2.42612e+06	9.10953e-27
2.42622e+06	2.63971e-26
2.42632e+06	7.57309e-26
2.42642e+06	2.15104e-25
2.42652e+06	6.04893e-25
2.42662e+06	1.6841e-24
2.42672e+06	4.64208e-24
2.42682e+06	1.26682e-23
2.42692e+06	3.42275e-23
2.42702e+06	9.15571e-23
2.42712e+06	2.42474e-22
2.42722e+06	6.35766e-22
2.42732e+06	1.65038e-21
2.42742e+06	4.24161e-21
2.42752e+06	1.07928e-20
2.42762e+06	2.7189e-20
2.42772e+06	6.78126e-20
2.42782e+06	1.6745e-19
2.42792e+06	4.0937e-19
2.42802e+06	9.90843e-19
2.42812e+06	2.37438e-18
2.42822e+06	5.63319e-18
2.42832e+06	1.32317e-17
2.42842e+06	3.07705e-17
2.42852e+06	7.08452e-17
2.42862e+06	1.61489e-16
2.42872e+06	3.64448e-16
2.42882e+06	8.143e-16
2.42892e+06	1.80132e-15
2.42902e+06	3.94508e-15
2.42912e+06	8.5542e-15
2.42922e+06	1.83637e-14
2.42932e+06	3.90302e-14
2.42942e+06	8.21294e-14
2.42952e+06	1.71102e-13
2.42962e+06	3.52917e-13
2.42972e+06	7.20689e-13
2.42982e+06	1.45708e-12
2.42992e+06	2.91661e-12
2.43002e+06	5.7801e-12
2.43012e+06	1.1341e-11
2.43022e+06	2.20308e-11
2.43032e+06	4.23713e-11
2.43042e+06	8.06818e-11
2.43052e+06	1.52105e-10
2.43062e+06	2.83907e-10
2.43072e+06	5.24655e-10
2.43082e+06	9.5993e-10
2.43092e+06	1.73889e-09
2.43102e+06	3.11872e-09
2.43112e+06	5.53799e-09
2.43122e+06	9.73648e-09
2.43132e+06	1.69484e-08
2.43142e+06	2.92101e-08
2.43152e+06	4.98448e-08
2.43162e+06	8.42156e-08
2.43172e+06	1.40882e-07
2.43182e+06	2.33352e-07
2.43192e+06	3.82707e-07
2.43202e+06	6.21481e-07
2.43212e+06	9.99311e-07
2.43222e+06	1.59108e-06
2.43232e+06	2.5085e-06
2.43242e+06	3.91627e-06
2.43252e+06	6.05453e-06
2.43262e+06	9.26937e-06
2.43272e+06	1.40539e-05
2.43282e+06	2.11025e-05
2.43292e+06	3.13821e-05
2.43302e+06	4.62235e-05
2.43312e+06	6.74368e-05
2.43322e+06	9.74569e-05
2.43332e+06	0.000139521
2.43342e+06	0.000197882
2.43352e+06	0.000278071
2.43362e+06	0.000387191
2.43372e+06	0.00053427
2.43382e+06	0.000730657
2.43392e+06	0.000990463
2.43402e+06	0.00133106
2.43412e+06	0.00177359
2.43422e+06	0.00234359
2.43432e+06	0.00307156
2.43442e+06	0.00399362
2.43452e+06	0.00515219
2.43462e+06	0.0065967
2.43472e+06	0.00838426
2.43482e+06	0.0105804
2.43492e+06	0.0132598
2.43502e+06	0.0165067
2.43512e+06	0.020416
2.43522e+06	0.0250928
2.43532e+06	0.0306533
2.43542e+06	0.0372242
2.43552e+06	0.0449417
2.43562e+06	0.0539504
2.43572e+06	0.0644005
2.43582e+06	0.0764445
2.43592e+06	0.0902324
2.43602e+06	0.105905
2.43612e+06	0.123588
2.43622e+06	0.143381
2.43632e+06	0.165348
2.43642e+06	0.189507
2.43652e+06	0.215818
2.43662e+06	0.244176
2.43672e+06	0.274394
2.43682e+06	0.306204
2.43692e+06	0.339248
2.43702e+06	0.373078
2.43712e+06	0.407162
2.43722e+06	0.440895
2.43732e+06	0.473609
2.43742e+06	0.504598
2.43752e+06	0.533138
2.43762e+06	0.558517
2.43772e+06	0.580066
2.43782e+06	0.597181
2.43792e+06	0.609362
2.43802e+06	0.616226
2.43812e+06	0.617535
2.43822e+06	0.613205
2.43832e+06	0.603313
2.43842e+06	0.588094
2.43852e+06	0.567931
2.43862e+06	0.543337
2.43872e+06	0.514936
2.43882e+06	0.483431
2.43892e+06	0.449575
2.43902e+06	0.414141
2.43912e+06	0.377892
2.43922e+06	0.341553
2.43932e+06	0.305784
2.43942e+06	0.27117
2.43952e+06	0.238198
2.43962e+06	0.207258
2.43972e+06	0.178635
2.43982e+06	0.152515
2.43992e+06	0.128993
2.44002e+06	0.108079
2.44012e+06	0.0897172
2.44022e+06	0.0737915
2.44032e+06	0.0601454
2.44042e+06	0.0485924
2.44052e+06	0.0389293
2.44062e+06	0.0309457
2.44072e+06	0.0244336
2.44082e+06	0.0191938
2.44092e+06	0.0150413
2.44102e+06	0.0118081
2.44112e+06	0.00934522
2.44122e+06	0.00752321
2.44132e+06	0.00623162
2.44142e+06	0.00537766
2.44152e+06	0.00488447
2.44162e+06	0.00468897
2.44172e+06	0.0047396
2.44182e+06	0.00499409
2.44192e+06	0.00541731
2.44202e+06	0.00597931
2.44212e+06	0.00665364
2.44222e+06	0.00741599
2.44232e+06	0.0082431
2.44242e+06	0.00911199
2.44252e+06	0.00999964
2.44262e+06	0.0108828
2.44272e+06	0.0117381
2.44282e+06	0.0125426
2.44292e+06	0.0132744
2.44302e+06	0.0139129
2.44312e+06	0.0144403
2.44322e+06	0.0148417
2.44332e+06	0.0151061
2.44342e+06	0.0152271
2.44352e+06	0.0152036
2.44362e+06	0.0150394
2.44372e+06	0.0147446
2.44382e+06	0.0143346
2.44392e+06	0.0138308
2.44402e+06	0.0132608
2.44412e+06	0.0126577
2.44422e+06	0.012061
2.44432e+06	0.0115167
2.44442e+06	0.011078
2.44452e+06	0.0108059
2.44462e+06	0.0107707
2.44472e+06	0.0110528
2.44482e+06	0.0117448
2.44492e+06	0.0129526
2.44502e+06	0.014797
2.44512e+06	0.0174142
2.44522e+06	0.0209566
2.44532e+06	0.0255919
2.44542e+06	0.0315011
2.44552e+06	0.0388754
2.44562e+06	0.0479108
2.44572e+06	0.0588014
2.44582e+06	0.0717304
2.44592e+06	0.0868595
2.44602e+06	0.104317
2.44612e+06	0.124184
2.44622e+06	0.146483
2.44632e+06	0.171163
2.44642e+06	0.19809
2.44652e+06	0.227036
2.44662e+06	0.257677
2.44672e+06	0.289589
2.44682e+06	0.322254
2.44692e+06	0.35507
2.44702e+06	0.387364
2.44712e+06	0.418419
2.44722e+06	0.447489
2.44732e+06	0.47384
2.44742e+06	0.496769
2.44752e+06	0.515643
2.44762e+06	0.529924
2.44772e+06	0.539195
2.44782e+06	0.543183
2.44792e+06	0.541766
2.44802e+06	0.534985
2.44812e+06	0.523041
2.44822e+06	0.506282
2.44832e+06	0.48519
2.44842e+06	0.460355
2.44852e+06	0.432449
2.44862e+06	0.402196
2.44872e+06	0.37034
2.44882e+06	0.337617
2.44892e+06	0.304724
2.44902e+06	0.2723
2.44912e+06	0.240907
2.44922e+06	0.211013
2.44932e+06	0.18299
2.44942e+06	0.15711
2.44952e+06	0.133548
2.44962e+06	0.112391
2.44972e+06	0.0936447
2.44982e+06	0.0772489
2.44992e+06	0.0630898
2.45002e+06	0.0510133
2.45012e+06	0.0408381
2.45022e+06	0.0323672
2.45032e+06	0.0253982
2.45042e+06	0.0197314
2.45052e+06	0.0151764
2.45062e+06	0.0115568
2.45072e+06	0.00871297
2.45082e+06	0.00650355
2.45092e+06	0.00480609
2.45102e+06	0.00351634
2.45112e+06	0.0025471
2.45122e+06	0.00182667
2.45132e+06	0.00129697
2.45142e+06	0.000911712
2.45152e+06	0.000634516
2.45162e+06	0.000437204
2.45172e+06	0.000298252
2.45182e+06	0.000201437
2.45192e+06	0.000134695
2.45202e+06	8.91708e-05
2.45212e+06	5.84454e-05
2.45222e+06	3.79258e-05
2.45232e+06	2.43656e-05
2.45242e+06	1.5498e-05
2.45252e+06	9.75957e-06
2.45262e+06	6.08476e-06
2.45272e+06	3.7559e-06
2.45282e+06	2.29531e-06
2.45292e+06	1.38875e-06
2.45302e+06	8.3189e-07
2.45312e+06	4.9336e-07
2.45322e+06	2.89681e-07
2.45332e+06	1.68396e-07
2.45342e+06	9.69173e-08
2.45352e+06	5.5224e-08
2.45362e+06	3.11538e-08
2.45372e+06	1.74001e-08
2.45382e+06	9.62166e-09
2.45392e+06	5.2675e-09
2.45402e+06	2.85507e-09
2.45412e+06	1.53209e-09
2.45422e+06	8.13976e-10
2.45432e+06	4.28148e-10
2.45442e+06	2.22964e-10
2.45452e+06	1.14956e-10
2.45462e+06	5.86794e-11
2.45472e+06	2.96549e-11
2.45482e+06	1.48377e-11
2.45492e+06	7.35006e-12
2.45502e+06	3.60473e-12
2.45512e+06	1.7503e-12
2.45522e+06	8.41413e-13
2.45532e+06	4.00463e-13
2.45542e+06	1.88701e-13
2.45552e+06	8.80321e-14
2.45562e+06	4.06598e-14
2.45572e+06	1.85929e-14
2.45582e+06	8.41756e-15
2.45592e+06	3.77296e-15
2.45602e+06	1.67431e-15
2.45612e+06	7.35606e-16
2.45622e+06	3.19972e-16
2.45632e+06	1.37796e-16
2.45642e+06	5.87513e-17
2.45652e+06	2.48002e-17
2.45662e+06	1.03646e-17
2.45672e+06	4.28848e-18
2.45682e+06	1.75676e-18
2.45692e+06	7.12491e-19
2.45702e+06	2.8609e-19
2.45712e+06	1.13732e-19
2.45722e+06	4.47632e-20
2.45732e+06	1.74428e-20
2.45742e+06	6.72927e-21
2.45752e+06	2.57026e-21
2.45762e+06	9.71946e-22
2.45772e+06	3.63886e-22
2.45782e+06	1.34879e-22
2.45792e+06	4.94974e-23
2.45802e+06	1.79836e-23
2.45812e+06	6.46886e-24
2.45822e+06	2.30375e-24
2.45832e+06	8.12271e-25
2.45842e+06	2.83546e-25
2.45852e+06	9.79947e-26
2.45862e+06	3.35304e-26
2.45872e+06	1.13588e-26
2.45882e+06	3.80963e-27
2.45892e+06	1.265e-27
2.45902e+06	4.15868e-28
2.45912e+06	1.35356e-28
2.45922e+06	4.3617e-29
2.45932e+06	1.39153e-29
2.45942e+06	4.39526e-30
2.45952e+06	1.37447e-30
2.45962e+06	4.25541e-31
2.45972e+06	1.30438e-31
2.45982e+06	3.95846e-32
2.45992e+06	1.18934e-32
2.46002e+06	3.53785e-33
2.46012e+06	1.04191e-33
2.46022e+06	3.03795e-34
2.46032e+06	8.76975e-35
2.46042e+06	2.5064e-35
2.46052e+06	7.09204e-36
2.46062e+06	1.98678e-36
2.46072e+06	5.5104e-37
2.46082e+06	1.51313e-37
2.46092e+06	4.11361e-38
2.46102e+06	1.10721e-38
2.46112e+06	2.95048e-39
2.46122e+06	7.78416e-40
2.46132e+06	2.03324e-40
2.46142e+06	5.25803e-41
2.46152e+06	1.34621e-41
2.46162e+06	3.41242e-42
2.46172e+06	8.56381e-43
2.46182e+06	2.12779e-43
2.46192e+06	5.23418e-44
2.46202e+06	1.27475e-44
2.46212e+06	3.07368e-45
2.46222e+06	7.33751e-46
2.46232e+06	1.73419e-46
2.46242e+06	4.05789e-47
2.46252e+06	9.40074e-48
2.46262e+06	2.15616e-48
2.46272e+06	4.89617e-49
2.46282e+06	1.10075e-49
2.46292e+06	2.45007e-50
2.46302e+06	5.39915e-51
2.46312e+06	1.17796e-51
2.46322e+06	2.54443e-52
2.46332e+06	5.44137e-53
2.46342e+06	1.15208e-53
2.46352e+06	2.41499e-54
2.46362e+06	5.01193e-55
2.46372e+06	1.0298e-55
2.46382e+06	2.09486e-56
2.46392e+06	4.21905e-57
2.46402e+06	8.41264e-58
2.46412e+06	1.66076e-58
2.46422e+06	3.24592e-59
2.46432e+06	6.28097e-60
2.46442e+06	1.2033e-60
2.46452e+06	2.28231e-61
2.46462e+06	4.28583e-62
2.46472e+06	7.96804e-63
2.46482e+06	1.46665e-63
2.46492e+06	2.67274e-64
2.46502e+06	4.82219e-65
2.46512e+06	8.61368e-66
2.46522e+06	1.52332e-66
2.46532e+06	2.66717e-67
2.46542e+06	4.62345e-68
2.46552e+06	7.93486e-69
2.46562e+06	1.34825e-69
2.46572e+06	2.26807e-70
2.46582e+06	3.77747e-71
2.46592e+06	6.22878e-72
2.46602e+06	1.01686e-72
2.46612e+06	1.64353e-73
2.46622e+06	2.62996e-74
2.46632e+06	4.16658e-75
2.46642e+06	6.53531e-76
2.46652e+06	1.01487e-76
2.46662e+06	1.56031e-77
2.46672e+06	2.37503e-78
2.46682e+06	3.57918e-79
2.46692e+06	5.34017e-80
2.46702e+06	7.88832e-81
2.46712e+06	1.15364e-81
2.46722e+06	1.67037e-82
2.46732e+06	2.39449e-83
2.46742e+06	3.39837e-84
2.46752e+06	4.77513e-85
2.46762e+06	6.64289e-86
2.46772e+06	9.14925e-87
2.46782e+06	1.24759e-87
2.46792e+06	1.68428e-88
2.46802e+06	2.25119e-89
2.46812e+06	2.97899e-90
2.46822e+06	3.90286e-91
2.46832e+06	5.06237e-92
2.46842e+06	6.50103e-93
2.46852e+06	8.26545e-94
2.46862e+06	1.04042e-94
2.46872e+06	1.2966e-95
2.46882e+06	1.59979e-96
2.46892e+06	1.95423e-97
2.46902e+06	2.36345e-98
2.46912e+06	2.82992e-99
2.46922e+06	3.35474e-100
2.46932e+06	3.93731e-101
2.46942e+06	4.57507e-102
2.46952e+06	5.26324e-103
2.46962e+06	5.99468e-104
2.46972e+06	6.75983e-105
2.46982e+06	7.54679e-106
2.46992e+06	8.34153e-107
2.47002e+06	9.12823e-108
2.47012e+06	9.88972e-109
2.47022e+06	1.06081e-109
2.47032e+06	1.12655e-110
2.47042e+06	1.18446e-111
2.47052e+06	1.23295e-112
2.47062e+06	1.27066e-113
2.47072e+06	1.29649e-114
2.47082e+06	1.30968e-115
2.47092e+06	1.30985e-116
2.47102e+06	1.29697e-117
2.47112e+06	1.27145e-118
2.47122e+06	1.23403e-119
2.47132e+06	1.18579e-120
2.47142e+06	1.1281e-121
2.47152e+06	1.06254e-122
2.47162e+06	9.90825e-124
2.47172e+06	9.14761e-125
2.47182e+06	8.36133e-126
2.47192e+06	7.56659e-127
2.47202e+06	6.77926e-128
2.47212e+06	6.01341e-129
2.47222e+06	5.28101e-130
2.47232e+06	4.59166e-131
2.47242e+06	3.95257e-132
2.47252e+06	3.36858e-133
2.47262e+06	2.84231e-134
2.47272e+06	2.37439e-135
2.47282e+06	1.96377e-136
2.47292e+06	1.608e-137
2.47302e+06	1.30358e-138
2.47312e+06	1.04628e-139
2.47322e+06	8.31408e-141
2.47332e+06	6.5409e-142
2.47342e+06	5.09469e-143
2.47352e+06	3.92876e-144
2.47362e+06	2.99951e-145
2.47372e+06	2.26726e-146
2.47382e+06	1.69672e-147
2.47392e+06	1.25712e-148
2.47402e+06	9.22146e-150
2.47412e+06	6.69699e-151
2.47422e+06	4.81523e-152
2.47432e+06	3.42776e-153
2.47442e+06	2.41581e-154
2.47452e+06	1.68566e-155
2.47462e+06	1.16449e-156
2.47472e+06	7.96448e-158
2.47482e+06	5.39308e-159
2.47492e+06	3.61554e-160
2.47502e+06	2.39975e-161
2.47512e+06	1.57695e-162
2.47522e+06	1.02595e-163
2.47532e+06	6.6083e-165
2.47542e+06	4.21416e-166
2.47552e+06	2.66066e-167
2.47562e+06	1.66313e-168
2.47572e+06	1.02924e-169
2.47582e+06	6.30621e-171
2.47592e+06	3.82539e-172
2.47602e+06	2.29742e-173
2.47612e+06	1.36603e-174
2.47622e+06	8.04153e-176
2.47632e+06	4.68677e-177
2.47642e+06	2.70437e-178
2.47652e+06	1.54495e-179
2.47662e+06	8.73819e-181
2.47672e+06	4.89311e-182
2.47682e+06	2.71272e-183
2.47692e+06	1.48896e-184
2.47702e+06	8.09129e-186
2.47712e+06	4.35321e-187
2.47722e+06	2.31877e-188
2.47732e+06	1.22282e-189
2.47742e+06	6.38449e-191
2.47752e+06	3.30025e-192
2.47762e+06	1.68897e-193
2.47772e+06	8.5577e-195
2.47782e+06	4.29287e-196
2.47792e+06	2.13204e-197
2.47802e+06	1.04834e-198
2.47812e+06	5.10345e-200
2.47822e+06	2.4597e-201
2.47832e+06	1.17371e-202
2.47842e+06	5.54488e-204
2.47852e+06	2.59348e-205
2.47862e+06	1.20096e-206
2.47872e+06	5.50598e-208
2.47882e+06	2.49917e-209
2.47892e+06	1.12309e-210
2.47902e+06	4.99678e-212
2.47912e+06	2.20102e-213
2.47922e+06	9.59871e-215
2.47932e+06	4.14438e-216
2.47942e+06	1.77159e-217
2.47952e+06	7.49764e-219
2.47962e+06	3.14154e-220
2.47972e+06	1.30322e-221
2.47982e+06	5.35242e-223
2.47992e+06	2.1764e-224
2.48002e+06	8.76164e-226
2.48012e+06	3.49211e-227
2.48022e+06	1.378e-228
2.48032e+06	5.38352e-230
2.48042e+06	2.08229e-231
2.48052e+06	7.97392e-233
2.48062e+06	3.02316e-234
2.48072e+06	1.13477e-235
2.48082e+06	4.21705e-237
2.48092e+06	1.55156e-238
2.48102e+06	5.65178e-240
2.48112e+06	2.03826e-241
2.48122e+06	7.27763e-243
2.48132e+06	2.57263e-244
2.48142e+06	9.00374e-246
2.48152e+06	3.11979e-247
2.48162e+06	1.07025e-248
2.48172e+06	3.63497e-250
2.48182e+06	1.22229e-251
2.48192e+06	4.06915e-253
2.48202e+06	1.34119e-254
2.48212e+06	4.37659e-256
2.48222e+06	1.41396e-257
2.48232e+06	4.52268e-259
2.48242e+06	1.43222e-260
2.48252e+06	4.49039e-262
2.48262e+06	1.39384e-263
2.48272e+06	4.28351e-265
2.48282e+06	1.3033e-266
2.48292e+06	3.92595e-268
2.48302e+06	1.17085e-269
2.48312e+06	3.45714e-271
2.48322e+06	1.01062e-272
2.48332e+06	2.92495e-274
2.48342e+06	8.38117e-276
2.48352e+06	2.37765e-277
2.48362e+06	6.67802e-279
2.48372e+06	1.85697e-280
2.48382e+06	5.11234e-282
2.48392e+06	1.39345e-283
2.48402e+06	3.76027e-285
2.48412e+06	1.00463e-286
2.48422e+06	2.65734e-288
2.48432e+06	6.959e-290
2.48442e+06	1.80428e-291
2.48452e+06	4.63145e-293
2.48462e+06	1.17703e-294
2.48472e+06	2.96153e-296
2.48482e+06	7.37735e-298
2.48492e+06	1.81946e-299
2.48502e+06	4.44264e-301
2.48512e+06	1.07398e-302
2.48522e+06	2.57046e-304
2.48532e+06	6.09089e-306
2.48542e+06	1.42892e-307
2.48552e+06	3.31889e-309
2.48562e+06	7.63192e-311
2.48572e+06	1.73753e-312
2.48582e+06	3.9164e-314
2.48592e+06	8.73977e-316
2.48602e+06	1.93094e-317
2.48612e+06	4.22372e-319
2.48622e+06	9.14516e-321
2.48632e+06	1.97626e-322
2.48642e+06	4.94066e-324
2.48652e+06	0
2.48662e+06	0
2.48672e+06	0
2.48682e+06	0
2.48692e+06	0
2.48702e+06	0
2.48712e+06	0
2.48722e+06	0
2.48732e+06	0
2.48742e+06	0
2.48752e+06	0
2.48762e+06	0
2.48772e+06	0
2.48782e+06	0
2.48792e+06	0
2.48802e+06	0
2.48812e+06	0
2.48822e+06	0
2.48832e+06	0
2.48842e+06	0
2.48852e+06	0
2.48862e+06	0
2.48872e+06	0
2.48882e+06	0
2.48892e+06	0
2.48902e+06	0
2.48912e+06	0
2.48922e+06	0
2.48932e+06	0
2.48942e+06	0
2.48952e+06	0
2.48962e+06	0
2.48972e+06	0
2.48982e+06	0
2.48992e+06	0
2.49002e+06	0
2.49012e+06	0
2.49022e+06	0
2.49032e+06	0
2.49042e+06	0
2.49052e+06	0
2.49062e+06	0
2.49072e+06	0
2.49082e+06	0
2.49092e+06	0
2.49102e+06	0
2.49112e+06	0
2.49122e+06	0
2.49132e+06	0
2.49142e+06	0
2.49152e+06	0
2.49162e+06	0
2.49172e+06	0
2.49182e+06	0
2.49192e+06	0
2.49202e+06	0
2.49212e+06	0
2.49222e+06	0
2.49232e+06	0
2.49242e+06	0
2.49252e+06	0
2.49262e+06	0
2.49272e+06	0
2.49282e+06	0
2.49292e+06	0
2.49302e+06	0
2.49312e+06	0
2.49322e+06	0
2.49332e+06	0
2.49342e+06	0
2.49352e+06	0
2.49362e+06	0
2.49372e+06	0
2.49382e+06	0
2.49392e+06	0
2.49402e+06	0
2.49412e+06	0
2.49422e+06	0
2.49432e+06	0
2.49442e+06	0
2.49452e+06	0
2.49462e+06	0
2.49472e+06	0
2.49482e+06	0
2.49492e+06	0
2.49502e+06	0
2.49512e+06	0
2.49522e+06	0
2.49532e+06	0
2.49542e+06	0
2.49552e+06	0
2.49562e+06	0
2.49572e+06	0
2.49582e+06	0
2.49592e+06	0
2.49602e+06	0
2.49612e+06	0
2.49622e+06	0
2.49632e+06	0
2.49642e+06	0
2.49652e+06	0
2.49662e+06	0
2.49672e+06	0
2.49682e+06	0
2.49692e+06	0
2.49702e+06	0
2.49712e+06	0
2.49722e+06	0
2.49732e+06	0
2.49742e+06	0
2.49752e+06	0
2.49762e+06	0
2.49772e+06	0
2.49782e+06	0
2.49792e+06	0
2.49802e+06	0
2.49812e+06	0
2.49822e+06	0
2.49832e+06	0
2.49842e+06	0
2.49852e+06	0
2.49862e+06	0
2.49872e+06	0
2.49882e+06	0
2.49892e+06	0
2.49902e+06	0
2.49912e+06	0
2.49922e+06	0
2.49932e+06	0
2.49942e+06	0
2.49952e+06	0
2.49962e+06	0
2.49972e+06	0
2.49982e+06	0
2.49992e+06	0
2.50002e+06	0
2.50012e+06	0
2.50022e+06	0
2.50032e+06	0
2.50042e+06	0
2.50052e+06	0
2.50062e+06	0
2.50072e+06	0
2.50082e+06	0
2.50092e+06	0
2.50102e+06	0
2.50112e+06	0
2.50122e+06	0
2.50132e+06	0
2.50142e+06	0
2.50152e+06	0
2.50162e+06	0
2.50172e+06	0
2.50182e+06	0
2.50192e+06	0
2.50202e+06	0
2.50212e+06	0
2.50222e+06	0
2.50232e+06	0
2.50242e+06	0
2.50252e+06	0
2.50262e+06	0
2.50272e+06	0
2.50282e+06	0
2.50292e+06	0
2.50302e+06	0
2.50312e+06	0
2.50322e+06	0
2.50332e+06	0
2.50342e+06	0
2.50352e+06	0
2.50362e+06	0
2.50372e+06	0
2.50382e+06	0
2.50392e+06	0
2.50402e+06	0
2.50412e+06	0
2.50422e+06	0
2.50432e+06	0
2.50442e+06	0
2.50452e+06	0
2.50462e+06	0
2.50472e+06	0
2.50482e+06	0
2.50492e+06	0
2.50502e+06	0
2.50512e+06	0
2.50522e+06	0
2.50532e+06	0
2.50542e+06	0
2.50552e+06	0
2.50562e+06	0
2.50572e+06	0
2.50582e+06	0
2.50592e+06	0
2.50602e+06	0
2.50612e+06	0
2.50622e+06	0
2.50632e+06	0
2.50642e+06	0
2.50652e+06	0
2.50662e+06	0
2.50672e+06	0
2.50682e+06	0
2.50692e+06	0
2.50702e+06	0
2.50712e+06	0
2.50722e+06	0
2.50732e+06	0
2.50742e+06	0
2.50752e+06	0
2.50762e+06	0
2.50772e+06	0
2.50782e+06	0
2.50792e+06	0
2.50802e+06	0
2.50812e+06	0
2.50822e+06	0
2.50832e+06	0
2.50842e+06	0
2.50852e+06	0
2.50862e+06	0
2.50872e+06	0
2.50882e+06	0
2.50892e+06	0
2.50902e+06	0
2.50912e+06	0
2.50922e+06	0
2.50932e+06	0
2.50942e+06	0
2.50952e+06	0
2.50962e+06	0
2.50972e+06	0
2.50982e+06	0
2.50992e+06	0
2.51002e+06	0
2.51012e+06	0
2.51022e+06	0
2.51032e+06	0
2.51042e+06	0
2.51052e+06	0
2.51062e+06	0
2.51072e+06	0
2.51082e+06	0
2.51092e+06	0
2.51102e+06	0
2.51112e+06	0
2.51122e+06	0
2.51132e+06	0
2.51142e+06	0
2.51152e+06	0
2.51162e+06	0
2.51172e+06	0
2.51182e+06	0
2.51192e+06	0
2.51202e+06	0
2.51212e+06	0
2.51222e+06	0
2.51232e+06	0
2.51242e+06	0
2.51252e+06	0
2.51262e+06	0
2.51272e+06	0
2.51282e+06	0
2.51292e+06	0
2.51302e+06	0
2.51312e+06	0
2.51322e+06	0
2.51332e+06	0
2.51342e+06	0
2.51352e+06	0
2.51362e+06	0
2.51372e+06	0
2.51382e+06	0
2.51392e+06	0
2.51402e+06	0
2.51412e+06	0
2.51422e+06	0
2.51432e+06	0
2.51442e+06	0
2.51452e+06	0
2.51462e+06	0
2.51472e+06	0
2.51482e+06	0
2.51492e+06	0
2.51502e+06	0
2.51512e+06	0
2.51522e+06	0
2.51532e+06	0
2.51542e+06	0
2.51552e+06	0
2.51562e+06	0
2.51572e+06	0
2.51582e+06	0
2.51592e+06	0
2.51602e+06	0
2.51612e+06	0
2.51622e+06	0
2.51632e+06	0
2.51642e+06	0
2.51652e+06	0
2.51662e+06	0
2.51672e+06	0
2.51682e+06	0
2.51692e+06	0
2.51702e+06	0
2.51712e+06	0
2.51722e+06	0
2.51732e+06	0
2.51742e+06	0
2.51752e+06	0
2.51762e+06	0
2.51772e+06	0
2.51782e+06	0
2.51792e+06	0
2.51802e+06	0
2.51812e+06	0
2.51822e+06	0
2.51832e+06	0
2.51842e+06	0
2.51852e+06	0
2.51862e+06	0
2.51872e+06	0
2.51882e+06	0
2.51892e+06	0
2.51902e+06	0
2.51912e+06	0
2.51922e+06	0
2.51932e+06	0
2.51942e+06	0
2.51952e+06	0
2.51962e+06	0
2.51972e+06	0
2.51982e+06	0
2.51992e+06	0
2.52002e+06	0
2.52012e+06	0
2.52022e+06	0
2.52032e+06	0
2.52042e+06	0
2.52052e+06	0
2.52062e+06	0
2.52072e+06	0
2.52082e+06	0
2.52092e+06	0
2.52102e+06	0
2.52112e+06	0
2.52122e+06	0
2.52132e+06	0
2.52142e+06	0
2.52152e+06	0
2.52162e+06	0
2.52172e+06	0
2.52182e+06	0
2.52192e+06	0
2.52202e+06	0
2.52212e+06	0
2.52222e+06	0
2.52232e+06	0
2.52242e+06	0
2.52252e+06	0
2.52262e+06	0
2.52272e+06	0
2.52282e+06	0
2.52292e+06	0
2.52302e+06	0
2.52312e+06	0
2.52322e+06	0
2.52332e+06	0
2.52342e+06	0
2.52352e+06	0
2.52362e+06	0
2.52372e+06	0
2.52382e+06	0
2.52392e+06	0
2.52402e+06	0
2.52412e+06	0
2.52422e+06	0
2.52432e+06	0
2.52442e+06	0
2.52452e+06	0
2.52462e+06	0
2.52472e+06	0
2.52482e+06	0
2.52492e+06	0
2.52502e+06	0
2.52512e+06	0
2.52522e+06	0
2.52532e+06	0
2.52542e+06	0
2.52552e+06	0
2.52562e+06	0
2.52572e+06	0
2.52582e+06	0
2.52592e+06	0
2.52602e+06	0
2.52612e+06	0
2.52622e+06	0
2.52632e+06	0
2.52642e+06	0
2.52652e+06	0
2.52662e+06	0
2.52672e+06	0
2.52682e+06	0
2.52692e+06	0
2.52702e+06	0
2.52712e+06	0
2.52722e+06	0
2.52732e+06	0
2.52742e+06	0
2.52752e+06	0
2.52762e+06	0
2.52772e+06	0
2.52782e+06	0
2.52792e+06	0
2.52802e+06	0
2.52812e+06	0
2.52822e+06	0
2.52832e+06	0
2.52842e+06	0
2.52852e+06	0
2.52862e+06	0
2.52872e+06	0
2.52882e+06	0
2.52892e+06	0
2.52902e+06	0
2.52912e+06	0
2.52922e+06	0
2.52932e+06	0
2.52942e+06	0
2.52952e+06	0
2.52962e+06	0
2.52972e+06	0
2.52982e+06	0
2.52992e+06	0
2.53002e+06	0
2.53012e+06	0
2.53022e+06	0
2.53032e+06	0
2.53042e+06	0
2.53052e+06	0
2.53062e+06	0
2.53072e+06	0
2.53082e+06	0
2.53092e+06	0
2.53102e+06	0
2.53112e+06	0
2.53122e+06	0
2.53132e+06	0
2.53142e+06	0
2.53152e+06	0
2.53162e+06	0
2.53172e+06	0
2.53182e+06	0
2.53192e+06	0
2.53202e+06	0
2.53212e+06	0
2.53222e+06	0
2.53232e+06	0
2.53242e+06	0
2.53252e+06	0
2.53262e+06	0
2.53272e+06	0
2.53282e+06	0
2.53292e+06	0
2.53302e+06	0
2.53312e+06	0
2.53322e+06	0
2.53332e+06	0
2.53342e+06	0
2.53352e+06	0
2.53362e+06	0
2.53372e+06	0
2.53382e+06	0
2.53392e+06	0
2.53402e+06	0
2.53412e+06	0
2.53422e+06	0
2.53432e+06	0
2.53442e+06	0
2.53452e+06	0
2.53462e+06	0
2.53472e+06	0
2.53482e+06	0
2.53492e+06	0
2.53502e+06	0
2.53512e+06	0
2.53522e+06	0
2.53532e+06	0
2.53542e+06	0
2.53552e+06	0
2.53562e+06	0
2.53572e+06	0
2.53582e+06	0
2.53592e+06	0
2.53602e+06	0
2.53612e+06	0
2.53622e+06	0
2.53632e+06	0
2.53642e+06	0
2.53652e+06	0
2.53662e+06	0
2.53672e+06	0
2.53682e+06	0
2.53692e+06	0
2.53702e+06	0
2.53712e+06	0
2.53722e+06	0
2.53732e+06	0
2.53742e+06	0
2.53752e+06	0
2.53762e+06	0
2.53772e+06	0
2.53782e+06	0
2.53792e+06	0
2.53802e+06	0
2.53812e+06	0
2.53822e+06	0
2.53832e+06	0
2.53842e+06	0
2.53852e+06	0
2.53862e+06	0
2.53872e+06	0
2.53882e+06	0
2.53892e+06	0
2.53902e+06	0
2.53912e+06	0
2.53922e+06	0
2.53932e+06	0
2.53942e+06	0
2.53952e+06	0
2.53962e+06	0
2.53972e+06	0
2.53982e+06	0
2.53992e+06	0
2.54002e+06	0
2.54012e+06	0
2.54022e+06	0
2.54032e+06	0
2.54042e+06	0
2.54052e+06	0
2.54062e+06	0
2.54072e+06	0
2.54082e+06	0
2.54092e+06	0
2.54102e+06	0
2.54112e+06	0
2.54122e+06	0
2.54132e+06	0
2.54142e+06	0
2.54152e+06	0
2.54162e+06	0
2.54172e+06	0
2.54182e+06	0
2.54192e+06	0
2.54202e+06	0
2.54212e+06	0
2.54222e+06	0
2.54232e+06	0
2.54242e+06	0
2.54252e+06	0
2.54262e+06	0
2.54272e+06	0
2.54282e+06	0
2.54292e+06	0
2.54302e+06	0
2.54312e+06	0
2.54322e+06	0
2.54332e+06	0
2.54342e+06	0
2.54352e+06	0
2.54362e+06	0
2.54372e+06	0
2.54382e+06	0
2.54392e+06	0
2.54402e+06	0
2.54412e+06	0
2.54422e+06	0
2.54432e+06	0
2.54442e+06	0
2.54452e+06	0
2.54462e+06	0
2.54472e+06	0
2.54482e+06	0
2.54492e+06	0
2.54502e+06	0
2.54512e+06	0
2.54522e+06	0
2.54532e+06	0
2.54542e+06	0
2.54552e+06	0
2.54562e+06	0
2.54572e+06	0
2.54582e+06	0
2.54592e+06	0
2.54602e+06	0
2.54612e+06	0
2.54622e+06	0
2.54632e+06	0
2.54642e+06	0
2.54652e+06	0
2.54662e+06	0
2.54672e+06	0
2.54682e+06	0
2.54692e+06	0
2.54702e+06	0
2.54712e+06	0
2.54722e+06	0
2.54732e+06	0
2.54742e+06	0
2.54752e+06	0
2.54762e+06	0
2.54772e+06	0
2.54782e+06	0
2.54792e+06	0
2.54802e+06	0
2.54812e+06	0
2.54822e+06	0
2.54832e+06	0
2.54842e+06	0
2.54852e+06	0
2.54862e+06	0
2.54872e+06	0
2.54882e+06	0
2.54892e+06	0
2.54902e+06	0
2.54912e+06	0
2.54922e+06	0
2.54932e+06	0
2.54942e+06	0
2.54952e+06	0
2.54962e+06	0
2.54972e+06	0
2.54982e+06	0
2.54992e+06	0
2.55002e+06	0
2.55012e+06	0
2.55022e+06	0
2.55032e+06	0
2.55042e+06	0
2.55052e+06	0
2.55062e+06	0
2.55072e+06	0
2.55082e+06	0
2.55092e+06	0
2.55102e+06	0
2.55112e+06	0
2.55122e+06	0
2.55132e+06	0
2.55142e+06	0
2.55152e+06	0
2.55162e+06	0
2.55172e+06	0
2.55182e+06	0
2.55192e+06	0
2.55202e+06	0
2.55212e+06	0
2.55222e+06	0
2.55232e+06	0
2.55242e+06	0
2.55252e+06	0
2.55262e+06	0
2.55272e+06	0
2.55282e+06	0
2.55292e+06	0
2.55302e+06	0
2.55312e+06	0
2.55322e+06	0
2.55332e+06	0
2.55342e+06	0
2.55352e+06	0
2.55362e+06	0
2.55372e+06	0
2.55382e+06	0
2.55392e+06	0
2.55402e+06	0
2.55412e+06	0
2.55422e+06	0
2.55432e+06	0
2.55442e+06	0
2.55452e+06	0
2.55462e+06	0
2.55472e+06	0
2.55482e+06	0
2.55492e+06	0
2.55502e+06	0
2.55512e+06	0
2.55522e+06	0
2.55532e+06	0
2.55542e+06	0
2.55552e+06	0
2.55562e+06	0
2.55572e+06	0
2.55582e+06	0
2.55592e+06	0
2.55602e+06	0
2.55612e+06	0
2.55622e+06	0
2.55632e+06	0
2.55642e+06	0
2.55652e+06	0
2.55662e+06	0
2.55672e+06	0
2.55682e+06	0
2.55692e+06	0
2.55702e+06	0
2.55712e+06	0
2.55722e+06	0
2.55732e+06	0
2.55742e+06	0
2.55752e+06	0
2.55762e+06	0
2.55772e+06	0
2.55782e+06	0
2.55792e+06	0
2.55802e+06	0
2.55812e+06	0
2.55822e+06	0
2.55832e+06	0
2.55842e+06	0
2.55852e+06	0
2.55862e+06	0
2.55872e+06	0
2.55882e+06	0
2.55892e+06	0
2.55902e+06	0
2.55912e+06	0
2.55922e+06	0
2.55932e+06	0
2.55942e+06	0
2.55952e+06	0
2.55962e+06	0
2.55972e+06	0
2.55982e+06	0
2.55992e+06	0
2.56002e+06	0
2.56012e+06	0
2.56022e+06	0
2.56032e+06	0
2.56042e+06	0
2.56052e+06	0
2.56062e+06	0
2.56072e+06	0
2.56082e+06	0
2.56092e+06	0
2.56102e+06	0
2.56112e+06	0
2.56122e+06	0
2.56132e+06	0
2.56142e+06	0
2.56152e+06	0
2.56162e+06	0
2.56172e+06	0
2.56182e+06	0
2.56192e+06	0
2.56202e+06	0
2.56212e+06	0
2.56222e+06	0
2.56232e+06	0
2.56242e+06	0
2.56252e+06	0
2.56262e+06	0
2.56272e+06	0
2.56282e+06	0
2.56292e+06	0
2.56302e+06	0
2.56312e+06	0
2.56322e+06	0
2.56332e+06	0
2.56342e+06	0
2.56352e+06	0
2.56362e+06	0
2.56372e+06	0
2.56382e+06	0
2.56392e+06	0
2.56402e+06	0
2.56412e+06	0
2.56422e+06	0
2.56432e+06	0
2.56442e+06	0
2.56452e+06	0
2.56462e+06	0
2.56472e+06	0
2.56482e+06	0
2.56492e+06	0
2.56502e+06	0
2.56512e+06	0
2.56522e+06	0
2.56532e+06	0
2.56542e+06	0
2.56552e+06	0
2.56562e+06	0
2.56572e+06	0
2.56582e+06	0
2.56592e+06	0
2.56602e+06	0
2.56612e+06	0
2.56622e+06	0
2.56632e+06	0
2.56642e+06	0
2.56652e+06	0
2.56662e+06	0
2.56672e+06	0
2.56682e+06	0
2.56692e+06	0
2.56702e+06	0
2.56712e+06	0
2.56722e+06	0
2.56732e+06	0
2.56742e+06	0
2.56752e+06	0
2.56762e+06	0
2.56772e+06	0
2.56782e+06	0
2.56792e+06	0
2.56802e+06	0
2.56812e+06	0
2.56822e+06	0
2.56832e+06	0
2.56842e+06	0
2.56852e+06	0
2.56862e+06	0
2.56872e+06	0
2.56882e+06	0
2.56892e+06	0
2.56902e+06	0
2.56912e+06	0
2.56922e+06	0
2.56932e+06	0
2.56942e+06	0
2.56952e+06	0
2.56962e+06	0
2.56972e+06	0
2.56982e+06	0
2.56992e+06	0
2.57002e+06	0
2.57012e+06	0
2.57022e+06	0
2.57032e+06	0
2.57042e+06	0
2.57052e+06	0
2.57062e+06	0
2.57072e+06	0
2.57082e+06	0
2.57092e+06	0
2.57102e+06	0
2.57112e+06	0
2.57122e+06	0
2.57132e+06	0
2.57142e+06	0
2.57152e+06	0
2.57162e+06	0
2.57172e+06	0
2.57182e+06	0
2.57192e+06	0
2.57202e+06	0
2.57212e+06	0
2.57222e+06	0
2.57232e+06	2.96439e-323
2.57242e+06	1.42785e-321
2.57252e+06	6.62196e-320
2.57262e+06	3.03876e-318
2.57272e+06	1.38055e-316
2.57282e+06	6.20962e-315
2.57292e+06	2.76526e-313
2.57302e+06	1.21917e-311
2.57312e+06	5.32166e-310
2.57322e+06	2.29979e-308
2.57332e+06	9.83982e-307
2.57342e+06	4.16814e-305
2.57352e+06	1.74805e-303
2.57362e+06	7.25813e-302
2.57372e+06	2.98367e-300
2.57382e+06	1.21433e-298
2.57392e+06	4.89301e-297
2.57402e+06	1.95197e-295
2.57412e+06	7.70954e-294
2.57422e+06	3.01468e-292
2.57432e+06	1.1671e-290
2.57442e+06	4.47338e-289
2.57452e+06	1.69753e-287
2.57462e+06	6.37762e-286
2.57472e+06	2.37223e-284
2.57482e+06	8.73595e-283
2.57492e+06	3.18509e-281
2.57502e+06	1.14971e-279
2.57512e+06	4.1088e-278
2.57522e+06	1.45378e-276
2.57532e+06	5.09258e-275
2.57542e+06	1.76618e-273
2.57552e+06	6.0644e-272
2.57562e+06	2.06157e-270
2.57572e+06	6.93851e-269
2.57582e+06	2.31202e-267
2.57592e+06	7.62734e-266
2.57602e+06	2.49122e-264
2.57612e+06	8.05579e-263
2.57622e+06	2.57906e-261
2.57632e+06	8.17468e-260
2.57642e+06	2.5653e-258
2.57652e+06	7.97007e-257
2.57662e+06	2.45157e-255
2.57672e+06	7.4659e-254
2.57682e+06	2.25101e-252
2.57692e+06	6.71939e-251
2.57702e+06	1.98582e-249
2.57712e+06	5.8104e-248
2.57722e+06	1.68318e-246
2.57732e+06	4.82736e-245
2.57742e+06	1.37072e-243
2.57752e+06	3.85339e-242
2.57762e+06	1.07249e-240
2.57772e+06	2.95531e-239
2.57782e+06	8.06249e-238
2.57792e+06	2.17767e-236
2.57802e+06	5.82334e-235
2.57812e+06	1.54173e-233
2.57822e+06	4.04114e-232
2.57832e+06	1.04871e-230
2.57842e+06	2.69441e-229
2.57852e+06	6.85375e-228
2.57862e+06	1.72604e-226
2.57872e+06	4.30358e-225
2.57882e+06	1.06235e-223
2.57892e+06	2.59633e-222
2.57902e+06	6.28218e-221
2.57912e+06	1.50494e-219
2.57922e+06	3.5693e-218
2.57932e+06	8.38117e-217
2.57942e+06	1.94842e-215
2.57952e+06	4.48456e-214
2.57962e+06	1.02191e-212
2.57972e+06	2.30548e-211
2.57982e+06	5.14955e-210
2.57992e+06	1.13876e-208
2.58002e+06	2.49319e-207
2.58012e+06	5.40422e-206
2.58022e+06	1.15976e-204
2.58032e+06	2.46411e-203
2.58042e+06	5.18334e-202
2.58052e+06	1.07948e-200
2.58062e+06	2.22577e-199
2.58072e+06	4.5436e-198
2.58082e+06	9.18285e-197
2.58092e+06	1.83744e-195
2.58102e+06	3.64002e-194
2.58112e+06	7.13925e-193
2.58122e+06	1.3863e-191
2.58132e+06	2.66515e-190
2.58142e+06	5.07272e-189
2.58152e+06	9.55913e-188
2.58162e+06	1.78341e-186
2.58172e+06	3.29415e-185
2.58182e+06	6.02409e-184
2.58192e+06	1.09068e-182
2.58202e+06	1.95505e-181
2.58212e+06	3.46959e-180
2.58222e+06	6.09614e-179
2.58232e+06	1.06044e-177
2.58242e+06	1.82633e-176
2.58252e+06	3.11405e-175
2.58262e+06	5.25691e-174
2.58272e+06	8.78602e-173
2.58282e+06	1.45382e-171
2.58292e+06	2.3817e-170
2.58302e+06	3.86295e-169
2.58312e+06	6.20311e-168
2.58322e+06	9.8618e-167
2.58332e+06	1.55224e-165
2.58342e+06	2.41892e-164
2.58352e+06	3.73198e-163
2.58362e+06	5.70052e-162
2.58372e+06	8.62078e-161
2.58382e+06	1.29073e-159
2.58392e+06	1.9133e-158
2.58402e+06	2.80792e-157
2.58412e+06	4.07987e-156
2.58422e+06	5.86899e-155
2.58432e+06	8.35868e-154
2.58442e+06	1.17861e-152
2.58452e+06	1.64535e-151
2.58462e+06	2.27407e-150
2.58472e+06	3.11176e-149
2.58482e+06	4.21567e-148
2.58492e+06	5.65436e-147
2.58502e+06	7.50857e-146
2.58512e+06	9.87161e-145
2.58522e+06	1.28492e-143
2.58532e+06	1.65585e-142
2.58542e+06	2.11263e-141
2.58552e+06	2.66859e-140
2.58562e+06	3.33733e-139
2.58572e+06	4.13211e-138
2.58582e+06	5.06527e-137
2.58592e+06	6.14737e-136
2.58602e+06	7.38642e-135
2.58612e+06	8.7869e-134
2.58622e+06	1.03489e-132
2.58632e+06	1.20673e-131
2.58642e+06	1.3931e-130
2.58652e+06	1.59225e-129
2.58662e+06	1.80177e-128
2.58672e+06	2.01857e-127
2.58682e+06	2.23895e-126
2.58692e+06	2.45868e-125
2.58702e+06	2.67311e-124
2.58712e+06	2.87732e-123
2.58722e+06	3.06632e-122
2.58732e+06	3.23522e-121
2.58742e+06	3.37946e-120
2.58752e+06	3.495e-119
2.58762e+06	3.57853e-118
2.58772e+06	3.6276e-117
2.58782e+06	3.64075e-116
2.58792e+06	3.61759e-115
2.58802e+06	3.55881e-114
2.58812e+06	3.46615e-113
2.58822e+06	3.34231e-112
2.58832e+06	3.19083e-111
2.58842e+06	3.0159e-110
2.58852e+06	2.8222e-109
2.58862e+06	2.61467e-108
2.58872e+06	2.39829e-107
2.58882e+06	2.17793e-106
2.58892e+06	1.95813e-105
2.58902e+06	1.743e-104
2.58912e+06	1.53607e-103
2.58922e+06	1.34024e-102
2.58932e+06	1.15773e-101
2.58942e+06	9.90132e-101
2.58952e+06	8.38368e-100
2.58962e+06	7.02802e-99
2.58972e+06	5.83295e-98
2.58982e+06	4.79293e-97
2.58992e+06	3.89916e-96
2.59002e+06	3.14049e-95
2.59012e+06	2.50427e-94
2.59022e+06	1.97707e-93
2.59032e+06	1.54532e-92
2.59042e+06	1.19584e-91
2.59052e+06	9.16192e-91
2.59062e+06	6.94953e-90
2.59072e+06	5.21893e-89
2.59082e+06	3.88029e-88
2.59092e+06	2.85631e-87
2.59102e+06	2.08162e-86
2.59112e+06	1.50195e-85
2.59122e+06	1.07292e-84
2.59132e+06	7.58815e-84
2.59142e+06	5.31326e-83
2.59152e+06	3.68336e-82
2.59162e+06	2.52804e-81
2.59172e+06	1.71783e-80
2.59182e+06	1.15567e-79
2.59192e+06	7.69741e-79
2.59202e+06	5.07589e-78
2.59212e+06	3.31388e-77
2.59222e+06	2.142e-76
2.59232e+06	1.37075e-75
2.59242e+06	8.68468e-75
2.59252e+06	5.44762e-74
2.59262e+06	3.38312e-73
2.59272e+06	2.0801e-72
2.59282e+06	1.26622e-71
2.59292e+06	7.63114e-71
2.59302e+06	4.55332e-70
2.59312e+06	2.68982e-69
2.59322e+06	1.57317e-68
2.59332e+06	9.1093e-68
2.59342e+06	5.22218e-67
2.59352e+06	2.96398e-66
2.59362e+06	1.66554e-65
2.59372e+06	9.26603e-65
2.59382e+06	5.10374e-64
2.59392e+06	2.78317e-63
2.59402e+06	1.50262e-62
2.59412e+06	8.03184e-62
2.59422e+06	4.25048e-61
2.59432e+06	2.22699e-60
2.59442e+06	1.15519e-59
2.59452e+06	5.93266e-59
2.59462e+06	3.01648e-58
2.59472e+06	1.51848e-57
2.59482e+06	7.56788e-57
2.59492e+06	3.73419e-56
2.59502e+06	1.82421e-55
2.59512e+06	8.82292e-55
2.59522e+06	4.2248e-54
2.59532e+06	2.00289e-53
2.59542e+06	9.40078e-53
2.59552e+06	4.36846e-52
2.59562e+06	2.00979e-51
2.59572e+06	9.15439e-51
2.59582e+06	4.12824e-50
2.59592e+06	1.84314e-49
2.59602e+06	8.14719e-49
2.59612e+06	3.56546e-48
2.59622e+06	1.54482e-47
2.59632e+06	6.62674e-47
2.59642e+06	2.81435e-46
2.59652e+06	1.18335e-45
2.59662e+06	4.92613e-45
2.59672e+06	2.03028e-44
2.59682e+06	8.28441e-44
2.59692e+06	3.34676e-43
2.59702e+06	1.33858e-42
2.59712e+06	5.30058e-42
2.59722e+06	2.07806e-41
2.59732e+06	8.06584e-41
2.59742e+06	3.09955e-40
2.59752e+06	1.17925e-39
2.59762e+06	4.44188e-39
2.59772e+06	1.65648e-38
2.59782e+06	6.11595e-38
2.59792e+06	2.23562e-37
2.59802e+06	8.09075e-37
2.59812e+06	2.89893e-36
2.59822e+06	1.02835e-35
2.59832e+06	3.61164e-35
2.59842e+06	1.25581e-34
2.59852e+06	4.32315e-34
2.59862e+06	1.47344e-33
2.59872e+06	4.97192e-33
2.59882e+06	1.66101e-32
2.59892e+06	5.49384e-32
2.59902e+06	1.79903e-31
2.59912e+06	5.83252e-31
2.59922e+06	1.87211e-30
2.59932e+06	5.94929e-30
2.59942e+06	1.87178e-29
2.59952e+06	5.83045e-29
2.59962e+06	1.79807e-28
2.59972e+06	5.48993e-28
2.59982e+06	1.65953e-27
2.59992e+06	4.96661e-27
2.60002e+06	1.47161e-26
2.60012e+06	4.31699e-26
2.60022e+06	1.2538e-25
2.60032e+06	3.60521e-25
2.60042e+06	1.02634e-24
2.60052e+06	2.89274e-24
2.60062e+06	8.07204e-24
2.60072e+06	2.23005e-23
2.60082e+06	6.09963e-23
2.60092e+06	1.65177e-22
2.60102e+06	4.42845e-22
2.60112e+06	1.17547e-21
2.60122e+06	3.08908e-21
2.60132e+06	8.03716e-21
2.60142e+06	2.0703e-20
2.60152e+06	5.27985e-20
2.60162e+06	1.33311e-19
2.60172e+06	3.33249e-19
2.60182e+06	8.2476e-19
2.60192e+06	2.0209e-18
2.60202e+06	4.9025e-18
2.60212e+06	1.17746e-17
2.60222e+06	2.79985e-17
2.60232e+06	6.59143e-17
2.60242e+06	1.53632e-16
2.60252e+06	3.54519e-16
2.60262e+06	8.09944e-16
2.60272e+06	1.83201e-15
2.60282e+06	4.10258e-15
2.60292e+06	9.09587e-15
2.60302e+06	1.99659e-14
2.60312e+06	4.33899e-14
2.60322e+06	9.3357e-14
2.60332e+06	1.98867e-13
2.60342e+06	4.19405e-13
2.60352e+06	8.75716e-13
2.60362e+06	1.81029e-12
2.60372e+06	3.70504e-12
2.60382e+06	7.50746e-12
2.60392e+06	1.50609e-11
2.60402e+06	2.99133e-11
2.60412e+06	5.88215e-11
2.60422e+06	1.14516e-10
2.60432e+06	2.20724e-10
2.60442e+06	4.21204e-10
2.60452e+06	7.95779e-10
2.60462e+06	1.4885e-09
2.60472e+06	2.75653e-09
2.60482e+06	5.05398e-09
2.60492e+06	9.17406e-09
2.60502e+06	1.64872e-08
2.60512e+06	2.93352e-08
2.60522e+06	5.16758e-08
2.60532e+06	9.01246e-08
2.60542e+06	1.55617e-07
2.60552e+06	2.66028e-07
2.60562e+06	4.5025e-07
2.60572e+06	7.54464e-07
2.60582e+06	1.25164e-06
2.60592e+06	2.05579e-06
2.60602e+06	3.34298e-06
2.60612e+06	5.38203e-06
2.60622e+06	8.57859e-06
2.60632e+06	1.35376e-05
2.60642e+06	2.11508e-05
2.60652e+06	3.27165e-05
2.60662e+06	5.01031e-05
2.60672e+06	7.59661e-05
2.60682e+06	0.000114033
2.60692e+06	0.000169473
2.60702e+06	0.00024936
2.60712e+06	0.000363254
2.60722e+06	0.000523902
2.60732e+06	0.000748079
2.60742e+06	0.00105755
2.60752e+06	0.00148018
2.60762e+06	0.00205108
2.60772e+06	0.00281389
2.60782e+06	0.00382199
2.60792e+06	0.0051396
2.60802e+06	0.00684268
2.60812e+06	0.00901946
2.60822e+06	0.0117704
2.60832e+06	0.0152076
2.60842e+06	0.0194529
2.60852e+06	0.0246359
2.60862e+06	0.0308892
2.60872e+06	0.0383446
2.60882e+06	0.0471258
2.60892e+06	0.0573417
2.60902e+06	0.0690779
2.60912e+06	0.0823884
2.60922e+06	0.0972859
2.60932e+06	0.113734
2.60942e+06	0.131641
2.60952e+06	0.150851
2.60962e+06	0.171145
2.60972e+06	0.192238
2.60982e+06	0.213783
2.60992e+06	0.235378
2.61002e+06	0.256578
2.61012e+06	0.276906
2.61022e+06	0.295874
2.61032e+06	0.312999
2.61042e+06	0.327825
2.61052e+06	0.339944
2.61062e+06	0.349011
2.61072e+06	0.354763
2.61082e+06	0.357034
2.61092e+06	0.355759
2.61102e+06	0.350979
2.61112e+06	0.342838
2.61122e+06	0.33158
2.61132e+06	0.317529
2.61142e+06	0.301082
2.61152e+06	0.282685
2.61162e+06	0.262817
2.61172e+06	0.241964
2.61182e+06	0.220605
2.61192e+06	0.199193
2.61202e+06	0.178138
2.61212e+06	0.157798
2.61222e+06	0.138468
2.61232e+06	0.120381
2.61242e+06	0.103704
2.61252e+06	0.0885407
2.61262e+06	0.0749364
2.61272e+06	0.0628872
2.61282e+06	0.0523468
2.61292e+06	0.0432352
2.61302e+06	0.0354482
2.61312e+06	0.0288657
2.61322e+06	0.023359
2.61332e+06	0.0187971
2.61342e+06	0.0150526
2.61352e+06	0.0120047
2.61362e+06	0.00954263
2.61372e+06	0.00756699
2.61382e+06	0.00599057
2.61392e+06	0.00473832
2.61402e+06	0.00374684
2.61412e+06	0.00296343
2.61422e+06	0.00234496
2.61432e+06	0.00185659
2.61442e+06	0.00147051
2.61452e+06	0.00116475
2.61462e+06	0.000922101
2.61472e+06	0.000729136
2.61482e+06	0.000575421
2.61492e+06	0.000452849
2.61502e+06	0.0003551
2.61512e+06	0.000277221
2.61522e+06	0.000215303
2.61532e+06	0.000166235
2.61542e+06	0.000127517
2.61552e+06	9.71298e-05
2.61562e+06	7.34285e-05
2.61572e+06	5.50714e-05
2.61582e+06	4.09625e-05
2.61592e+06	3.02076e-05
2.61602e+06	2.20805e-05
2.61612e+06	1.59946e-05
2.61622e+06	1.14799e-05
2.61632e+06	8.16282e-06
2.61642e+06	5.74948e-06
2.61652e+06	4.01107e-06
2.61662e+06	2.77143e-06
2.61672e+06	1.8964e-06
2.61682e+06	1.28503e-06
2.61692e+06	8.6226e-07
2.61702e+06	5.72912e-07
2.61712e+06	3.76921e-07
2.61722e+06	2.45536e-07
2.61732e+06	1.5837e-07
2.61742e+06	1.01139e-07
2.61752e+06	6.39508e-08
2.61762e+06	4.00359e-08
2.61772e+06	2.48157e-08
2.61782e+06	1.52291e-08
