1.08769e+06	6.19219e-08
1.08779e+06	1.02152e-07
1.08789e+06	1.66894e-07
1.08799e+06	2.7004e-07
1.08809e+06	4.32733e-07
1.08819e+06	6.86785e-07
1.08829e+06	1.07954e-06
1.08839e+06	1.68065e-06
1.08849e+06	2.59149e-06
1.08859e+06	3.95785e-06
1.08869e+06	5.9871e-06
1.08879e+06	8.97071e-06
1.08889e+06	1.33137e-05
1.08899e+06	1.95724e-05
1.08909e+06	2.85014e-05
1.08919e+06	4.11128e-05
1.08929e+06	5.87466e-05
1.08939e+06	8.31558e-05
1.08949e+06	0.000116605
1.08959e+06	0.00016198
1.08969e+06	0.000222912
1.08979e+06	0.000303911
1.08989e+06	0.000410493
1.08999e+06	0.000549312
1.09009e+06	0.000728274
1.09019e+06	0.000956623
1.09029e+06	0.00124499
1.09039e+06	0.00160536
1.09049e+06	0.00205103
1.09059e+06	0.00259639
1.09069e+06	0.00325665
1.09079e+06	0.00404745
1.09089e+06	0.00498433
1.09099e+06	0.00608205
1.09109e+06	0.00735387
1.09119e+06	0.00881066
1.09129e+06	0.0104599
1.09139e+06	0.012305
1.09149e+06	0.0143438
1.09159e+06	0.0165685
1.09169e+06	0.0189641
1.09179e+06	0.0215088
1.09189e+06	0.0241731
1.09199e+06	0.0269202
1.09209e+06	0.0297065
1.09219e+06	0.0324825
1.09229e+06	0.035194
1.09239e+06	0.0377837
1.09249e+06	0.0401933
1.09259e+06	0.0423652
1.09269e+06	0.0442452
1.09279e+06	0.0457845
1.09289e+06	0.0469418
1.09299e+06	0.0476851
1.09309e+06	0.0479932
1.09319e+06	0.0478569
1.09329e+06	0.047279
1.09339e+06	0.0462747
1.09349e+06	0.0448706
1.09359e+06	0.0431037
1.09369e+06	0.0410199
1.09379e+06	0.0386716
1.09389e+06	0.0361159
1.09399e+06	0.0334123
1.09409e+06	0.0306201
1.09419e+06	0.0277965
1.09429e+06	0.0249948
1.09439e+06	0.0222627
1.09449e+06	0.019641
1.09459e+06	0.0171633
1.09469e+06	0.0148553
1.09479e+06	0.0127349
1.09489e+06	0.0108128
1.09499e+06	0.00909293
1.09509e+06	0.00757324
1.09519e+06	0.00624693
1.09529e+06	0.00510329
1.09539e+06	0.00412884
1.09549e+06	0.00330821
1.09559e+06	0.00262505
1.09569e+06	0.00206281
1.09579e+06	0.00160527
1.09589e+06	0.00123709
1.09599e+06	0.000944094
1.09609e+06	0.00071348
1.09619e+06	0.000533946
1.09629e+06	0.000395692
1.09639e+06	0.000290373
1.09649e+06	0.000211005
1.09659e+06	0.000151831
1.09669e+06	0.000108182
1.09679e+06	7.63262e-05
1.09689e+06	5.33229e-05
1.09699e+06	3.68868e-05
1.09709e+06	2.52663e-05
1.09719e+06	1.71366e-05
1.09729e+06	1.15084e-05
1.09739e+06	7.65265e-06
1.09749e+06	5.03862e-06
1.09759e+06	3.28482e-06
1.09769e+06	2.12036e-06
1.09779e+06	1.3552e-06
1.09789e+06	8.57612e-07
1.09799e+06	5.37366e-07
1.09809e+06	3.3338e-07
1.09819e+06	2.04784e-07
1.09829e+06	1.24549e-07
1.09839e+06	7.50014e-08
1.09849e+06	4.47179e-08
1.09859e+06	2.63982e-08
1.09869e+06	1.54294e-08
1.09879e+06	8.92899e-09
1.09889e+06	5.11604e-09
1.09899e+06	2.9023e-09
1.09909e+06	1.63014e-09
1.09919e+06	9.06533e-10
1.09929e+06	4.99132e-10
1.09939e+06	2.72095e-10
1.09949e+06	1.46858e-10
1.09959e+06	7.84773e-11
1.09969e+06	4.15204e-11
1.09979e+06	2.17495e-11
1.09989e+06	1.12799e-11
1.09999e+06	5.792e-12
1.10009e+06	2.94456e-12
1.10019e+06	1.4821e-12
1.10029e+06	7.38589e-13
1.10039e+06	3.64413e-13
1.10049e+06	1.78012e-13
1.10059e+06	8.60934e-14
1.10069e+06	4.12245e-14
1.10079e+06	1.95436e-14
1.10089e+06	9.17312e-15
1.10099e+06	4.26278e-15
1.10109e+06	1.96125e-15
1.10119e+06	8.93374e-16
1.10129e+06	4.029e-16
1.10139e+06	1.79896e-16
1.10149e+06	7.95262e-17
1.10159e+06	3.48064e-17
1.10169e+06	1.50823e-17
1.10179e+06	6.47052e-18
1.10189e+06	2.74834e-18
1.10199e+06	1.15575e-18
1.10209e+06	4.81188e-19
1.10219e+06	1.98348e-19
1.10229e+06	8.09468e-20
1.10239e+06	3.27063e-20
1.10249e+06	1.30835e-20
1.10259e+06	5.18173e-21
1.10269e+06	2.03182e-21
1.10279e+06	7.88779e-22
1.10289e+06	3.03168e-22
1.10299e+06	1.15364e-22
1.10309e+06	4.34629e-23
1.10319e+06	1.62115e-23
1.10329e+06	5.98671e-24
1.10339e+06	2.18882e-24
1.10349e+06	7.92304e-25
1.10359e+06	2.83943e-25
1.10369e+06	1.00746e-25
1.10379e+06	3.53904e-26
1.10389e+06	1.23083e-26
1.10399e+06	4.23811e-27
1.10409e+06	1.44478e-27
1.10419e+06	4.87631e-28
1.10429e+06	1.62944e-28
1.10439e+06	5.39066e-29
1.10449e+06	1.76565e-29
1.10459e+06	5.72564e-30
1.10469e+06	1.83824e-30
1.10479e+06	5.84302e-31
1.10489e+06	1.83878e-31
1.10499e+06	5.72903e-32
1.10509e+06	1.76721e-32
1.10519e+06	5.39704e-33
1.10529e+06	1.63184e-33
1.10539e+06	4.88495e-34
1.10549e+06	1.44777e-34
1.10559e+06	4.2481e-35
1.10569e+06	1.23409e-35
1.10579e+06	3.54943e-36
1.10589e+06	1.01071e-36
1.10599e+06	2.8494e-37
1.10609e+06	7.95309e-38
1.10619e+06	2.19774e-38
1.10629e+06	6.01276e-39
1.10639e+06	1.62865e-39
1.10649e+06	4.36758e-40
1.10659e+06	1.15961e-40
1.10669e+06	3.04816e-41
1.10679e+06	7.93271e-42
1.10689e+06	2.04392e-42
1.10699e+06	5.21389e-43
1.10709e+06	1.31679e-43
1.10719e+06	3.29254e-44
1.10729e+06	8.15082e-45
1.10739e+06	1.99769e-45
1.10749e+06	4.84745e-46
1.10759e+06	1.16454e-46
1.10769e+06	2.76984e-47
1.10779e+06	6.52244e-48
1.10789e+06	1.52063e-48
1.10799e+06	3.5099e-49
1.10809e+06	8.02088e-50
1.10819e+06	1.81471e-50
1.10829e+06	4.06489e-51
1.10839e+06	9.01462e-52
1.10849e+06	1.97926e-52
1.10859e+06	4.30246e-53
1.10869e+06	9.2595e-54
1.10879e+06	1.97295e-54
1.10889e+06	4.16198e-55
1.10899e+06	8.69244e-56
1.10909e+06	1.79738e-56
1.10919e+06	3.67957e-57
1.10929e+06	7.45778e-58
1.10939e+06	1.49651e-58
1.10949e+06	2.97309e-59
1.10959e+06	5.84779e-60
1.10969e+06	1.13876e-60
1.10979e+06	2.19549e-61
1.10989e+06	4.19071e-62
1.10999e+06	7.91955e-63
1.11009e+06	1.48173e-63
1.11019e+06	2.74471e-64
1.11029e+06	5.03363e-65
1.11039e+06	9.1395e-66
1.11049e+06	1.64294e-66
1.11059e+06	2.92399e-67
1.11069e+06	5.15214e-68
1.11079e+06	8.98788e-69
1.11089e+06	1.55233e-69
1.11099e+06	2.65441e-70
1.11109e+06	4.49374e-71
1.11119e+06	7.53192e-72
1.11129e+06	1.24986e-72
1.11139e+06	2.05339e-73
1.11149e+06	3.33996e-74
1.11159e+06	5.37857e-75
1.11169e+06	8.57532e-76
1.11179e+06	1.3536e-76
1.11189e+06	2.11538e-77
1.11199e+06	3.27297e-78
1.11209e+06	5.01364e-79
1.11219e+06	7.60364e-80
1.11229e+06	1.14169e-80
1.11239e+06	1.69719e-81
1.11249e+06	2.49786e-82
1.11259e+06	3.6397e-83
1.11269e+06	5.25072e-84
1.11279e+06	7.49946e-85
1.11289e+06	1.06047e-85
1.11299e+06	1.48464e-86
1.11309e+06	2.05781e-87
1.11319e+06	2.82386e-88
1.11329e+06	3.83654e-89
1.11339e+06	5.16051e-90
1.11349e+06	6.87231e-91
1.11359e+06	9.06087e-92
1.11369e+06	1.18275e-92
1.11379e+06	1.52854e-93
1.11389e+06	1.95575e-94
1.11399e+06	2.47747e-95
1.11409e+06	3.10715e-96
1.11419e+06	3.85808e-97
1.11429e+06	4.74283e-98
1.11439e+06	5.77247e-99
1.11449e+06	6.95572e-100
1.11459e+06	8.29813e-101
1.11469e+06	9.8011e-102
1.11479e+06	1.14611e-102
1.11489e+06	1.32689e-103
1.11499e+06	1.5209e-104
1.11509e+06	1.72594e-105
1.11519e+06	1.93912e-106
1.11529e+06	2.15696e-107
1.11539e+06	2.3754e-108
1.11549e+06	2.58993e-109
1.11559e+06	2.79574e-110
1.11569e+06	2.98787e-111
1.11579e+06	3.16143e-112
1.11589e+06	3.3118e-113
1.11599e+06	3.43479e-114
1.11609e+06	3.5269e-115
1.11619e+06	3.58546e-116
1.11629e+06	3.60871e-117
1.11639e+06	3.59598e-118
1.11649e+06	3.54763e-119
1.11659e+06	3.46512e-120
1.11669e+06	3.35084e-121
1.11679e+06	3.20809e-122
1.11689e+06	3.04086e-123
1.11699e+06	2.85367e-124
1.11709e+06	2.65136e-125
1.11719e+06	2.43887e-126
1.11729e+06	2.2211e-127
1.11739e+06	2.00264e-128
1.11749e+06	1.7877e-129
1.11759e+06	1.57996e-130
1.11769e+06	1.38246e-131
1.11779e+06	1.19761e-132
1.11789e+06	1.02715e-133
1.11799e+06	8.72195e-135
1.11809e+06	7.33243e-136
1.11819e+06	6.10295e-137
1.11829e+06	5.02908e-138
1.11839e+06	4.10294e-139
1.11849e+06	3.31404e-140
1.11859e+06	2.65019e-141
1.11869e+06	2.09824e-142
1.11879e+06	1.64471e-143
1.11889e+06	1.27638e-144
1.11899e+06	9.80682e-146
1.11909e+06	7.45991e-147
1.11919e+06	5.61818e-148
1.11929e+06	4.18905e-149
1.11939e+06	3.09237e-150
1.11949e+06	2.26009e-151
1.11959e+06	1.63537e-152
1.11969e+06	1.17156e-153
1.11979e+06	8.30937e-155
1.11989e+06	5.83485e-156
1.11999e+06	4.05648e-157
1.12009e+06	2.79206e-158
1.12019e+06	1.90264e-159
1.12029e+06	1.28365e-160
1.12039e+06	8.57422e-162
1.12049e+06	5.6702e-163
1.12059e+06	3.71244e-164
1.12069e+06	2.40646e-165
1.12079e+06	1.54438e-166
1.12089e+06	9.81263e-168
1.12099e+06	6.1727e-169
1.12109e+06	3.84434e-170
1.12119e+06	2.37042e-171
1.12129e+06	1.44706e-172
1.12139e+06	8.74587e-174
1.12149e+06	5.23332e-175
1.12159e+06	3.10034e-176
1.12169e+06	1.81844e-177
1.12179e+06	1.05595e-178
1.12189e+06	6.07081e-180
1.12199e+06	3.45546e-181
1.12209e+06	1.94726e-182
1.12219e+06	1.08642e-183
1.12229e+06	6.00107e-185
1.12239e+06	3.28183e-186
1.12249e+06	1.7769e-187
1.12259e+06	9.52498e-189
1.12269e+06	5.05503e-190
1.12279e+06	2.65607e-191
1.12289e+06	1.3817e-192
1.12299e+06	7.11612e-194
1.12309e+06	3.62853e-195
1.12319e+06	1.83179e-196
1.12329e+06	9.1554e-198
1.12339e+06	4.53039e-199
1.12349e+06	2.21948e-200
1.12359e+06	1.07653e-201
1.12369e+06	5.16957e-203
1.12379e+06	2.45777e-204
1.12389e+06	1.15687e-205
1.12399e+06	5.39121e-207
1.12409e+06	2.48739e-208
1.12419e+06	1.13621e-209
1.12429e+06	5.13844e-211
1.12439e+06	2.3007e-212
1.12449e+06	1.01988e-213
1.12459e+06	4.476e-215
1.12469e+06	1.94487e-216
1.12479e+06	8.36658e-218
1.12489e+06	3.56338e-219
1.12499e+06	1.50257e-220
1.12509e+06	6.27282e-222
1.12519e+06	2.59268e-223
1.12529e+06	1.06094e-224
1.12539e+06	4.29824e-226
1.12549e+06	1.72404e-227
1.12559e+06	6.84639e-229
1.12569e+06	2.69174e-230
1.12579e+06	1.04776e-231
1.12589e+06	4.03781e-233
1.12599e+06	1.54059e-234
1.12609e+06	5.81952e-236
1.12619e+06	2.17642e-237
1.12629e+06	8.05854e-239
1.12639e+06	2.95411e-240
1.12649e+06	1.07215e-241
1.12659e+06	3.85246e-243
1.12669e+06	1.3705e-244
1.12679e+06	4.82702e-246
1.12689e+06	1.68319e-247
1.12699e+06	5.81095e-249
1.12709e+06	1.98617e-250
1.12719e+06	6.72115e-252
1.12729e+06	2.25179e-253
1.12739e+06	7.4691e-255
1.12749e+06	2.45282e-256
1.12759e+06	7.97483e-258
1.12769e+06	2.56704e-259
1.12779e+06	8.18092e-261
1.12789e+06	2.58124e-262
1.12799e+06	8.06328e-264
1.12809e+06	2.49374e-265
1.12819e+06	7.63571e-267
1.12829e+06	2.31475e-268
1.12839e+06	6.94728e-270
1.12849e+06	2.06435e-271
1.12859e+06	6.07308e-273
1.12869e+06	1.76885e-274
1.12879e+06	5.10072e-276
1.12889e+06	1.45622e-277
1.12899e+06	4.11606e-279
1.12909e+06	1.15184e-280
1.12919e+06	3.19125e-282
1.12929e+06	8.75358e-284
1.12939e+06	2.37721e-285
1.12949e+06	6.39156e-287
1.12959e+06	1.70139e-288
1.12969e+06	4.4839e-290
1.12979e+06	1.16995e-291
1.12989e+06	3.02227e-293
1.12999e+06	7.72961e-295
1.13009e+06	1.95722e-296
1.13019e+06	4.90656e-298
1.13029e+06	1.21779e-299
1.13039e+06	2.99244e-301
1.13049e+06	7.28006e-303
1.13059e+06	1.75348e-304
1.13069e+06	4.18144e-306
1.13079e+06	9.87202e-308
1.13089e+06	2.30751e-309
1.13099e+06	5.33997e-311
1.13109e+06	1.22346e-312
1.13119e+06	2.77523e-314
1.13129e+06	6.23255e-316
1.13139e+06	1.38576e-317
1.13149e+06	3.05051e-319
1.13159e+06	6.65012e-321
1.13169e+06	1.43279e-322
1.13179e+06	4.94066e-324
1.13189e+06	0
1.13199e+06	0
1.13209e+06	0
1.13219e+06	0
1.13229e+06	0
1.13239e+06	0
1.13249e+06	0
1.13259e+06	0
1.13269e+06	0
1.13279e+06	0
1.13289e+06	0
1.13299e+06	0
1.13309e+06	0
1.13319e+06	0
1.13329e+06	0
1.13339e+06	0
1.13349e+06	0
1.13359e+06	0
1.13369e+06	0
1.13379e+06	0
1.13389e+06	0
1.13399e+06	0
1.13409e+06	0
1.13419e+06	0
1.13429e+06	0
1.13439e+06	0
1.13449e+06	0
1.13459e+06	0
1.13469e+06	0
1.13479e+06	0
1.13489e+06	0
1.13499e+06	0
1.13509e+06	0
1.13519e+06	0
1.13529e+06	0
1.13539e+06	0
1.13549e+06	0
1.13559e+06	0
1.13569e+06	0
1.13579e+06	0
1.13589e+06	0
1.13599e+06	0
1.13609e+06	0
1.13619e+06	0
1.13629e+06	0
1.13639e+06	0
1.13649e+06	0
1.13659e+06	0
1.13669e+06	0
1.13679e+06	0
1.13689e+06	0
1.13699e+06	0
1.13709e+06	0
1.13719e+06	0
1.13729e+06	0
1.13739e+06	0
1.13749e+06	0
1.13759e+06	0
1.13769e+06	0
1.13779e+06	0
1.13789e+06	0
1.13799e+06	0
1.13809e+06	0
1.13819e+06	0
1.13829e+06	0
1.13839e+06	0
1.13849e+06	0
1.13859e+06	0
1.13869e+06	0
1.13879e+06	0
1.13889e+06	0
1.13899e+06	0
1.13909e+06	0
1.13919e+06	0
1.13929e+06	0
1.13939e+06	0
1.13949e+06	0
1.13959e+06	0
1.13969e+06	0
1.13979e+06	0
1.13989e+06	0
1.13999e+06	0
1.14009e+06	0
1.14019e+06	0
1.14029e+06	0
1.14039e+06	0
1.14049e+06	0
1.14059e+06	0
1.14069e+06	0
1.14079e+06	0
1.14089e+06	0
1.14099e+06	0
1.14109e+06	0
1.14119e+06	0
1.14129e+06	0
1.14139e+06	0
1.14149e+06	0
1.14159e+06	0
1.14169e+06	0
1.14179e+06	0
1.14189e+06	0
1.14199e+06	0
1.14209e+06	0
1.14219e+06	0
1.14229e+06	0
1.14239e+06	0
1.14249e+06	0
1.14259e+06	0
1.14269e+06	0
1.14279e+06	0
1.14289e+06	0
1.14299e+06	0
1.14309e+06	0
1.14319e+06	0
1.14329e+06	0
1.14339e+06	0
1.14349e+06	0
1.14359e+06	0
1.14369e+06	0
1.14379e+06	0
1.14389e+06	0
1.14399e+06	0
1.14409e+06	0
1.14419e+06	0
1.14429e+06	0
1.14439e+06	0
1.14449e+06	0
1.14459e+06	0
1.14469e+06	0
1.14479e+06	0
1.14489e+06	0
1.14499e+06	0
1.14509e+06	0
1.14519e+06	0
1.14529e+06	0
1.14539e+06	0
1.14549e+06	0
1.14559e+06	0
1.14569e+06	0
1.14579e+06	0
1.14589e+06	0
1.14599e+06	0
1.14609e+06	0
1.14619e+06	0
1.14629e+06	0
1.14639e+06	0
1.14649e+06	0
1.14659e+06	0
1.14669e+06	0
1.14679e+06	0
1.14689e+06	0
1.14699e+06	0
1.14709e+06	0
1.14719e+06	0
1.14729e+06	0
1.14739e+06	0
1.14749e+06	0
1.14759e+06	0
1.14769e+06	0
1.14779e+06	0
1.14789e+06	0
1.14799e+06	0
1.14809e+06	0
1.14819e+06	0
1.14829e+06	0
1.14839e+06	0
1.14849e+06	0
1.14859e+06	0
1.14869e+06	0
1.14879e+06	0
1.14889e+06	0
1.14899e+06	0
1.14909e+06	0
1.14919e+06	0
1.14929e+06	0
1.14939e+06	0
1.14949e+06	0
1.14959e+06	0
1.14969e+06	0
1.14979e+06	0
1.14989e+06	0
1.14999e+06	0
1.15009e+06	0
1.15019e+06	0
1.15029e+06	0
1.15039e+06	0
1.15049e+06	0
1.15059e+06	0
1.15069e+06	0
1.15079e+06	0
1.15089e+06	0
1.15099e+06	0
1.15109e+06	0
1.15119e+06	0
1.15129e+06	0
1.15139e+06	0
1.15149e+06	0
1.15159e+06	0
1.15169e+06	0
1.15179e+06	0
1.15189e+06	0
1.15199e+06	0
1.15209e+06	0
1.15219e+06	0
1.15229e+06	0
1.15239e+06	0
1.15249e+06	0
1.15259e+06	0
1.15269e+06	0
1.15279e+06	0
1.15289e+06	0
1.15299e+06	0
1.15309e+06	0
1.15319e+06	0
1.15329e+06	0
1.15339e+06	0
1.15349e+06	0
1.15359e+06	0
1.15369e+06	0
1.15379e+06	0
1.15389e+06	0
1.15399e+06	0
1.15409e+06	0
1.15419e+06	0
1.15429e+06	0
1.15439e+06	0
1.15449e+06	0
1.15459e+06	0
1.15469e+06	0
1.15479e+06	0
1.15489e+06	0
1.15499e+06	0
1.15509e+06	0
1.15519e+06	0
1.15529e+06	0
1.15539e+06	0
1.15549e+06	0
1.15559e+06	0
1.15569e+06	0
1.15579e+06	0
1.15589e+06	0
1.15599e+06	0
1.15609e+06	0
1.15619e+06	0
1.15629e+06	0
1.15639e+06	0
1.15649e+06	0
1.15659e+06	0
1.15669e+06	0
1.15679e+06	0
1.15689e+06	0
1.15699e+06	0
1.15709e+06	0
1.15719e+06	0
1.15729e+06	0
1.15739e+06	0
1.15749e+06	0
1.15759e+06	0
1.15769e+06	0
1.15779e+06	0
1.15789e+06	0
1.15799e+06	0
1.15809e+06	0
1.15819e+06	0
1.15829e+06	0
1.15839e+06	0
1.15849e+06	0
1.15859e+06	0
1.15869e+06	0
1.15879e+06	0
1.15889e+06	0
1.15899e+06	0
1.15909e+06	0
1.15919e+06	0
1.15929e+06	0
1.15939e+06	0
1.15949e+06	0
1.15959e+06	0
1.15969e+06	0
1.15979e+06	0
1.15989e+06	0
1.15999e+06	0
1.16009e+06	0
1.16019e+06	0
1.16029e+06	0
1.16039e+06	0
1.16049e+06	0
1.16059e+06	0
1.16069e+06	0
1.16079e+06	0
1.16089e+06	0
1.16099e+06	0
1.16109e+06	0
1.16119e+06	0
1.16129e+06	0
1.16139e+06	0
1.16149e+06	0
1.16159e+06	0
1.16169e+06	0
1.16179e+06	0
1.16189e+06	0
1.16199e+06	0
1.16209e+06	0
1.16219e+06	0
1.16229e+06	0
1.16239e+06	0
1.16249e+06	0
1.16259e+06	0
1.16269e+06	0
1.16279e+06	0
1.16289e+06	0
1.16299e+06	0
1.16309e+06	0
1.16319e+06	0
1.16329e+06	0
1.16339e+06	0
1.16349e+06	0
1.16359e+06	0
1.16369e+06	0
1.16379e+06	0
1.16389e+06	0
1.16399e+06	0
1.16409e+06	0
1.16419e+06	0
1.16429e+06	0
1.16439e+06	0
1.16449e+06	0
1.16459e+06	0
1.16469e+06	0
1.16479e+06	0
1.16489e+06	0
1.16499e+06	0
1.16509e+06	0
1.16519e+06	0
1.16529e+06	0
1.16539e+06	0
1.16549e+06	0
1.16559e+06	0
1.16569e+06	0
1.16579e+06	0
1.16589e+06	0
1.16599e+06	0
1.16609e+06	0
1.16619e+06	0
1.16629e+06	0
1.16639e+06	0
1.16649e+06	0
1.16659e+06	0
1.16669e+06	0
1.16679e+06	0
1.16689e+06	0
1.16699e+06	0
1.16709e+06	0
1.16719e+06	0
1.16729e+06	0
1.16739e+06	0
1.16749e+06	0
1.16759e+06	0
1.16769e+06	0
1.16779e+06	0
1.16789e+06	0
1.16799e+06	0
1.16809e+06	0
1.16819e+06	0
1.16829e+06	0
1.16839e+06	0
1.16849e+06	0
1.16859e+06	0
1.16869e+06	0
1.16879e+06	0
1.16889e+06	0
1.16899e+06	0
1.16909e+06	0
1.16919e+06	0
1.16929e+06	0
1.16939e+06	0
1.16949e+06	0
1.16959e+06	0
1.16969e+06	0
1.16979e+06	0
1.16989e+06	0
1.16999e+06	0
1.17009e+06	0
1.17019e+06	0
1.17029e+06	0
1.17039e+06	0
1.17049e+06	0
1.17059e+06	0
1.17069e+06	0
1.17079e+06	0
1.17089e+06	0
1.17099e+06	0
1.17109e+06	0
1.17119e+06	0
1.17129e+06	0
1.17139e+06	0
1.17149e+06	0
1.17159e+06	0
1.17169e+06	0
1.17179e+06	0
1.17189e+06	0
1.17199e+06	0
1.17209e+06	0
1.17219e+06	0
1.17229e+06	0
1.17239e+06	0
1.17249e+06	0
1.17259e+06	0
1.17269e+06	0
1.17279e+06	0
1.17289e+06	0
1.17299e+06	0
1.17309e+06	0
1.17319e+06	0
1.17329e+06	0
1.17339e+06	0
1.17349e+06	0
1.17359e+06	0
1.17369e+06	0
1.17379e+06	0
1.17389e+06	0
1.17399e+06	0
1.17409e+06	0
1.17419e+06	0
1.17429e+06	0
1.17439e+06	0
1.17449e+06	0
1.17459e+06	0
1.17469e+06	0
1.17479e+06	0
1.17489e+06	0
1.17499e+06	0
1.17509e+06	0
1.17519e+06	0
1.17529e+06	0
1.17539e+06	0
1.17549e+06	0
1.17559e+06	0
1.17569e+06	0
1.17579e+06	0
1.17589e+06	0
1.17599e+06	0
1.17609e+06	0
1.17619e+06	0
1.17629e+06	0
1.17639e+06	0
1.17649e+06	0
1.17659e+06	0
1.17669e+06	0
1.17679e+06	0
1.17689e+06	0
1.17699e+06	0
1.17709e+06	0
1.17719e+06	0
1.17729e+06	0
1.17739e+06	0
1.17749e+06	0
1.17759e+06	0
1.17769e+06	0
1.17779e+06	0
1.17789e+06	0
1.17799e+06	0
1.17809e+06	0
1.17819e+06	0
1.17829e+06	0
1.17839e+06	0
1.17849e+06	0
1.17859e+06	0
1.17869e+06	0
1.17879e+06	0
1.17889e+06	0
1.17899e+06	0
1.17909e+06	0
1.17919e+06	0
1.17929e+06	0
1.17939e+06	0
1.17949e+06	0
1.17959e+06	0
1.17969e+06	0
1.17979e+06	0
1.17989e+06	0
1.17999e+06	0
1.18009e+06	0
1.18019e+06	0
1.18029e+06	0
1.18039e+06	0
1.18049e+06	0
1.18059e+06	0
1.18069e+06	0
1.18079e+06	0
1.18089e+06	0
1.18099e+06	0
1.18109e+06	0
1.18119e+06	0
1.18129e+06	0
1.18139e+06	0
1.18149e+06	0
1.18159e+06	0
1.18169e+06	0
1.18179e+06	0
1.18189e+06	0
1.18199e+06	0
1.18209e+06	0
1.18219e+06	0
1.18229e+06	0
1.18239e+06	0
1.18249e+06	0
1.18259e+06	0
1.18269e+06	0
1.18279e+06	0
1.18289e+06	0
1.18299e+06	0
1.18309e+06	0
1.18319e+06	0
1.18329e+06	0
1.18339e+06	0
1.18349e+06	0
1.18359e+06	0
1.18369e+06	0
1.18379e+06	0
1.18389e+06	0
1.18399e+06	0
1.18409e+06	0
1.18419e+06	0
1.18429e+06	0
1.18439e+06	0
1.18449e+06	0
1.18459e+06	0
1.18469e+06	0
1.18479e+06	0
1.18489e+06	0
1.18499e+06	0
1.18509e+06	0
1.18519e+06	0
1.18529e+06	0
1.18539e+06	0
1.18549e+06	0
1.18559e+06	0
1.18569e+06	0
1.18579e+06	0
1.18589e+06	0
1.18599e+06	0
1.18609e+06	0
1.18619e+06	0
1.18629e+06	0
1.18639e+06	0
1.18649e+06	0
1.18659e+06	0
1.18669e+06	0
1.18679e+06	0
1.18689e+06	0
1.18699e+06	0
1.18709e+06	0
1.18719e+06	0
1.18729e+06	0
1.18739e+06	0
1.18749e+06	0
1.18759e+06	0
1.18769e+06	0
1.18779e+06	0
1.18789e+06	0
1.18799e+06	0
1.18809e+06	0
1.18819e+06	0
1.18829e+06	0
1.18839e+06	0
1.18849e+06	0
1.18859e+06	0
1.18869e+06	0
1.18879e+06	0
1.18889e+06	0
1.18899e+06	0
1.18909e+06	0
1.18919e+06	0
1.18929e+06	0
1.18939e+06	0
1.18949e+06	0
1.18959e+06	0
1.18969e+06	0
1.18979e+06	0
1.18989e+06	0
1.18999e+06	0
1.19009e+06	0
1.19019e+06	0
1.19029e+06	0
1.19039e+06	0
1.19049e+06	0
1.19059e+06	0
1.19069e+06	0
1.19079e+06	0
1.19089e+06	0
1.19099e+06	0
1.19109e+06	0
1.19119e+06	0
1.19129e+06	0
1.19139e+06	0
1.19149e+06	0
1.19159e+06	0
1.19169e+06	0
1.19179e+06	0
1.19189e+06	0
1.19199e+06	0
1.19209e+06	0
1.19219e+06	0
1.19229e+06	0
1.19239e+06	0
1.19249e+06	0
1.19259e+06	0
1.19269e+06	0
1.19279e+06	0
1.19289e+06	0
1.19299e+06	0
1.19309e+06	0
1.19319e+06	0
1.19329e+06	0
1.19339e+06	0
1.19349e+06	0
1.19359e+06	0
1.19369e+06	0
1.19379e+06	0
1.19389e+06	0
1.19399e+06	0
1.19409e+06	0
1.19419e+06	0
1.19429e+06	0
1.19439e+06	0
1.19449e+06	0
1.19459e+06	0
1.19469e+06	0
1.19479e+06	0
1.19489e+06	0
1.19499e+06	0
1.19509e+06	0
1.19519e+06	0
1.19529e+06	0
1.19539e+06	0
1.19549e+06	0
1.19559e+06	0
1.19569e+06	0
1.19579e+06	0
1.19589e+06	0
1.19599e+06	0
1.19609e+06	0
1.19619e+06	0
1.19629e+06	0
1.19639e+06	0
1.19649e+06	0
1.19659e+06	0
1.19669e+06	0
1.19679e+06	0
1.19689e+06	0
1.19699e+06	0
1.19709e+06	0
1.19719e+06	0
1.19729e+06	0
1.19739e+06	0
1.19749e+06	0
1.19759e+06	0
1.19769e+06	0
1.19779e+06	0
1.19789e+06	0
1.19799e+06	0
1.19809e+06	0
1.19819e+06	0
1.19829e+06	0
1.19839e+06	0
1.19849e+06	0
1.19859e+06	0
1.19869e+06	0
1.19879e+06	0
1.19889e+06	0
1.19899e+06	0
1.19909e+06	0
1.19919e+06	0
1.19929e+06	0
1.19939e+06	0
1.19949e+06	0
1.19959e+06	0
1.19969e+06	0
1.19979e+06	0
1.19989e+06	0
1.19999e+06	0
1.20009e+06	0
1.20019e+06	0
1.20029e+06	0
1.20039e+06	0
1.20049e+06	0
1.20059e+06	0
1.20069e+06	0
1.20079e+06	0
1.20089e+06	0
1.20099e+06	0
1.20109e+06	0
1.20119e+06	0
1.20129e+06	0
1.20139e+06	0
1.20149e+06	0
1.20159e+06	0
1.20169e+06	0
1.20179e+06	0
1.20189e+06	0
1.20199e+06	0
1.20209e+06	0
1.20219e+06	0
1.20229e+06	0
1.20239e+06	0
1.20249e+06	0
1.20259e+06	0
1.20269e+06	0
1.20279e+06	0
1.20289e+06	0
1.20299e+06	0
1.20309e+06	0
1.20319e+06	0
1.20329e+06	0
1.20339e+06	0
1.20349e+06	0
1.20359e+06	0
1.20369e+06	0
1.20379e+06	0
1.20389e+06	0
1.20399e+06	0
1.20409e+06	0
1.20419e+06	0
1.20429e+06	0
1.20439e+06	0
1.20449e+06	0
1.20459e+06	0
1.20469e+06	0
1.20479e+06	0
1.20489e+06	0
1.20499e+06	0
1.20509e+06	0
1.20519e+06	0
1.20529e+06	0
1.20539e+06	0
1.20549e+06	0
1.20559e+06	0
1.20569e+06	0
1.20579e+06	0
1.20589e+06	0
1.20599e+06	0
1.20609e+06	0
1.20619e+06	0
1.20629e+06	0
1.20639e+06	0
1.20649e+06	0
1.20659e+06	0
1.20669e+06	0
1.20679e+06	0
1.20689e+06	0
1.20699e+06	0
1.20709e+06	0
1.20719e+06	0
1.20729e+06	0
1.20739e+06	0
1.20749e+06	0
1.20759e+06	0
1.20769e+06	0
1.20779e+06	0
1.20789e+06	0
1.20799e+06	0
1.20809e+06	0
1.20819e+06	0
1.20829e+06	0
1.20839e+06	0
1.20849e+06	0
1.20859e+06	0
1.20869e+06	0
1.20879e+06	0
1.20889e+06	0
1.20899e+06	0
1.20909e+06	0
1.20919e+06	0
1.20929e+06	0
1.20939e+06	0
1.20949e+06	0
1.20959e+06	0
1.20969e+06	0
1.20979e+06	0
1.20989e+06	0
1.20999e+06	0
1.21009e+06	0
1.21019e+06	0
1.21029e+06	0
1.21039e+06	0
1.21049e+06	0
1.21059e+06	0
1.21069e+06	0
1.21079e+06	0
1.21089e+06	0
1.21099e+06	0
1.21109e+06	0
1.21119e+06	0
1.21129e+06	0
1.21139e+06	0
1.21149e+06	0
1.21159e+06	0
1.21169e+06	0
1.21179e+06	0
1.21189e+06	0
1.21199e+06	0
1.21209e+06	0
1.21219e+06	0
1.21229e+06	0
1.21239e+06	0
1.21249e+06	0
1.21259e+06	0
1.21269e+06	0
1.21279e+06	0
1.21289e+06	0
1.21299e+06	0
1.21309e+06	0
1.21319e+06	0
1.21329e+06	0
1.21339e+06	0
1.21349e+06	0
1.21359e+06	0
1.21369e+06	0
1.21379e+06	0
1.21389e+06	0
1.21399e+06	0
1.21409e+06	0
1.21419e+06	0
1.21429e+06	0
1.21439e+06	0
1.21449e+06	0
1.21459e+06	0
1.21469e+06	0
1.21479e+06	0
1.21489e+06	0
1.21499e+06	0
1.21509e+06	0
1.21519e+06	0
1.21529e+06	0
1.21539e+06	0
1.21549e+06	0
1.21559e+06	0
1.21569e+06	0
1.21579e+06	0
1.21589e+06	0
1.21599e+06	0
1.21609e+06	0
1.21619e+06	0
1.21629e+06	0
1.21639e+06	0
1.21649e+06	0
1.21659e+06	0
1.21669e+06	0
1.21679e+06	0
1.21689e+06	0
1.21699e+06	0
1.21709e+06	0
1.21719e+06	0
1.21729e+06	0
1.21739e+06	0
1.21749e+06	0
1.21759e+06	0
1.21769e+06	0
1.21779e+06	0
1.21789e+06	0
1.21799e+06	0
1.21809e+06	0
1.21819e+06	0
1.21829e+06	0
1.21839e+06	0
1.21849e+06	0
1.21859e+06	0
1.21869e+06	0
1.21879e+06	0
1.21889e+06	0
1.21899e+06	0
1.21909e+06	0
1.21919e+06	0
1.21929e+06	0
1.21939e+06	0
1.21949e+06	0
1.21959e+06	0
1.21969e+06	0
1.21979e+06	0
1.21989e+06	0
1.21999e+06	0
1.22009e+06	0
1.22019e+06	0
1.22029e+06	0
1.22039e+06	0
1.22049e+06	0
1.22059e+06	0
1.22069e+06	0
1.22079e+06	0
1.22089e+06	0
1.22099e+06	0
1.22109e+06	0
1.22119e+06	0
1.22129e+06	0
1.22139e+06	0
1.22149e+06	0
1.22159e+06	0
1.22169e+06	0
1.22179e+06	0
1.22189e+06	0
1.22199e+06	0
1.22209e+06	0
1.22219e+06	0
1.22229e+06	0
1.22239e+06	0
1.22249e+06	0
1.22259e+06	0
1.22269e+06	0
1.22279e+06	0
1.22289e+06	0
1.22299e+06	0
1.22309e+06	0
1.22319e+06	0
1.22329e+06	0
1.22339e+06	0
1.22349e+06	0
1.22359e+06	0
1.22369e+06	0
1.22379e+06	0
1.22389e+06	0
1.22399e+06	0
1.22409e+06	0
1.22419e+06	0
1.22429e+06	0
1.22439e+06	0
1.22449e+06	0
1.22459e+06	0
1.22469e+06	0
1.22479e+06	0
1.22489e+06	0
1.22499e+06	0
1.22509e+06	0
1.22519e+06	0
1.22529e+06	0
1.22539e+06	0
1.22549e+06	0
1.22559e+06	0
1.22569e+06	0
1.22579e+06	0
1.22589e+06	0
1.22599e+06	0
1.22609e+06	0
1.22619e+06	0
1.22629e+06	0
1.22639e+06	0
1.22649e+06	0
1.22659e+06	0
1.22669e+06	0
1.22679e+06	0
1.22689e+06	0
1.22699e+06	0
1.22709e+06	0
1.22719e+06	0
1.22729e+06	0
1.22739e+06	0
1.22749e+06	0
1.22759e+06	0
1.22769e+06	0
1.22779e+06	0
1.22789e+06	0
1.22799e+06	0
1.22809e+06	0
1.22819e+06	0
1.22829e+06	0
1.22839e+06	0
1.22849e+06	0
1.22859e+06	0
1.22869e+06	0
1.22879e+06	0
1.22889e+06	0
1.22899e+06	0
1.22909e+06	0
1.22919e+06	0
1.22929e+06	0
1.22939e+06	0
1.22949e+06	0
1.22959e+06	0
1.22969e+06	0
1.22979e+06	0
1.22989e+06	0
1.22999e+06	0
1.23009e+06	0
1.23019e+06	0
1.23029e+06	0
1.23039e+06	0
1.23049e+06	0
1.23059e+06	0
1.23069e+06	0
1.23079e+06	0
1.23089e+06	0
1.23099e+06	0
1.23109e+06	0
1.23119e+06	0
1.23129e+06	0
1.23139e+06	0
1.23149e+06	0
1.23159e+06	0
1.23169e+06	0
1.23179e+06	0
1.23189e+06	0
1.23199e+06	0
1.23209e+06	0
1.23219e+06	0
1.23229e+06	0
1.23239e+06	0
1.23249e+06	0
1.23259e+06	0
1.23269e+06	0
1.23279e+06	0
1.23289e+06	0
1.23299e+06	0
1.23309e+06	0
1.23319e+06	0
1.23329e+06	0
1.23339e+06	0
1.23349e+06	0
1.23359e+06	0
1.23369e+06	0
1.23379e+06	0
1.23389e+06	0
1.23399e+06	0
1.23409e+06	0
1.23419e+06	0
1.23429e+06	0
1.23439e+06	0
1.23449e+06	0
1.23459e+06	0
1.23469e+06	0
1.23479e+06	0
1.23489e+06	0
1.23499e+06	0
1.23509e+06	0
1.23519e+06	0
1.23529e+06	0
1.23539e+06	0
1.23549e+06	0
1.23559e+06	0
1.23569e+06	0
1.23579e+06	0
1.23589e+06	0
1.23599e+06	0
1.23609e+06	0
1.23619e+06	0
1.23629e+06	0
1.23639e+06	0
1.23649e+06	0
1.23659e+06	0
1.23669e+06	0
1.23679e+06	0
1.23689e+06	0
1.23699e+06	0
1.23709e+06	0
1.23719e+06	0
1.23729e+06	0
1.23739e+06	4.94066e-323
1.23749e+06	2.21835e-321
1.23759e+06	1.01862e-319
1.23769e+06	4.63459e-318
1.23779e+06	2.08774e-316
1.23789e+06	9.31107e-315
1.23799e+06	4.1113e-313
1.23809e+06	1.79728e-311
1.23819e+06	7.77876e-310
1.23829e+06	3.3332e-308
1.23839e+06	1.41407e-306
1.23849e+06	5.93931e-305
1.23859e+06	2.46979e-303
1.23869e+06	1.01681e-301
1.23879e+06	4.14455e-300
1.23889e+06	1.67252e-298
1.23899e+06	6.68226e-297
1.23909e+06	2.64322e-295
1.23919e+06	1.03514e-293
1.23929e+06	4.01349e-292
1.23939e+06	1.54065e-290
1.23949e+06	5.85519e-289
1.23959e+06	2.20311e-287
1.23969e+06	8.20708e-286
1.23979e+06	3.0269e-284
1.23989e+06	1.10526e-282
1.23999e+06	3.99567e-281
1.24009e+06	1.43011e-279
1.24019e+06	5.06768e-278
1.24029e+06	1.77789e-276
1.24039e+06	6.17529e-275
1.24049e+06	2.12358e-273
1.24059e+06	7.22994e-272
1.24069e+06	2.43702e-270
1.24079e+06	8.13282e-269
1.24089e+06	2.68708e-267
1.24099e+06	8.78975e-266
1.24109e+06	2.84662e-264
1.24119e+06	9.12726e-263
1.24129e+06	2.8974e-261
1.24139e+06	9.10612e-260
1.24149e+06	2.83345e-258
1.24159e+06	8.72881e-257
1.24169e+06	2.66227e-255
1.24179e+06	8.03906e-254
1.24189e+06	2.40335e-252
1.24199e+06	7.11353e-251
1.24209e+06	2.08454e-249
1.24219e+06	6.04774e-248
1.24229e+06	1.73713e-246
1.24239e+06	4.94004e-245
1.24249e+06	1.39086e-243
1.24259e+06	3.877e-242
1.24269e+06	1.06995e-240
1.24279e+06	2.92342e-239
1.24289e+06	7.90814e-238
1.24299e+06	2.11795e-236
1.24309e+06	5.61581e-235
1.24319e+06	1.47424e-233
1.24329e+06	3.83159e-232
1.24339e+06	9.85936e-231
1.24349e+06	2.51174e-229
1.24359e+06	6.33518e-228
1.24369e+06	1.58198e-226
1.24379e+06	3.91109e-225
1.24389e+06	9.57312e-224
1.24399e+06	2.31988e-222
1.24409e+06	5.5659e-221
1.24419e+06	1.32209e-219
1.24429e+06	3.10919e-218
1.24439e+06	7.23916e-217
1.24449e+06	1.66873e-215
1.24459e+06	3.8084e-214
1.24469e+06	8.6051e-213
1.24479e+06	1.92498e-211
1.24489e+06	4.26338e-210
1.24499e+06	9.34842e-209
1.24509e+06	2.02946e-207
1.24519e+06	4.36194e-206
1.24529e+06	9.28187e-205
1.24539e+06	1.95546e-203
1.24549e+06	4.07868e-202
1.24559e+06	8.42263e-201
1.24569e+06	1.722e-199
1.24579e+06	3.48558e-198
1.24589e+06	6.98514e-197
1.24599e+06	1.3859e-195
1.24609e+06	2.72236e-194
1.24619e+06	5.29441e-193
1.24629e+06	1.0194e-191
1.24639e+06	1.94326e-190
1.24649e+06	3.66753e-189
1.24659e+06	6.8529e-188
1.24669e+06	1.26774e-186
1.24679e+06	2.32191e-185
1.24689e+06	4.21035e-184
1.24699e+06	7.55869e-183
1.24709e+06	1.34349e-181
1.24719e+06	2.36416e-180
1.24729e+06	4.11886e-179
1.24739e+06	7.10452e-178
1.24749e+06	1.21325e-176
1.24759e+06	2.05127e-175
1.24769e+06	3.43361e-174
1.24779e+06	5.69034e-173
1.24789e+06	9.33645e-172
1.24799e+06	1.51664e-170
1.24809e+06	2.43916e-169
1.24819e+06	3.8838e-168
1.24829e+06	6.12251e-167
1.24839e+06	9.55562e-166
1.24849e+06	1.47654e-164
1.24859e+06	2.25887e-163
1.24869e+06	3.42131e-162
1.24879e+06	5.13039e-161
1.24889e+06	7.6167e-160
1.24899e+06	1.11954e-158
1.24909e+06	1.62918e-157
1.24919e+06	2.34724e-156
1.24929e+06	3.34813e-155
1.24939e+06	4.7283e-154
1.24949e+06	6.61095e-153
1.24959e+06	9.15125e-152
1.24969e+06	1.25416e-150
1.24979e+06	1.70171e-149
1.24989e+06	2.28598e-148
1.24999e+06	3.04031e-147
1.25009e+06	4.00332e-146
1.25019e+06	5.21892e-145
1.25029e+06	6.73592e-144
1.25039e+06	8.60739e-143
1.25049e+06	1.08894e-141
1.25059e+06	1.36393e-140
1.25069e+06	1.69136e-139
1.25079e+06	2.07654e-138
1.25089e+06	2.52406e-137
1.25099e+06	3.03751e-136
1.25109e+06	3.61903e-135
1.25119e+06	4.26898e-134
1.25129e+06	4.98555e-133
1.25139e+06	5.76446e-132
1.25149e+06	6.59876e-131
1.25159e+06	7.47865e-130
1.25169e+06	8.39152e-129
1.25179e+06	9.32215e-128
1.25189e+06	1.02529e-126
1.25199e+06	1.11645e-125
1.25209e+06	1.20361e-124
1.25219e+06	1.28466e-123
1.25229e+06	1.35753e-122
1.25239e+06	1.42026e-121
1.25249e+06	1.4711e-120
1.25259e+06	1.50861e-119
1.25269e+06	1.53167e-118
1.25279e+06	1.53962e-117
1.25289e+06	1.53221e-116
1.25299e+06	1.50966e-115
1.25309e+06	1.47264e-114
1.25319e+06	1.42224e-113
1.25329e+06	1.3599e-112
1.25339e+06	1.28735e-111
1.25349e+06	1.20655e-110
1.25359e+06	1.11957e-109
1.25369e+06	1.02852e-108
1.25379e+06	9.35473e-108
1.25389e+06	8.42379e-107
1.25399e+06	7.51003e-106
1.25409e+06	6.62876e-105
1.25419e+06	5.79269e-104
1.25429e+06	5.01171e-103
1.25439e+06	4.29288e-102
1.25449e+06	3.64056e-101
1.25459e+06	3.05665e-100
1.25469e+06	2.54085e-99
1.25479e+06	2.09108e-98
1.25489e+06	1.7038e-97
1.25499e+06	1.37444e-96
1.25509e+06	1.09771e-95
1.25519e+06	8.67978e-95
1.25529e+06	6.79495e-94
1.25539e+06	5.26648e-93
1.25549e+06	4.04122e-92
1.25559e+06	3.07017e-91
1.25569e+06	2.30923e-90
1.25579e+06	1.71962e-89
1.25589e+06	1.26781e-88
1.25599e+06	9.25402e-88
1.25609e+06	6.68753e-87
1.25619e+06	4.78474e-86
1.25629e+06	3.38928e-85
1.25639e+06	2.37692e-84
1.25649e+06	1.65036e-83
1.25659e+06	1.13449e-82
1.25669e+06	7.7211e-82
1.25679e+06	5.20253e-81
1.25689e+06	3.47063e-80
1.25699e+06	2.29223e-79
1.25709e+06	1.49888e-78
1.25719e+06	9.70355e-78
1.25729e+06	6.21946e-77
1.25739e+06	3.94668e-76
1.25749e+06	2.47952e-75
1.25759e+06	1.54228e-74
1.25769e+06	9.49758e-74
1.25779e+06	5.79057e-73
1.25789e+06	3.49532e-72
1.25799e+06	2.08886e-71
1.25809e+06	1.23592e-70
1.25819e+06	7.23981e-70
1.25829e+06	4.19876e-69
1.25839e+06	2.41087e-68
1.25849e+06	1.37051e-67
1.25859e+06	7.71345e-67
1.25869e+06	4.29806e-66
1.25879e+06	2.37112e-65
1.25889e+06	1.29507e-64
1.25899e+06	7.00306e-64
1.25909e+06	3.74922e-63
1.25919e+06	1.98724e-62
1.25929e+06	1.04284e-61
1.25939e+06	5.41806e-61
1.25949e+06	2.78693e-60
1.25959e+06	1.41927e-59
1.25969e+06	7.15587e-59
1.25979e+06	3.57205e-58
1.25989e+06	1.76534e-57
1.25999e+06	8.63771e-57
1.26009e+06	4.18432e-56
1.26019e+06	2.00682e-55
1.26029e+06	9.52908e-55
1.26039e+06	4.47971e-54
1.26049e+06	2.085e-53
1.26059e+06	9.60773e-53
1.26069e+06	4.38321e-52
1.26079e+06	1.9798e-51
1.26089e+06	8.85337e-51
1.26099e+06	3.9197e-50
1.26109e+06	1.71813e-49
1.26119e+06	7.45616e-49
1.26129e+06	3.20356e-48
1.26139e+06	1.36272e-47
1.26149e+06	5.73906e-47
1.26159e+06	2.39294e-46
1.26169e+06	9.87827e-46
1.26179e+06	4.03727e-45
1.26189e+06	1.63362e-44
1.26199e+06	6.54448e-44
1.26209e+06	2.59571e-43
1.26219e+06	1.01928e-42
1.26229e+06	3.96271e-42
1.26239e+06	1.52527e-41
1.26249e+06	5.81248e-41
1.26259e+06	2.19297e-40
1.26269e+06	8.19151e-40
1.26279e+06	3.02938e-39
1.26289e+06	1.10918e-38
1.26299e+06	4.02076e-38
1.26309e+06	1.44303e-37
1.26319e+06	5.12743e-37
1.26329e+06	1.80378e-36
1.26339e+06	6.28242e-36
1.26349e+06	2.16636e-35
1.26359e+06	7.39593e-35
1.26369e+06	2.49986e-34
1.26379e+06	8.3656e-34
1.26389e+06	2.77166e-33
1.26399e+06	9.09165e-33
1.26409e+06	2.95261e-32
1.26419e+06	9.4936e-32
1.26429e+06	3.02215e-31
1.26439e+06	9.52496e-31
1.26449e+06	2.97216e-30
1.26459e+06	9.18211e-30
1.26469e+06	2.80851e-29
1.26479e+06	8.50493e-29
1.26489e+06	2.54994e-28
1.26499e+06	7.56923e-28
1.26509e+06	2.22453e-27
1.26519e+06	6.47274e-27
1.26529e+06	1.86468e-26
1.26539e+06	5.31844e-26
1.26549e+06	1.50187e-25
1.26559e+06	4.19898e-25
1.26569e+06	1.16232e-24
1.26579e+06	3.18547e-24
1.26589e+06	8.64351e-24
1.26599e+06	2.32208e-23
1.26609e+06	6.17638e-23
1.26619e+06	1.62653e-22
1.26629e+06	4.24095e-22
1.26639e+06	1.0948e-21
1.26649e+06	2.79824e-21
1.26659e+06	7.08122e-21
1.26669e+06	1.77422e-20
1.26679e+06	4.40136e-20
1.26689e+06	1.08105e-19
1.26699e+06	2.62896e-19
1.26709e+06	6.33004e-19
1.26719e+06	1.50908e-18
1.26729e+06	3.5621e-18
1.26739e+06	8.32506e-18
1.26749e+06	1.92646e-17
1.26759e+06	4.41391e-17
1.26769e+06	1.00134e-16
1.26779e+06	2.24926e-16
1.26789e+06	5.00263e-16
1.26799e+06	1.10169e-15
1.26809e+06	2.40229e-15
1.26819e+06	5.18684e-15
1.26829e+06	1.1089e-14
1.26839e+06	2.34747e-14
1.26849e+06	4.9207e-14
1.26859e+06	1.02136e-13
1.26869e+06	2.09923e-13
1.26879e+06	4.27243e-13
1.26889e+06	8.61051e-13
1.26899e+06	1.71841e-12
1.26909e+06	3.39605e-12
1.26919e+06	6.64624e-12
1.26929e+06	1.28807e-11
1.26939e+06	2.47213e-11
1.26949e+06	4.69871e-11
1.26959e+06	8.84437e-11
1.26969e+06	1.64871e-10
1.26979e+06	3.04382e-10
1.26989e+06	5.56543e-10
1.26999e+06	1.00784e-09
1.27009e+06	1.80763e-09
1.27019e+06	3.21114e-09
1.27029e+06	5.65004e-09
1.27039e+06	9.84681e-09
1.27049e+06	1.69982e-08
1.27059e+06	2.90659e-08
1.27069e+06	4.92322e-08
1.27079e+06	8.2606e-08
1.27089e+06	1.37304e-07
1.27099e+06	2.26086e-07
1.27109e+06	3.68806e-07
1.27119e+06	5.96029e-07
1.27129e+06	9.54323e-07
1.27139e+06	1.51389e-06
1.27149e+06	2.37946e-06
1.27159e+06	3.70561e-06
1.27169e+06	5.71809e-06
1.27179e+06	8.74311e-06
1.27189e+06	1.3247e-05
1.27199e+06	1.98891e-05
1.27209e+06	2.95921e-05
1.27219e+06	4.36323e-05
1.27229e+06	6.37566e-05
1.27239e+06	9.23285e-05
1.27249e+06	0.000132511
1.27259e+06	0.000188487
1.27269e+06	0.000265726
1.27279e+06	0.000371293
1.27289e+06	0.000514207
1.27299e+06	0.000705833
1.27309e+06	0.000960317
1.27319e+06	0.00129503
1.27329e+06	0.001731
1.27339e+06	0.00229337
1.27349e+06	0.00301166
1.27359e+06	0.00392008
1.27369e+06	0.00505751
1.27379e+06	0.00646741
1.27389e+06	0.00819731
1.27399e+06	0.010298
1.27409e+06	0.0128225
1.27419e+06	0.0158241
1.27429e+06	0.0193547
1.27439e+06	0.0234621
1.27449e+06	0.028187
1.27459e+06	0.03356
1.27469e+06	0.0395983
1.27479e+06	0.0463021
1.27489e+06	0.0536515
1.27499e+06	0.0616039
1.27509e+06	0.0700919
1.27519e+06	0.0790218
1.27529e+06	0.0882741
1.27539e+06	0.0977043
1.27549e+06	0.107146
1.27559e+06	0.116414
1.27569e+06	0.125311
1.27579e+06	0.133633
1.27589e+06	0.141179
1.27599e+06	0.147755
1.27609e+06	0.153187
1.27619e+06	0.157323
1.27629e+06	0.160047
1.27639e+06	0.161277
1.27649e+06	0.160974
1.27659e+06	0.159144
1.27669e+06	0.155835
1.27679e+06	0.151136
1.27689e+06	0.145175
1.27699e+06	0.138111
1.27709e+06	0.130127
1.27719e+06	0.121423
1.27729e+06	0.112207
1.27739e+06	0.102689
1.27749e+06	0.0930672
1.27759e+06	0.0835289
1.27769e+06	0.0742397
1.27779e+06	0.0653415
1.27789e+06	0.0569496
1.27799e+06	0.0491512
1.27809e+06	0.0420064
1.27819e+06	0.0355491
1.27829e+06	0.02979
1.27839e+06	0.0247192
1.27849e+06	0.0203104
1.27859e+06	0.0165242
1.27869e+06	0.0133117
1.27879e+06	0.0106183
1.27889e+06	0.00838651
1.27899e+06	0.00655862
1.27909e+06	0.00507862
1.27919e+06	0.00389386
1.27929e+06	0.0029561
1.27939e+06	0.00222213
1.27949e+06	0.00165403
1.27959e+06	0.00121921
1.27969e+06	0.000890087
1.27979e+06	0.000643782
1.27989e+06	0.000461578
1.27999e+06	0.000328424
1.28009e+06	0.000232403
1.28019e+06	0.000164218
1.28029e+06	0.000116735
1.28039e+06	8.45663e-05
1.28049e+06	6.37097e-05
1.28059e+06	5.12512e-05
1.28069e+06	4.51134e-05
1.28079e+06	4.38526e-05
1.28089e+06	4.64974e-05
1.28099e+06	5.2419e-05
1.28109e+06	6.12309e-05
1.28119e+06	7.27086e-05
1.28129e+06	8.67273e-05
1.28139e+06	0.000103212
1.28149e+06	0.0001221
1.28159e+06	0.000143306
1.28169e+06	0.000166701
1.28179e+06	0.000192092
1.28189e+06	0.00021921
1.28199e+06	0.000247704
1.28209e+06	0.000277137
1.28219e+06	0.000306995
1.28229e+06	0.000336692
1.28239e+06	0.000365592
1.28249e+06	0.000393024
1.28259e+06	0.000418311
1.28269e+06	0.000440796
1.28279e+06	0.000459868
1.28289e+06	0.000474993
1.28299e+06	0.000485733
1.28309e+06	0.000491773
1.28319e+06	0.000492936
1.28329e+06	0.000489186
1.28339e+06	0.000480636
1.28349e+06	0.000467541
1.28359e+06	0.000450283
1.28369e+06	0.000429359
1.28379e+06	0.000405353
1.28389e+06	0.000378915
1.28399e+06	0.000350733
1.28409e+06	0.000321511
1.28419e+06	0.000291949
1.28429e+06	0.000262724
1.28439e+06	0.00023449
1.28449e+06	0.000207879
1.28459e+06	0.00018352
1.28469e+06	0.000162073
1.28479e+06	0.000144284
1.28489e+06	0.000131059
1.28499e+06	0.000123578
1.28509e+06	0.000123433
1.28519e+06	0.000132814
1.28529e+06	0.000154747
1.28539e+06	0.000193388
1.28549e+06	0.000254389
1.28559e+06	0.000345332
1.28569e+06	0.000476251
1.28579e+06	0.000660227
1.28589e+06	0.000914055
1.28599e+06	0.00125897
1.28609e+06	0.0017214
1.28619e+06	0.00233372
1.28629e+06	0.00313492
1.28639e+06	0.00417113
1.28649e+06	0.00549597
1.28659e+06	0.0071705
1.28669e+06	0.00926282
1.28679e+06	0.0118471
1.28689e+06	0.0150019
1.28699e+06	0.018808
1.28709e+06	0.0233453
1.28719e+06	0.028689
1.28729e+06	0.0349051
1.28739e+06	0.0420455
1.28749e+06	0.0501428
1.28759e+06	0.0592044
1.28769e+06	0.069208
1.28779e+06	0.0800969
1.28789e+06	0.0917768
1.28799e+06	0.104113
1.28809e+06	0.116933
1.28819e+06	0.130025
1.28829e+06	0.143143
1.28839e+06	0.156017
1.28849e+06	0.168357
1.28859e+06	0.179865
1.28869e+06	0.190248
1.28879e+06	0.199228
1.28889e+06	0.206556
1.28899e+06	0.212023
1.28909e+06	0.215469
1.28919e+06	0.216792
1.28929e+06	0.215953
1.28939e+06	0.212976
1.28949e+06	0.207951
1.28959e+06	0.201024
1.28969e+06	0.192394
1.28979e+06	0.182302
1.28989e+06	0.171021
1.28999e+06	0.158842
1.29009e+06	0.146062
1.29019e+06	0.132974
1.29029e+06	0.119854
1.29039e+06	0.106953
1.29049e+06	0.094492
1.29059e+06	0.0826518
1.29069e+06	0.0715759
1.29079e+06	0.0613674
1.29089e+06	0.0520914
1.29099e+06	0.0437776
1.29109e+06	0.0364246
1.29119e+06	0.030005
1.29129e+06	0.0244709
1.29139e+06	0.019759
1.29149e+06	0.0157956
1.29159e+06	0.0125015
1.29169e+06	0.00979598
1.29179e+06	0.00759958
1.29189e+06	0.00583699
1.29199e+06	0.00443859
1.29209e+06	0.00334163
1.29219e+06	0.00249074
1.29229e+06	0.00183805
1.29239e+06	0.0013429
1.29249e+06	0.000971376
1.29259e+06	0.000695656
1.29269e+06	0.000493256
1.29279e+06	0.000346289
1.29289e+06	0.000240735
1.29299e+06	0.000165762
1.29309e+06	0.00011312
1.29319e+06	7.66212e-05
1.29329e+06	5.16952e-05
1.29339e+06	3.5031e-05
1.29349e+06	2.42892e-05
1.29359e+06	1.78818e-05
1.29369e+06	1.48112e-05
1.29379e+06	1.45606e-05
1.29389e+06	1.70305e-05
1.29399e+06	2.25169e-05
1.29409e+06	3.17294e-05
1.29419e+06	4.58458e-05
1.29429e+06	6.66064e-05
1.29439e+06	9.64466e-05
1.29449e+06	0.000138671
1.29459e+06	0.000197669
1.29469e+06	0.000279174
1.29479e+06	0.000390566
1.29489e+06	0.000541208
1.29499e+06	0.000742817
1.29509e+06	0.00100986
1.29519e+06	0.00135993
1.29529e+06	0.00181416
1.29539e+06	0.00239753
1.29549e+06	0.00313913
1.29559e+06	0.00407233
1.29569e+06	0.00523481
1.29579e+06	0.0066684
1.29589e+06	0.00841872
1.29599e+06	0.0105346
1.29609e+06	0.0130673
1.29619e+06	0.0160695
1.29629e+06	0.0195937
1.29639e+06	0.0236913
1.29649e+06	0.0284105
1.29659e+06	0.0337946
1.29669e+06	0.0398803
1.29679e+06	0.0466957
1.29689e+06	0.0542583
1.29699e+06	0.0625738
1.29709e+06	0.0716338
1.29719e+06	0.0814146
1.29729e+06	0.0918761
1.29739e+06	0.10296
1.29749e+06	0.114591
1.29759e+06	0.126673
1.29769e+06	0.13909
1.29779e+06	0.15171
1.29789e+06	0.16438
1.29799e+06	0.17693
1.29809e+06	0.189176
1.29819e+06	0.200921
1.29829e+06	0.21196
1.29839e+06	0.222085
1.29849e+06	0.231088
1.29859e+06	0.23877
1.29869e+06	0.244948
1.29879e+06	0.249461
1.29889e+06	0.252174
1.29899e+06	0.252993
1.29909e+06	0.251859
1.29919e+06	0.248763
1.29929e+06	0.243741
1.29939e+06	0.236876
1.29949e+06	0.228299
1.29959e+06	0.218182
1.29969e+06	0.206733
1.29979e+06	0.194189
1.29989e+06	0.180806
1.29999e+06	0.166851
1.30009e+06	0.152591
1.30019e+06	0.138285
1.30029e+06	0.124173
1.30039e+06	0.110473
1.30049e+06	0.0973704
1.30059e+06	0.0850184
1.30069e+06	0.073534
1.30079e+06	0.0629985
1.30089e+06	0.0534585
1.30099e+06	0.0449293
1.30109e+06	0.0373983
1.30119e+06	0.0308295
1.30129e+06	0.0251687
1.30139e+06	0.020348
1.30149e+06	0.0162907
1.30159e+06	0.0129154
1.30169e+06	0.0101395
1.30179e+06	0.00788253
1.30189e+06	0.00606816
1.30199e+06	0.00462598
1.30209e+06	0.00349251
1.30219e+06	0.00261167
1.30229e+06	0.00193493
1.30239e+06	0.00142104
1.30249e+06	0.00103551
1.30259e+06	0.000750033
1.30269e+06	0.000541706
1.30279e+06	0.00039232
1.30289e+06	0.000287615
1.30299e+06	0.000216601
1.30309e+06	0.000170944
1.30319e+06	0.000144427
1.30329e+06	0.000132483
1.30339e+06	0.000131813
1.30349e+06	0.00014006
1.30359e+06	0.000155551
1.30369e+06	0.000177091
1.30379e+06	0.000203793
1.30389e+06	0.000234958
1.30399e+06	0.000269967
1.30409e+06	0.000308221
1.30419e+06	0.000349082
1.30429e+06	0.000391844
1.30439e+06	0.000435719
1.30449e+06	0.000479837
1.30459e+06	0.000523252
1.30469e+06	0.00056497
1.30479e+06	0.000603976
1.30489e+06	0.00063927
1.30499e+06	0.000669908
1.30509e+06	0.000695044
1.30519e+06	0.000713965
1.30529e+06	0.000726131
1.30539e+06	0.000731201
1.30549e+06	0.000729053
1.30559e+06	0.0007198
1.30569e+06	0.000703792
1.30579e+06	0.000681616
1.30589e+06	0.000654091
1.30599e+06	0.000622262
1.30609e+06	0.000587402
1.30619e+06	0.000551022
1.30629e+06	0.000514904
1.30639e+06	0.000481159
1.30649e+06	0.000452329
1.30659e+06	0.000431528
1.30669e+06	0.000422653
1.30679e+06	0.00043066
1.30689e+06	0.000461924
1.30699e+06	0.000524697
1.30709e+06	0.000629653
1.30719e+06	0.00079055
1.30729e+06	0.00102498
1.30739e+06	0.00135519
1.30749e+06	0.00180901
1.30759e+06	0.00242075
1.30769e+06	0.00323209
1.30779e+06	0.00429285
1.30789e+06	0.00566159
1.30799e+06	0.00740587
1.30809e+06	0.00960211
1.30819e+06	0.0123349
1.30829e+06	0.0156955
1.30839e+06	0.01978
1.30849e+06	0.0246859
1.30859e+06	0.0305087
1.30869e+06	0.0373364
1.30879e+06	0.045245
1.30889e+06	0.0542914
1.30899e+06	0.0645076
1.30909e+06	0.0758941
1.30919e+06	0.0884139
1.30929e+06	0.101988
1.30939e+06	0.11649
1.30949e+06	0.131748
1.30959e+06	0.147541
1.30969e+06	0.163605
1.30979e+06	0.179636
1.30989e+06	0.195301
1.30999e+06	0.210247
1.31009e+06	0.224114
1.31019e+06	0.236551
1.31029e+06	0.247228
1.31039e+06	0.255852
1.31049e+06	0.262179
1.31059e+06	0.266027
1.31069e+06	0.267287
1.31079e+06	0.265921
1.31089e+06	0.26197
1.31099e+06	0.255552
1.31109e+06	0.246852
1.31119e+06	0.236117
1.31129e+06	0.223642
1.31139e+06	0.209757
1.31149e+06	0.194815
1.31159e+06	0.179174
1.31169e+06	0.163183
1.31179e+06	0.147174
1.31189e+06	0.131445
1.31199e+06	0.116258
1.31209e+06	0.101828
1.31219e+06	0.0883259
1.31229e+06	0.0758734
1.31239e+06	0.0645474
1.31249e+06	0.0543829
1.31259e+06	0.0453783
1.31269e+06	0.0375011
1.31279e+06	0.0306944
1.31289e+06	0.024883
1.31299e+06	0.0199795
1.31309e+06	0.0158896
1.31319e+06	0.0125171
1.31329e+06	0.00976704
1.31339e+06	0.0075493
1.31349e+06	0.00578025
1.31359e+06	0.00438428
1.31369e+06	0.00329438
1.31379e+06	0.0024524
1.31389e+06	0.0018087
1.31399e+06	0.00132164
1.31409e+06	0.000956875
1.31419e+06	0.000686447
1.31429e+06	0.000487967
1.31439e+06	0.000343736
1.31449e+06	0.000239956
1.31459e+06	0.00016601
1.31469e+06	0.00011383
1.31479e+06	7.73606e-05
1.31489e+06	5.21136e-05
1.31499e+06	3.47996e-05
1.31509e+06	2.30365e-05
1.31519e+06	1.51183e-05
1.31529e+06	9.83703e-06
1.31539e+06	6.34635e-06
1.31549e+06	4.05986e-06
1.31559e+06	2.57545e-06
1.31569e+06	1.62024e-06
1.31579e+06	1.01091e-06
1.31589e+06	6.25586e-07
1.31599e+06	3.83994e-07
1.31609e+06	2.33803e-07
1.31619e+06	1.41218e-07
1.31629e+06	8.46192e-08
1.31639e+06	5.03045e-08
1.31649e+06	2.96705e-08
1.31659e+06	1.73636e-08
1.31669e+06	1.00826e-08
1.31679e+06	5.80942e-09
1.31689e+06	3.32151e-09
1.31699e+06	1.88447e-09
1.31709e+06	1.06096e-09
1.31719e+06	5.9275e-10
1.31729e+06	3.28631e-10
1.31739e+06	1.80803e-10
1.31749e+06	9.87106e-11
1.31759e+06	5.34777e-11
1.31769e+06	2.87491e-11
1.31779e+06	1.53358e-11
1.31789e+06	8.11721e-12
1.31799e+06	4.26292e-12
1.31809e+06	2.22122e-12
1.31819e+06	1.14825e-12
1.31829e+06	5.88878e-13
1.31839e+06	2.99592e-13
1.31849e+06	1.51193e-13
1.31859e+06	7.5683e-14
1.31869e+06	3.75759e-14
1.31879e+06	1.85027e-14
1.31889e+06	9.03545e-15
1.31899e+06	4.37548e-15
1.31909e+06	2.10104e-15
1.31919e+06	1.00035e-15
1.31929e+06	4.72221e-16
1.31939e+06	2.21e-16
1.31949e+06	1.02533e-16
1.31959e+06	4.71559e-17
1.31969e+06	2.14972e-17
1.31979e+06	9.71354e-18
1.31989e+06	4.35009e-18
1.31999e+06	1.93073e-18
1.32009e+06	8.49225e-19
1.32019e+06	3.70154e-19
1.32029e+06	1.59875e-19
1.32039e+06	6.84216e-20
1.32049e+06	2.90138e-20
1.32059e+06	1.21898e-20
1.32069e+06	5.07397e-21
1.32079e+06	2.0924e-21
1.32089e+06	8.54814e-22
1.32099e+06	3.45948e-22
1.32109e+06	1.38692e-22
1.32119e+06	5.50776e-23
1.32129e+06	2.16657e-23
1.32139e+06	8.44169e-24
1.32149e+06	3.25788e-24
1.32159e+06	1.24531e-24
1.32169e+06	4.71462e-25
1.32179e+06	1.7678e-25
1.32189e+06	6.56486e-26
1.32199e+06	2.41445e-26
1.32209e+06	8.79427e-27
1.32219e+06	3.17222e-27
1.32229e+06	1.13319e-27
1.32239e+06	4.00876e-28
1.32249e+06	1.40436e-28
1.32259e+06	4.87192e-29
1.32269e+06	1.67368e-29
1.32279e+06	5.69363e-30
1.32289e+06	1.91805e-30
1.32299e+06	6.40081e-31
1.32309e+06	2.12362e-31
1.32319e+06	7.26209e-32
1.32329e+06	3.40623e-32
1.32339e+06	4.57077e-32
1.32349e+06	1.28135e-31
1.32359e+06	4.07732e-31
1.32369e+06	1.30341e-30
1.32379e+06	4.13108e-30
1.32389e+06	1.29648e-29
1.32399e+06	4.02839e-29
1.32409e+06	1.23924e-28
1.32419e+06	3.77428e-28
1.32429e+06	1.13808e-27
1.32439e+06	3.39755e-27
1.32449e+06	1.00419e-26
1.32459e+06	2.9385e-26
1.32469e+06	8.51318e-26
1.32479e+06	2.44183e-25
1.32489e+06	6.93418e-25
1.32499e+06	1.94954e-24
1.32509e+06	5.42658e-24
1.32519e+06	1.49547e-23
1.32529e+06	4.08025e-23
1.32539e+06	1.10218e-22
1.32549e+06	2.94765e-22
1.32559e+06	7.80469e-22
1.32569e+06	2.04594e-21
1.32579e+06	5.30991e-21
1.32589e+06	1.36439e-20
1.32599e+06	3.47095e-20
1.32609e+06	8.74207e-20
1.32619e+06	2.17991e-19
1.32629e+06	5.38168e-19
1.32639e+06	1.31539e-18
1.32649e+06	3.18311e-18
1.32659e+06	7.62612e-18
1.32669e+06	1.80889e-17
1.32679e+06	4.24795e-17
1.32689e+06	9.87652e-17
1.32699e+06	2.27345e-16
1.32709e+06	5.18113e-16
1.32719e+06	1.16902e-15
1.32729e+06	2.6114e-15
1.32739e+06	5.77543e-15
1.32749e+06	1.2646e-14
1.32759e+06	2.74143e-14
1.32769e+06	5.88384e-14
1.32779e+06	1.25026e-13
1.32789e+06	2.63026e-13
1.32799e+06	5.4784e-13
1.32809e+06	1.12971e-12
1.32819e+06	2.30641e-12
1.32829e+06	4.6619e-12
1.32839e+06	9.32928e-12
1.32849e+06	1.84838e-11
1.32859e+06	3.62569e-11
1.32869e+06	7.04123e-11
1.32879e+06	1.35383e-10
1.32889e+06	2.57713e-10
1.32899e+06	4.85698e-10
1.32909e+06	9.06264e-10
1.32919e+06	1.67417e-09
1.32929e+06	3.06199e-09
1.32939e+06	5.54454e-09
1.32949e+06	9.93996e-09
1.32959e+06	1.76426e-08
1.32969e+06	3.10025e-08
1.32979e+06	5.39373e-08
1.32989e+06	9.29053e-08
1.32999e+06	1.58434e-07
1.33009e+06	2.67495e-07
1.33019e+06	4.47137e-07
1.33029e+06	7.39987e-07
1.33039e+06	1.21245e-06
1.33049e+06	1.96682e-06
1.33059e+06	3.1588e-06
1.33069e+06	5.02272e-06
1.33079e+06	7.90703e-06
1.33089e+06	1.23239e-05
1.33099e+06	1.90168e-05
1.33109e+06	2.90528e-05
1.33119e+06	4.39438e-05
1.33129e+06	6.5806e-05
1.33139e+06	9.75647e-05
1.33149e+06	0.000143212
1.33159e+06	0.000208125
1.33169e+06	0.000299452
1.33179e+06	0.000426571
1.33189e+06	0.000601608
1.33199e+06	0.000840032
1.33209e+06	0.00116128
1.33219e+06	0.00158942
1.33229e+06	0.00215378
1.33239e+06	0.0028895
1.33249e+06	0.003838
1.33259e+06	0.00504717
1.33269e+06	0.00657129
1.33279e+06	0.0084706
1.33289e+06	0.0108103
1.33299e+06	0.0136592
1.33309e+06	0.0170872
1.33319e+06	0.0211632
1.33329e+06	0.0259508
1.33339e+06	0.0315053
1.33349e+06	0.0378685
1.33359e+06	0.0450646
1.33369e+06	0.0530953
1.33379e+06	0.0619356
1.33389e+06	0.0715299
1.33399e+06	0.0817897
1.33409e+06	0.0925922
1.33419e+06	0.10378
1.33429e+06	0.115165
1.33439e+06	0.12653
1.33449e+06	0.137635
1.33459e+06	0.148229
1.33469e+06	0.158054
1.33479e+06	0.166857
1.33489e+06	0.174403
1.33499e+06	0.180481
1.33509e+06	0.184918
1.33519e+06	0.187584
1.33529e+06	0.188403
1.33539e+06	0.187348
1.33549e+06	0.184453
1.33559e+06	0.179804
1.33569e+06	0.173534
1.33579e+06	0.165825
1.33589e+06	0.15689
1.33599e+06	0.146966
1.33609e+06	0.136308
1.33619e+06	0.125173
1.33629e+06	0.113811
1.33639e+06	0.102458
1.33649e+06	0.0913266
1.33659e+06	0.0806009
1.33669e+06	0.0704331
1.33679e+06	0.0609412
1.33689e+06	0.0522091
1.33699e+06	0.0442878
1.33709e+06	0.0371988
1.33719e+06	0.0309376
1.33729e+06	0.0254775
1.33739e+06	0.0207754
1.33749e+06	0.0167751
1.33759e+06	0.0134126
1.33769e+06	0.0106193
1.33779e+06	0.00832571
1.33789e+06	0.00646392
1.33799e+06	0.00496968
1.33809e+06	0.00378379
1.33819e+06	0.00285298
1.33829e+06	0.00213037
1.33839e+06	0.00157546
1.33849e+06	0.00115389
1.33859e+06	0.000837031
1.33869e+06	0.000601382
1.33879e+06	0.000427963
1.33889e+06	0.000301664
1.33899e+06	0.000210631
1.33909e+06	0.000145686
1.33919e+06	9.98228e-05
1.33929e+06	6.77612e-05
1.33939e+06	4.55716e-05
1.33949e+06	3.03663e-05
1.33959e+06	2.00494e-05
1.33969e+06	1.31175e-05
1.33979e+06	8.50482e-06
1.33989e+06	5.46485e-06
1.33999e+06	3.48034e-06
1.34009e+06	2.19699e-06
1.34019e+06	1.37478e-06
1.34029e+06	8.52851e-07
1.34039e+06	5.24547e-07
1.34049e+06	3.19894e-07
1.34059e+06	1.93453e-07
1.34069e+06	1.16019e-07
1.34079e+06	6.90099e-08
1.34089e+06	4.07152e-08
1.34099e+06	2.38288e-08
1.34109e+06	1.38351e-08
1.34119e+06	7.96958e-09
1.34129e+06	4.55501e-09
